Part_1_SDMs/env_data/future_climate_2070_RCP_8.5/bioclim_7.asc
NCOLS 444 
NROWS 438 
XLLCORNER -19 
YLLCORNER -35 
CELLSIZE 0.166666666666667 
NODATA_value -32768 
[rows 140 to 174 of 438, columns 79 to 157 of 444]
283 285 286 287 288 287 285 281 279 275 271 270 268 266 265 264 264 264 263 263 262 261 260 260 258 257 256 256 257 258 260 263 266 268 270 269 264 258 254 250 248 247 246 246 247 248 248 249 248 246 245 243 240 238 239 249 253 253 253 253 252 252 251 252 252 252 252 250 249 249 249 249 250 252 253 254 255 256 256
285 287 289 290 291 290 287 284 279 276 272 269 268 266 264 264 264 263 262 261 260 259 257 256 255 253 253 253 254 255 258 262 265 269 271 270 266 261 256 252 249 247 246 246 246 247 247 247 246 244 242 240 237 235 236 250 253 251 250 249 248 248 248 248 248 248 247 246 245 245 245 245 247 249 251 253 254 255 255
286 289 290 291 292 293 289 284 280 275 272 269 267 266 264 262 260 260 259 258 257 256 254 253 251 250 251 250 251 252 255 260 265 269 273 271 267 261 256 251 249 247 246 245 246 246 247 246 245 243 242 239 236 235 236 241 245 245 245 244 244 244 244 244 244 243 242 242 242 241 241 242 243 246 249 252 253 254 255
287 290 291 290 289 290 287 282 278 274 271 268 266 265 262 260 258 256 256 256 254 253 251 249 248 247 246 246 247 249 252 257 263 268 273 272 266 260 255 251 249 247 246 245 245 245 247 247 246 244 242 239 237 236 236 237 239 240 241 240 240 240 241 240 240 239 239 239 239 239 239 239 241 243 247 251 253 254 255
289 292 290 288 286 284 281 278 275 271 268 266 264 262 258 255 253 252 253 252 252 250 248 246 244 244 243 242 244 246 249 254 259 264 267 267 263 259 254 250 248 246 245 245 246 248 249 250 248 245 243 240 238 237 235 235 237 236 237 237 237 238 238 239 238 237 237 237 238 238 239 240 242 245 247 250 253 254 255
291 294 291 286 282 278 276 273 270 267 265 262 259 256 252 249 247 247 247 248 249 247 245 243 242 240 240 240 241 243 246 250 253 258 260 260 258 255 252 250 248 247 247 247 249 250 252 253 250 247 244 241 239 237 235 235 234 234 233 233 234 235 236 237 237 237 237 237 238 239 241 242 243 246 248 251 253 255 255
289 293 288 283 277 272 269 267 265 262 259 255 254 250 245 242 240 239 241 244 247 244 242 239 238 237 236 237 238 239 241 245 248 251 253 254 254 252 250 249 248 248 248 249 250 252 255 257 253 248 245 241 239 236 235 233 232 232 231 231 233 233 235 235 236 237 238 238 239 240 241 242 244 246 249 252 255 257 256
278 283 281 277 272 267 263 261 260 257 253 250 246 242 237 234 233 233 234 237 239 238 236 234 234 234 233 233 233 235 237 239 242 245 247 248 248 248 247 246 246 246 247 248 249 251 254 254 251 248 244 241 238 236 233 232 230 229 229 230 231 232 234 235 236 238 239 240 240 241 242 243 245 247 249 252 255 258 257
268 273 272 270 266 262 259 257 256 252 248 244 239 235 231 227 225 226 227 229 230 229 229 230 230 230 229 229 229 230 232 234 236 238 240 242 243 244 244 244 244 245 246 247 249 250 251 251 250 247 243 240 237 234 232 230 229 229 229 230 230 232 233 235 237 239 241 241 242 242 242 243 245 247 249 251 253 255 256
261 264 265 264 262 259 256 254 252 248 243 239 235 231 226 221 218 220 221 222 221 221 223 226 227 227 227 226 225 226 228 229 231 232 234 236 238 240 241 241 242 243 245 246 247 249 249 249 248 245 241 238 235 233 231 229 228 227 228 228 229 230 232 235 237 239 242 243 242 242 243 243 244 246 248 249 250 253 254
255 258 259 259 257 254 252 250 247 243 239 235 230 226 222 218 216 217 217 218 218 217 220 223 224 225 225 224 224 224 224 226 227 228 230 232 235 237 238 239 240 241 242 243 244 245 245 245 244 242 239 237 234 231 229 228 227 227 227 227 228 230 232 234 235 237 240 242 242 242 242 242 243 243 245 247 248 249 251
251 253 253 253 252 250 249 247 243 239 235 231 227 223 218 216 215 216 216 217 218 218 220 222 224 225 224 223 223 222 222 223 224 225 227 229 231 232 235 236 237 238 238 240 241 242 242 242 241 239 237 234 232 230 228 227 226 226 226 226 227 229 231 232 234 236 238 239 240 240 241 240 241 241 242 244 245 246 248
247 248 248 248 248 247 245 242 238 235 232 229 224 218 215 214 215 215 217 218 220 221 221 223 225 225 224 223 221 219 219 220 221 222 223 225 227 228 231 233 233 234 235 236 238 239 239 239 237 236 234 232 230 228 226 225 225 223 224 225 226 227 228 230 233 234 236 237 238 238 238 238 238 238 240 240 242 243 244
243 243 243 244 244 242 241 237 234 232 230 226 222 216 213 214 215 216 218 221 222 223 223 225 226 226 224 221 220 217 216 217 218 219 221 222 224 226 227 228 229 230 231 232 233 234 235 235 234 233 231 230 228 226 224 223 223 221 222 223 224 225 227 228 230 232 233 235 235 235 236 235 236 235 236 236 238 239 240
241 241 239 240 240 239 237 235 231 230 228 224 220 216 214 214 215 217 220 222 225 224 224 227 228 226 223 219 217 215 213 214 215 216 217 219 221 223 224 225 225 226 227 229 229 230 231 230 230 230 229 227 225 223 221 220 220 219 221 222 223 224 226 227 228 230 231 232 232 232 232 233 232 232 231 232 233 234 236
238 238 237 237 237 236 234 233 230 229 226 222 218 215 214 213 215 218 219 221 223 225 225 227 228 224 219 215 212 210 210 210 212 213 213 215 218 220 221 221 222 222 224 225 226 227 227 228 227 227 226 225 223 222 220 217 218 218 219 220 221 222 224 225 227 228 229 229 230 230 229 229 228 228 228 228 229 230 231
235 235 234 234 233 231 230 229 229 228 224 221 216 214 212 213 215 218 219 219 220 221 221 224 224 220 215 210 207 205 204 204 205 207 208 210 213 215 216 216 217 218 219 220 222 223 224 225 224 224 224 222 221 220 217 216 215 216 218 219 220 221 223 223 224 225 225 226 226 225 225 225 225 224 224 224 225 226 227
232 232 231 230 229 226 226 226 228 227 223 218 214 211 210 211 213 216 215 215 215 216 216 216 216 213 209 205 202 200 199 197 196 198 202 205 208 209 210 211 212 213 214 216 217 218 220 221 222 223 223 223 221 219 216 214 214 215 216 217 218 220 221 222 222 223 222 222 223 222 222 221 221 220 220 220 221 221 222
229 230 228 227 225 224 224 225 228 227 221 215 211 208 207 208 210 211 211 210 210 210 210 209 208 206 204 200 197 196 195 194 193 195 198 201 203 204 205 206 207 208 210 211 213 214 216 218 219 220 221 222 222 220 217 215 214 215 216 218 218 220 221 222 222 221 220 220 220 219 219 218 218 217 216 215 216 217 218
228 228 225 223 222 221 222 224 229 225 216 211 207 204 203 203 203 204 205 204 204 203 203 203 202 199 197 195 193 192 191 190 191 192 195 197 199 200 200 200 201 203 204 206 208 210 212 213 216 218 221 223 223 222 219 217 216 215 216 217 218 220 221 222 223 221 219 218 217 216 214 215 214 213 213 212 213 212 212
225 223 220 217 216 215 215 215 215 209 209 206 202 199 197 196 195 197 197 197 196 196 196 196 195 194 192 190 189 188 187 188 189 190 193 195 196 196 195 195 197 198 200 201 202 204 206 209 211 215 219 222 225 223 220 217 215 215 216 217 219 222 224 225 223 221 219 217 214 212 211 211 210 210 209 208 208 207 208
217 216 213 210 208 205 205 200 197 196 200 199 196 194 191 190 189 190 191 191 191 191 191 191 191 190 189 188 187 186 186 185 186 187 189 192 194 195 194 193 193 194 195 196 197 199 201 204 207 211 216 220 223 222 219 216 215 215 215 215 218 222 224 225 223 221 217 215 213 210 209 207 206 206 205 205 204 203 203
213 212 208 203 201 199 198 193 195 194 193 192 191 189 186 184 184 185 185 185 185 185 185 186 186 185 185 185 185 184 183 183 184 186 188 190 193 194 194 192 191 189 190 191 191 193 196 199 202 206 210 213 216 215 214 212 212 212 213 213 216 220 224 226 223 220 216 214 210 207 205 203 203 202 201 201 200 200 200
210 207 201 198 196 195 195 194 191 189 189 188 187 186 184 183 183 182 181 180 179 180 180 180 181 182 182 183 183 182 180 181 182 184 186 188 191 194 194 192 189 186 185 186 188 189 190 193 197 200 203 206 208 210 210 208 208 209 209 211 215 219 220 222 220 217 213 210 206 204 201 200 199 198 197 197 197 197 197
204 201 198 195 193 192 190 189 187 185 185 184 184 184 183 183 181 180 177 175 174 175 175 175 177 178 179 179 179 179 180 179 180 181 182 187 191 195 195 191 186 182 182 185 185 186 186 188 191 194 196 198 200 202 202 202 203 203 206 208 211 215 217 217 215 212 208 206 203 201 199 197 196 195 193 193 192 193 194
199 196 193 190 186 183 183 184 183 182 181 181 181 181 182 183 180 177 174 170 168 169 170 171 172 173 175 175 176 176 176 177 179 180 182 187 192 198 196 190 184 179 181 182 181 181 182 183 185 187 189 191 193 195 196 196 198 200 202 205 208 210 212 212 209 207 205 202 199 198 196 194 192 191 190 190 189 189 190
194 192 190 186 181 176 178 179 180 179 178 178 178 179 180 182 179 175 171 167 164 164 166 167 168 170 171 172 172 173 173 174 176 177 180 184 190 195 193 187 181 177 178 179 177 177 177 178 180 182 184 185 187 188 188 190 194 196 198 201 204 205 207 206 203 202 199 197 195 193 191 190 188 187 187 186 186 185 185
192 189 186 184 181 178 177 178 178 177 176 176 176 176 177 177 175 171 167 163 160 161 163 164 165 166 167 168 169 170 170 171 173 174 175 179 183 186 185 182 178 174 173 174 173 174 175 177 179 181 182 183 184 184 184 187 190 192 195 196 198 201 201 200 199 197 195 193 191 189 187 185 185 184 184 184 183 183 182
189 187 185 184 182 180 178 178 176 176 176 175 175 174 175 174 173 169 166 162 160 160 161 163 163 162 164 165 166 166 167 168 170 172 173 175 178 180 180 178 176 175 174 173 171 172 174 177 180 182 183 183 183 182 182 184 186 189 191 193 194 196 197 195 195 193 191 189 187 185 183 181 180 180 181 180 179 178 178
188 187 186 185 183 180 179 177 176 176 174 173 174 173 173 172 171 168 166 164 162 162 161 161 160 161 162 163 164 165 166 167 169 169 171 172 174 176 176 177 177 178 175 173 172 173 175 178 180 183 184 184 183 182 181 182 183 185 187 189 190 191 192 191 190 189 187 185 183 181 179 177 176 176 176 176 176 175 175
185 184 184 185 183 180 178 176 176 175 173 173 172 172 171 170 169 168 167 165 163 162 162 162 161 162 163 163 163 163 164 165 167 168 169 170 171 173 174 176 177 177 175 173 173 174 175 177 180 183 185 184 182 181 179 180 180 181 182 184 185 186 187 186 185 184 183 181 180 177 176 175 174 174 174 173 173 172 172
183 182 183 182 180 178 176 175 174 173 172 172 171 171 169 169 168 168 167 167 165 165 164 163 162 163 164 164 163 163 164 164 165 166 167 168 170 172 173 174 176 177 176 174 173 173 174 176 179 183 185 183 181 179 178 177 177 178 178 179 181 181 182 182 182 180 179 177 176 175 174 172 172 171 171 171 169 168 168
181 180 180 179 177 176 174 174 173 172 171 171 170 170 169 168 168 168 169 169 167 166 165 165 164 164 164 165 165 165 164 165 165 165 166 168 170 171 171 173 175 175 173 174 173 173 174 174 176 178 180 179 178 177 176 176 175 175 175 176 177 178 179 178 178 177 176 174 172 171 170 170 170 168 168 168 168 168 165
178 178 177 176 174 174 172 171 170 169 169 169 169 169 167 167 168 168 169 169 169 167 167 166 164 164 165 164 165 166 165 166 165 166 166 167 169 171 172 174 176 180 177 175 172 171 170 171 171 172 173 173 173 172 172 171 172 172 172 172 172 173 174 175 175 174 173 171 169 169 167 166 166 166 166 166 166 166 164
176 175 174 172 172 172 170 169 168 168 168 168 169 167 166 166 166 166 167 169 168 167 166 166 165 164 165 165 165 165 166 165 166 166 166 167 168 170 172 173 176 180 178 174 170 169 168 167 166 166 167 169 169 169 169 169 169 169 169 169 169 169 171 170 169 169 169 169 168 167 165 164 164 164 164 164 164 163 162
