Part_1_SDMs/env_data/future_climate_2070_RCP_8.5/bioclim_19.asc
NCOLS 444 
NROWS 438 
XLLCORNER -19 
YLLCORNER -35 
CELLSIZE 0.166666666666667 
NODATA_value -32768 
[rows 216 to 251 of 438, columns 160 to 239 of 444]
-32768 -32768 -32768 -32768 -32768 -32768 -32768 -32768 -32768 -32768 -32768 -32768 411 489 468 395 354 325 302 287 278 178 180 286 289 187 188 297 302 310 315 323 331 339 347 354 362 373 387 400 402 398 397 400 401 406 419 436 299 300 297 301 478 475 475 471 469 587 585 585 586 600 604 606 608 609 611 613 618 625 635 646 657 669 680 688 693 694 690 683
-32768 -32768 -32768 -32768 -32768 -32768 -32768 -32768 -32768 -32768 -32768 417 410 464 425 365 333 307 289 278 271 268 165 280 283 282 281 173 288 292 298 306 312 319 326 333 341 351 361 370 380 377 378 382 388 397 414 426 315 311 308 314 315 486 484 481 597 593 590 589 590 593 598 599 601 601 603 604 578 585 598 641 654 666 678 688 693 695 695 691
-32768 -32768 -32768 -32768 -32768 -32768 -32768 -32768 -32768 -32768 -32768 396 390 406 378 343 313 292 277 267 260 258 147 264 267 267 267 153 158 275 281 288 293 300 306 312 319 326 335 344 355 357 361 368 373 387 400 342 341 333 324 328 331 496 495 489 602 598 594 593 582 587 591 593 594 596 597 598 599 584 602 621 637 649 658 683 689 692 693 692
-32768 -32768 -32768 -32768 -32768 -32768 -32768 -32768 -32768 -32768 368 368 362 364 342 313 292 276 262 253 246 127 127 129 131 133 134 135 138 143 148 271 276 281 286 291 174 179 187 194 333 343 346 351 358 370 383 362 364 355 349 346 348 505 502 497 606 569 597 596 573 579 583 586 588 591 593 595 600 596 611 628 645 657 666 672 686 689 693 693
-32768 -32768 -32768 -32768 -32768 -32768 -32768 -32768 -32768 -32768 338 336 327 319 306 287 273 259 248 238 109 108 108 108 110 111 115 117 122 127 132 137 142 145 148 153 157 162 169 177 186 196 327 334 342 356 368 384 388 379 372 367 365 513 510 505 608 604 600 599 565 571 575 579 582 586 590 595 598 608 622 640 657 667 674 679 682 684 686 693
-32768 -32768 -32768 -32768 -32768 -32768 -32768 -32768 -32768 -32768 317 307 289 275 270 263 250 240 231 218 88 88 88 88 91 94 98 102 107 112 117 122 127 133 135 138 140 145 154 162 171 182 188 316 326 339 351 405 400 398 391 387 383 520 517 513 609 605 602 600 599 563 568 572 578 583 589 597 606 615 633 649 664 675 679 685 690 693 694 693
-32768 -32768 -32768 -32768 -32768 -32768 -32768 -32768 -32768 72 246 263 253 239 237 237 230 220 212 199 71 72 73 72 74 79 83 87 93 98 104 109 114 119 123 125 129 132 140 149 158 168 175 184 311 323 337 420 413 414 407 404 399 528 524 520 608 604 602 601 600 556 561 566 573 581 590 599 609 619 627 656 669 680 687 692 696 699 701 691
-32768 -32768 -32768 -32768 -32768 -32768 -32768 -32768 -32768 -32768 -32768 214 213 206 205 205 208 202 193 59 60 61 61 60 62 67 71 76 82 88 94 98 103 107 110 114 118 123 130 137 147 154 161 171 180 312 322 431 427 426 421 418 540 535 530 527 606 603 601 599 599 599 554 561 439 580 591 601 612 621 630 663 675 685 692 698 703 707 708 712
-32768 -32768 -32768 -32768 -32768 -32768 -32768 -32768 -32768 165 164 165 174 175 173 183 185 180 52 163 51 52 51 51 52 56 61 65 71 78 83 88 92 97 101 104 109 115 121 128 136 142 149 158 283 298 311 320 442 438 435 432 548 542 537 533 604 600 599 395 399 402 407 415 426 442 592 604 616 625 633 639 680 690 698 704 709 713 716 719
-32768 -32768 -32768 -32768 -32768 -32768 -32768 -32768 -32768 -32768 134 136 143 148 149 153 158 158 45 44 45 44 42 43 46 49 51 56 62 68 74 80 84 88 93 96 101 107 111 117 125 133 140 149 274 284 297 309 454 452 450 446 556 549 543 539 536 598 596 383 386 389 392 398 412 432 453 606 619 628 634 638 642 694 702 707 711 716 720 724
-32768 -32768 -32768 -32768 -32768 -32768 -32768 -32768 -32768 117 112 121 122 124 127 130 136 139 39 39 38 36 36 37 39 42 44 48 54 61 66 72 76 79 84 89 94 99 102 108 114 122 130 138 148 276 289 302 469 466 579 571 564 556 548 543 597 594 593 594 374 377 378 381 397 422 592 611 625 632 510 515 519 522 526 529 715 717 719 721
-32768 -32768 -32768 -32768 -32768 -32768 -32768 -32768 -32768 23 99 99 103 107 112 114 118 119 34 35 32 31 31 31 31 32 36 40 47 54 60 65 70 73 77 81 86 91 95 101 107 114 120 127 249 264 279 479 479 481 589 579 570 562 553 547 544 590 589 591 594 369 369 367 387 418 593 616 633 637 507 510 511 513 515 518 522 717 716 715
-32768 -32768 -32768 -32768 -32768 -32768 -32768 -32768 -32768 15 17 18 92 95 99 27 28 30 30 30 29 28 27 26 26 27 31 36 43 49 54 59 64 67 70 75 79 84 89 95 101 109 115 122 132 257 270 496 617 611 600 589 577 567 558 552 547 545 585 587 591 366 369 375 392 417 445 644 657 669 500 501 501 502 503 505 699 697 711 707
-32768 -32768 -32768 -32768 -32768 -32768 -32768 -32768 -32768 13 15 16 18 20 21 24 27 28 28 29 29 28 26 26 24 25 28 32 38 44 49 52 57 62 65 66 73 76 82 91 97 104 112 120 129 250 261 637 632 623 611 598 584 572 563 554 549 547 546 550 589 594 375 386 400 419 638 647 625 670 489 491 491 490 491 493 496 706 700 698
-32768 -32768 -32768 -32768 -32768 -32768 -32768 -32768 -32768 12 13 15 16 18 20 22 26 28 28 28 29 27 25 26 24 24 27 30 35 40 43 48 52 58 59 60 64 69 76 87 95 102 110 118 126 243 250 255 644 635 622 606 590 576 565 556 550 547 546 580 554 593 602 611 407 629 640 652 636 650 665 481 482 481 481 483 486 714 710 707
-32768 -32768 -32768 -32768 -32768 -32768 9 10 9 11 13 14 15 16 17 20 25 28 28 27 27 26 25 23 23 24 26 29 33 39 43 47 49 54 55 56 56 63 71 83 93 102 108 116 123 130 135 658 656 643 627 612 596 580 567 557 550 546 547 550 556 563 603 612 622 611 623 637 648 661 675 688 472 474 475 476 724 721 719 714
-32768 -32768 -32768 -32768 -32768 -32768 10 10 9 11 12 13 13 15 16 19 25 27 27 26 24 24 24 23 22 23 25 27 33 38 43 44 46 48 51 52 54 61 69 81 91 100 108 116 122 126 131 667 659 648 634 618 600 583 568 556 547 544 546 551 559 566 575 590 605 621 635 649 658 671 683 693 705 716 722 724 724 725 724 721
-32768 -32768 -32768 -32768 -32768 -32768 11 11 11 11 12 12 12 14 17 21 25 25 24 24 23 21 22 21 20 22 24 27 30 34 44 45 44 46 47 51 54 60 70 80 89 98 107 114 119 123 681 675 666 655 639 622 605 586 568 554 543 541 545 552 562 571 582 597 613 628 644 659 670 680 690 699 706 714 718 722 723 723 724 725
-32768 -32768 -32768 -32768 -32768 -32768 -32768 12 11 11 11 12 12 15 17 20 23 24 22 22 21 20 19 21 19 21 24 25 27 31 38 45 45 44 46 49 53 60 68 77 88 96 104 111 116 119 694 686 674 661 645 628 609 589 569 552 539 540 547 555 566 577 590 606 622 638 654 667 679 689 697 704 710 715 719 719 722 724 724 724
-32768 -32768 -32768 -32768 -32768 -32768 -32768 11 11 11 11 12 12 14 17 19 21 22 21 20 20 19 20 20 20 21 23 25 26 33 37 45 45 43 44 49 52 58 64 74 84 94 100 107 111 713 706 701 686 669 652 633 614 593 572 556 548 547 550 558 569 581 597 614 631 647 664 678 687 695 703 710 712 716 719 719 720 725 726 727
-32768 -32768 -32768 -32768 -32768 -32768 -32768 -32768 11 11 11 12 12 14 15 17 20 20 19 19 19 19 20 20 20 21 23 25 25 32 37 41 45 45 42 44 49 57 64 72 82 88 97 102 106 727 720 712 696 679 660 639 618 596 575 561 556 553 555 560 571 585 603 620 639 656 673 688 695 702 708 716 718 719 721 722 722 727 731 730
-32768 -32768 -32768 -32768 -32768 -32768 -32768 -32768 12 12 11 12 12 12 14 15 16 17 16 17 18 18 19 18 20 21 23 24 26 29 34 39 42 43 36 38 43 51 61 67 79 83 90 95 747 736 734 720 708 689 665 644 621 597 577 564 558 557 556 561 572 588 606 626 644 662 679 692 701 708 714 721 723 725 725 728 729 731 736 736
-32768 -32768 -32768 -32768 -32768 -32768 -32768 -32768 -32768 12 12 12 12 12 13 14 14 15 15 15 15 15 16 16 18 20 22 23 25 28 32 35 36 35 34 35 39 45 56 65 74 81 86 91 672 750 744 726 716 698 669 642 618 595 577 563 558 556 553 558 573 590 611 632 652 669 683 696 706 713 720 725 731 732 733 734 736 737 738 740
-32768 -32768 -32768 -32768 -32768 -32768 -32768 -32768 -32768 11 11 12 12 11 12 13 14 14 15 14 13 12 13 14 15 17 18 20 22 24 27 29 30 31 31 33 37 41 52 63 72 78 85 88 689 758 736 722 710 693 666 636 613 591 573 561 555 549 547 554 569 591 617 640 659 676 689 702 711 719 726 731 735 739 740 741 743 745 744 743
-32768 -32768 -32768 -32768 -32768 -32768 -32768 -32768 -32768 -32768 11 11 12 12 12 12 12 12 13 13 11 11 10 12 13 14 16 16 17 19 21 23 25 26 28 30 32 39 46 59 67 77 79 80 707 679 741 731 707 686 659 628 607 587 569 555 546 538 535 543 561 589 618 642 662 680 695 708 717 724 731 735 740 745 748 747 751 753 750 749
-32768 -32768 -32768 -32768 -32768 -32768 -32768 -32768 -32768 -32768 -32768 11 11 11 11 11 11 11 11 11 10 9 9 9 10 10 10 13 14 15 17 19 21 22 24 26 29 35 42 54 63 71 75 732 713 699 747 722 699 671 642 621 603 585 569 553 538 527 522 528 550 584 619 646 667 688 703 715 724 731 736 740 744 748 752 755 754 757 757 758
-32768 -32768 -32768 -32768 -32768 -32768 -32768 -32768 -32768 -32768 -32768 11 11 10 10 11 11 9 8 8 8 6 6 6 7 7 8 8 10 11 12 14 16 18 19 22 25 31 38 45 58 63 768 747 725 705 735 715 691 664 634 614 605 587 567 549 531 516 505 509 537 583 626 653 678 697 710 722 730 737 742 746 750 753 757 759 760 760 760 761
-32768 -32768 -32768 -32768 -32768 -32768 -32768 -32768 -32768 -32768 -32768 -32768 10 10 9 9 8 7 6 6 6 5 4 4 4 5 5 6 7 8 9 10 12 15 16 18 21 26 31 37 44 49 52 738 722 692 669 648 682 658 628 607 608 585 568 549 530 510 492 484 523 595 641 666 690 705 719 730 738 744 748 752 755 758 760 762 763 764 765 764
-32768 -32768 -32768 -32768 -32768 -32768 -32768 -32768 -32768 -32768 -32768 -32768 -32768 10 10 9 8 7 5 4 4 5 5 4 4 4 4 4 4 5 6 8 10 12 14 16 18 20 24 30 32 38 38 34 37 53 66 635 602 588 575 548 543 519 498 558 540 418 493 469 525 621 656 679 697 715 729 739 746 751 755 760 762 764 765 765 765 766 766 765
-32768 -32768 -32768 -32768 -32768 -32768 -32768 -32768 -32768 -32768 -32768 -32768 -32768 -32768 10 9 8 7 5 3 3 3 4 3 3 2 2 2 3 3 3 5 7 8 10 14 15 16 18 20 24 26 27 25 25 42 60 52 59 577 561 551 544 522 505 491 473 451 426 417 576 643 673 692 706 721 736 745 754 758 762 766 768 769 771 772 771 770 768 767
-32768 -32768 -32768 -32768 -32768 -32768 -32768 -32768 -32768 -32768 -32768 -32768 -32768 -32768 -32768 10 10 8 6 5 3 3 2 2 2 1 1 1 2 2 3 3 4 6 8 10 12 13 13 14 17 19 22 25 28 31 40 52 64 52 557 545 537 528 519 510 506 504 496 497 527 658 682 700 714 726 740 753 760 763 764 766 769 769 771 772 774 772 771 767
-32768 -32768 -32768 -32768 -32768 -32768 -32768 -32768 -32768 -32768 -32768 -32768 -32768 -32768 -32768 -32768 10 10 8 6 5 3 2 2 2 2 1 1 1 1 2 3 5 7 7 9 10 10 9 9 11 13 17 22 26 34 38 43 45 36 34 37 552 548 543 541 545 556 558 550 561 588 610 630 718 734 745 754 761 764 765 766 767 767 765 769 770 766 765 762
-32768 -32768 -32768 -32768 -32768 -32768 -32768 -32768 -32768 -32768 -32768 -32768 -32768 -32768 -32768 -32768 -32768 12 10 7 5 4 3 2 2 2 1 0 1 2 3 4 5 6 7 7 8 8 7 7 8 9 14 19 24 30 35 36 32 26 25 31 38 562 561 565 570 585 588 581 583 593 609 628 654 680 754 761 763 760 759 760 760 762 762 762 763 762 762 760
-32768 -32768 -32768 -32768 -32768 -32768 -32768 -32768 -32768 -32768 -32768 -32768 -32768 -32768 -32768 -32768 -32768 -32768 10 7 4 3 3 2 2 2 2 2 2 2 3 4 5 6 6 6 6 7 6 6 7 10 14 19 24 26 29 28 24 23 23 28 35 41 573 578 584 589 595 591 592 602 613 626 647 674 751 764 764 762 759 760 761 763 762 765 768 768 767 760
-32768 -32768 -32768 -32768 -32768 -32768 -32768 -32768 -32768 -32768 -32768 -32768 -32768 -32768 -32768 -32768 -32768 -32768 -32768 5 4 3 3 2 2 1 2 2 3 4 3 3 2 4 5 4 4 5 5 5 6 10 14 19 22 24 24 24 23 20 23 28 33 38 45 51 592 591 594 595 594 596 606 622 643 670 700 712 709 751 754 758 761 760 761 760 767 772 769 763
-32768 -32768 -32768 -32768 -32768 -32768 -32768 -32768 -32768 -32768 -32768 -32768 -32768 -32768 -32768 -32768 -32768 -32768 -32768 -32768 5 4 3 2 2 2 2 2 3 3 3 1 1 1 2 2 3 4 4 4 5 9 11 15 18 18 20 20 19 19 23 27 32 37 43 48 54 59 597 596 595 591 595 607 628 657 680 694 698 698 697 742 746 747 755 763 765 770 769 764
