Part_1_SDMs/env_data/future_climate_2070_RCP_8.5/bioclim_12.asc
NCOLS 444 
NROWS 438 
XLLCORNER -19 
YLLCORNER -35 
CELLSIZE 0.166666666666667 
NODATA_value -32768 
[rows 204 to 237 of 438, columns 308 to 384 of 444]
1203 1246 1238 1386 1047 842 756 670 600 588 607 487 467 400 362 340 338 312 315 325 289 267 269 278 298 357 360 365 371 390 424 461 505 548 588 698 756 746 742 719 687 639 573 492 437 375 348 354 344 333 318 295 269 261 262 259 259 260 266 274 277 289 321 365 402 424 431 424 415 402 391 382 373 367 362 355 343
1184 1217 1179 1135 951 879 810 866 763 802 825 595 451 387 353 334 362 296 292 278 261 244 247 251 278 349 332 346 339 346 386 452 539 598 624 645 741 781 783 765 718 654 580 512 447 376 340 336 337 332 319 301 287 289 287 274 274 278 273 280 287 297 333 371 399 426 439 445 447 443 435 419 403 394 383 373 362
1175 1198 1160 1065 979 916 865 890 844 770 745 772 582 394 351 343 307 288 268 252 242 227 229 249 276 328 305 288 292 310 369 483 632 640 646 667 693 728 723 749 742 689 610 525 444 385 341 327 324 328 320 309 315 302 291 296 303 301 288 285 297 308 337 374 407 435 455 467 476 478 468 450 432 422 408 392 376
1217 1237 1197 1112 1034 984 946 980 884 801 738 730 572 428 361 366 294 277 250 232 224 217 216 231 260 295 278 250 253 284 358 532 704 608 622 661 688 692 657 613 625 568 542 523 445 384 346 325 317 327 329 326 328 303 306 334 335 318 302 300 308 315 353 388 420 450 473 491 500 500 491 476 457 442 430 412 394
1240 1253 1240 1200 1113 1056 1025 981 898 803 730 682 600 444 401 497 327 257 234 227 217 213 209 213 241 281 267 239 241 275 338 494 592 562 592 624 648 646 623 573 551 525 459 453 414 375 343 328 321 330 315 331 327 314 328 341 353 354 329 331 323 337 373 407 433 465 494 519 518 503 489 483 474 460 447 429 412
1351 1300 1274 1247 1180 1121 1099 1054 953 828 715 665 638 528 493 577 471 255 225 213 211 210 208 211 229 263 264 256 288 297 326 415 463 506 558 592 605 601 574 532 504 466 419 396 382 357 335 325 319 325 314 317 321 321 329 354 358 370 360 350 343 359 391 413 447 479 504 518 501 491 487 483 479 472 461 445 433
1412 1353 1316 1268 1211 1148 1107 1084 991 865 743 694 657 636 533 499 332 259 228 222 217 217 213 215 224 237 274 343 377 318 332 373 423 477 525 553 568 568 532 495 460 416 380 358 387 357 333 330 320 324 320 321 328 326 333 374 382 388 372 358 370 385 411 430 461 486 504 498 491 492 491 488 483 481 475 468 459
1437 1376 1308 1265 1223 1165 1094 1075 1034 904 797 735 691 704 644 440 348 284 253 258 238 237 231 232 243 239 275 527 364 336 355 374 428 492 534 554 550 535 505 464 433 388 356 338 355 351 329 335 326 324 332 334 343 336 355 380 406 412 388 386 387 407 425 446 462 477 479 484 486 490 494 489 488 488 491 493 487
1390 1359 1294 1238 1217 1183 1123 1092 1047 977 845 769 725 748 854 547 425 337 301 310 270 276 259 252 302 258 329 476 366 364 387 394 452 547 612 584 520 489 464 436 406 375 348 333 335 331 327 349 340 324 334 356 353 345 361 385 415 393 396 396 400 416 435 451 458 462 467 473 479 482 485 486 485 491 503 514 508
1314 1316 1295 1254 1239 1216 1175 1127 1064 993 903 821 768 775 843 732 650 410 344 346 310 296 282 289 392 297 385 401 390 390 397 422 526 691 747 564 486 460 436 410 387 363 344 329 323 323 330 354 341 327 329 347 350 354 360 383 386 383 392 395 404 431 441 449 449 455 461 467 472 473 475 476 480 487 502 513 515
1257 1278 1317 1328 1297 1272 1222 1183 1133 1059 970 891 827 791 784 769 745 487 397 403 358 331 311 342 373 322 556 513 434 421 419 458 615 828 659 499 457 434 412 395 372 354 340 327 319 318 331 350 340 328 329 335 342 351 360 366 384 396 393 396 418 436 445 446 447 453 457 461 464 464 463 465 468 478 492 505 511
1257 1310 1319 1299 1286 1279 1266 1249 1200 1131 1041 1031 912 838 802 722 741 633 461 461 459 381 341 342 316 327 612 629 480 463 445 462 556 576 490 442 422 408 396 379 360 345 332 323 317 317 328 336 332 330 329 333 344 342 351 363 380 404 402 398 420 438 445 448 451 455 456 459 459 457 452 452 454 464 481 494 507
1259 1295 1295 1306 1295 1287 1272 1280 1221 1135 1085 1046 1009 981 913 769 744 734 539 510 540 425 373 372 323 452 587 631 583 503 460 448 462 451 441 427 408 391 379 365 347 333 324 315 312 315 321 322 329 322 322 328 336 340 347 360 382 403 404 405 426 438 448 451 455 456 458 460 460 453 445 437 434 439 464 474 481
1259 1275 1292 1323 1304 1281 1284 1316 1238 1126 1102 1105 1107 1127 1102 882 786 768 737 574 559 463 401 373 325 467 587 677 736 661 503 483 463 463 436 414 396 377 364 355 336 321 311 305 304 309 314 315 313 313 317 324 330 338 347 362 390 403 410 415 423 437 447 453 458 463 464 465 464 454 441 427 413 401 408 439 -32768
1265 1253 1262 1287 1284 1272 1304 1315 1262 1188 1155 1149 1160 1159 1088 967 865 889 813 645 609 549 452 398 406 519 638 616 586 594 537 530 489 477 445 408 384 363 347 337 322 311 298 293 292 296 300 302 303 307 312 318 327 336 349 362 384 401 412 423 428 442 453 458 462 468 472 474 473 463 444 423 401 383 353 -32768 -32768
1251 1217 1215 1220 1235 1243 1285 1307 1302 1247 1199 1182 1371 1360 1143 1025 956 936 955 746 630 651 521 448 505 591 655 598 602 723 575 538 490 472 460 390 369 351 331 314 299 293 294 280 278 283 288 291 295 300 307 314 322 333 347 361 381 399 416 431 438 453 458 462 467 473 478 484 490 474 447 424 404 -32768 -32768 -32768 -32768
1190 1183 1194 1210 1248 1236 1259 1308 1328 1262 1194 1232 1653 1626 1252 1058 1096 1146 1236 1026 665 710 545 508 538 713 670 668 676 821 640 535 517 529 474 404 373 350 323 301 287 272 273 278 268 271 278 286 290 296 303 310 319 332 345 364 386 404 422 441 452 461 466 469 470 473 478 485 493 477 449 430 -32768 -32768 -32768 -32768 -32768
1173 1187 1212 1248 1281 1267 1257 1300 1291 1209 1158 1424 1669 1720 1382 1068 1064 1140 1267 1058 719 692 552 568 593 680 647 701 745 841 684 551 539 517 477 428 406 357 313 295 278 264 254 258 263 267 273 280 288 294 300 307 317 331 346 366 389 410 430 451 464 474 476 474 471 472 474 474 471 459 443 -32768 -32768 -32768 -32768 -32768 -32768
1211 1217 1238 1264 1252 1239 1254 1303 1284 1182 1150 1328 1660 1644 1434 1236 1099 1041 1128 1019 826 686 587 653 634 632 606 734 869 852 822 630 600 530 494 442 382 341 318 303 279 262 250 250 259 260 270 280 285 292 298 307 318 332 347 368 394 417 440 463 479 489 487 479 471 468 466 462 459 450 -32768 -32768 -32768 -32768 -32768 -32768 -32768
1260 1258 1263 1275 1214 1204 1255 1299 1328 1301 1312 1427 1519 1667 1589 1371 1152 1025 1061 980 919 740 658 686 655 607 573 821 924 771 772 603 583 537 520 467 414 377 339 317 283 263 250 247 261 260 267 274 281 286 296 306 317 332 348 370 396 424 449 474 494 506 497 479 466 462 459 456 447 -32768 -32768 -32768 -32768 -32768 -32768 -32768 -32768
1237 1235 1288 1307 1278 1277 1289 1313 1353 1382 1488 1569 1583 1645 1658 1476 1201 1053 1120 972 1111 798 671 723 706 617 577 777 937 835 677 572 614 677 730 539 470 411 354 321 298 273 256 251 257 266 273 282 283 287 295 305 317 330 348 370 395 425 453 478 508 531 509 471 459 457 457 448 -32768 -32768 -32768 -32768 -32768 -32768 -32768 -32768 -32768
1206 1250 1356 1369 1335 1338 1358 1363 1379 1395 1566 1680 1695 1680 1819 1663 1327 1169 1185 1221 1071 833 727 841 785 680 679 753 754 884 854 774 876 1536 1090 567 477 421 380 343 308 283 270 262 263 268 277 293 291 290 298 305 315 329 344 363 386 414 442 467 501 541 511 457 454 455 451 -32768 -32768 -32768 -32768 -32768 -32768 -32768 -32768 -32768 -32768
1267 1328 1431 1433 1409 1471 1438 1353 1281 1259 1402 1677 1746 1776 1906 1819 1518 1323 1224 1304 1125 936 821 928 823 717 701 761 728 850 1216 1250 1443 2224 779 539 445 421 396 349 319 301 287 278 276 279 280 287 291 295 300 308 317 326 339 355 374 395 417 441 470 497 490 464 456 452 -32768 -32768 -32768 -32768 -32768 -32768 -32768 -32768 -32768 -32768 -32768
1459 1512 1526 1522 1515 1547 1462 1319 1190 1072 1056 1397 1713 1791 1865 1866 1619 1458 1280 1325 1156 1002 961 1000 902 751 732 806 843 923 1269 1713 1494 1205 627 503 438 406 386 335 324 320 308 300 295 294 295 292 294 303 305 311 316 322 333 346 359 375 391 408 427 446 463 460 453 -32768 -32768 -32768 -32768 -32768 -32768 -32768 -32768 -32768 -32768 -32768 -32768
1691 1701 1661 1609 1568 1519 1418 1276 1130 998 948 1144 1410 1446 1386 1350 1381 1515 1326 1203 1159 1014 1013 1106 986 923 837 884 1014 1629 1828 1899 1355 771 605 491 443 408 375 332 305 310 315 319 316 309 305 305 304 309 312 313 315 319 329 336 347 359 368 378 390 403 423 444 -32768 -32768 -32768 -32768 -32768 -32768 -32768 -32768 -32768 -32768 -32768 -32768 -32768
1947 1865 1767 1676 1590 1494 1376 1240 1105 992 944 1020 1115 1167 1201 1234 1413 1548 1441 1266 1155 988 953 1055 939 1428 1273 993 1200 1862 1959 2019 1222 750 606 581 537 479 436 381 352 338 325 328 338 328 317 314 316 316 316 315 316 319 326 332 340 346 354 357 360 367 394 -32768 -32768 -32768 -32768 -32768 -32768 -32768 -32768 -32768 -32768 -32768 -32768 -32768 -32768
2020 1936 1821 1707 1593 1473 1346 1215 1096 1010 991 1048 1127 1191 1323 1555 1647 1720 1508 1279 1236 1073 847 811 907 1495 1744 1260 1401 1813 1839 1619 1031 730 727 708 619 547 497 447 417 398 374 346 357 349 338 327 325 325 323 321 321 322 326 333 339 343 346 347 345 337 -32768 -32768 -32768 -32768 -32768 -32768 -32768 -32768 -32768 -32768 -32768 -32768 -32768 -32768 -32768
1955 1917 1821 1704 1580 1450 1320 1194 1087 1016 1135 1257 1325 1459 1723 1775 1597 1567 1428 1224 1133 1071 856 751 835 1368 1982 1701 1514 1290 1135 1092 921 801 809 768 665 607 559 508 462 430 404 380 363 364 353 343 338 334 331 329 328 329 332 337 343 345 348 352 350 -32768 -32768 -32768 -32768 -32768 -32768 -32768 -32768 -32768 -32768 -32768 -32768 -32768 -32768 -32768 -32768
1902 1875 1793 1679 1556 1424 1293 1170 1068 1001 1064 1268 1365 1533 1817 1666 1512 1391 1283 1142 1027 965 979 706 775 1325 2071 1878 1420 1081 930 881 825 791 826 791 724 668 610 553 503 464 432 406 384 378 367 358 350 346 344 341 339 340 342 346 351 355 360 363 -32768 -32768 -32768 -32768 -32768 -32768 -32768 -32768 -32768 -32768 -32768 -32768 -32768 -32768 -32768 -32768 -32768
1867 1834 1756 1650 1526 1395 1264 1144 1043 975 972 1124 1329 1467 1641 1537 1461 1290 1147 1040 926 857 910 765 846 1245 1688 1481 1130 1021 865 800 799 836 863 830 777 724 657 589 529 485 455 430 407 393 382 371 365 361 360 357 357 355 357 360 367 371 373 374 -32768 -32768 -32768 -32768 -32768 -32768 -32768 -32768 -32768 -32768 -32768 -32768 -32768 -32768 -32768 -32768 -32768
1842 1798 1721 1619 1498 1366 1236 1117 1020 960 1015 1210 1344 1384 1470 1413 1312 1156 1092 978 879 805 786 776 847 1145 1398 1041 899 964 850 793 814 890 943 896 839 780 704 622 562 513 476 450 428 411 400 390 383 381 381 379 376 375 377 379 385 391 386 -32768 -32768 -32768 -32768 -32768 -32768 -32768 -32768 -32768 -32768 -32768 -32768 -32768 -32768 -32768 -32768 -32768 -32768
1812 1759 1686 1590 1472 1339 1207 1087 998 971 1099 1234 1407 1405 1357 1338 1170 1085 1031 938 861 801 773 771 799 982 1083 874 823 957 912 859 864 999 1018 894 866 832 723 652 596 548 506 475 450 429 420 414 411 410 409 407 402 399 398 403 409 405 -32768 -32768 -32768 -32768 -32768 -32768 -32768 -32768 -32768 -32768 -32768 -32768 -32768 -32768 -32768 -32768 -32768 -32768 -32768
1760 1712 1650 1567 1453 1316 1179 1057 966 965 1027 1126 1241 1331 1315 1175 1079 1017 963 938 885 804 733 711 692 853 886 724 753 1022 935 882 898 990 980 838 829 778 715 654 604 567 532 499 474 453 446 446 446 447 449 445 439 432 428 431 432 -32768 -32768 -32768 -32768 -32768 -32768 -32768 -32768 -32768 -32768 -32768 -32768 -32768 -32768 -32768 -32768 -32768 -32768 -32768 -32768
1678 1646 1611 1553 1447 1296 1152 1035 987 984 980 1001 1092 1089 1118 1077 1030 988 975 946 953 832 688 616 608 663 724 606 645 858 1042 942 894 877 889 735 718 718 685 644 608 578 553 528 503 486 480 490 495 499 502 498 489 477 465 460 452 -32768 -32768 -32768 -32768 -32768 -32768 -32768 -32768 -32768 -32768 -32768 -32768 -32768 -32768 -32768 -32768 -32768 -32768 -32768 -32768
