Part_1_SDMs/env_data/future_climate_2070_RCP_8.5/bioclim_16.asc
NCOLS 444 
NROWS 438 
XLLCORNER -19 
YLLCORNER -35 
CELLSIZE 0.166666666666667 
NODATA_value -32768 
[rows 245 to 279 of 438, columns 158 to 236 of 444]
-32768 -32768 -32768 -32768 -32768 -32768 -32768 -32768 -32768 -32768 -32768 -32768 -32768 -32768 -32768 -32768 888 869 842 821 786 732 733 733 736 709 685 679 683 679 713 745 763 767 759 757 764 777 779 780 784 786 789 778 762 740 715 709 696 655 642 629 615 607 605 588 576 570 559 545 537 542 576 643 673 692 706 721 736 745 754 758 762 766 768 769 771 772 771
-32768 -32768 -32768 -32768 -32768 -32768 -32768 -32768 -32768 -32768 -32768 -32768 -32768 -32768 -32768 -32768 -32768 860 843 824 801 767 725 717 705 696 662 650 643 641 650 701 730 735 736 738 745 753 770 776 772 779 784 776 762 741 717 688 667 650 666 634 612 602 596 591 586 582 583 588 588 592 622 658 682 700 714 726 740 753 760 763 764 766 769 769 771 772 774
-32768 -32768 -32768 -32768 -32768 -32768 -32768 -32768 -32768 -32768 -32768 -32768 -32768 -32768 -32768 -32768 -32768 -32768 839 832 815 793 768 718 678 669 656 637 605 592 604 637 676 689 708 718 727 743 759 761 758 769 778 777 759 736 713 698 671 652 643 628 613 599 611 607 605 606 613 626 633 630 641 666 684 700 718 734 745 754 761 764 765 766 767 767 765 769 770
-32768 -32768 -32768 -32768 -32768 -32768 -32768 -32768 -32768 -32768 -32768 -32768 -32768 -32768 -32768 -32768 -32768 -32768 -32768 832 812 775 761 740 706 646 630 642 596 557 561 597 631 667 687 695 707 716 734 736 740 749 762 760 746 727 711 694 679 661 643 629 614 610 620 617 616 623 629 644 650 648 651 660 673 690 714 738 754 761 763 760 759 760 760 762 762 762 763
-32768 -32768 -32768 -32768 -32768 -32768 -32768 -32768 -32768 -32768 -32768 -32768 -32768 -32768 -32768 -32768 -32768 -32768 -32768 -32768 782 742 710 689 687 661 619 608 598 562 553 572 587 601 637 669 680 687 691 705 715 716 722 726 719 710 708 689 678 659 639 629 609 617 625 623 621 627 635 642 649 647 648 658 668 679 699 725 751 764 764 762 759 760 761 763 762 765 768
-32768 -32768 -32768 -32768 -32768 -32768 -32768 -32768 -32768 -32768 -32768 -32768 -32768 -32768 -32768 -32768 -32768 -32768 -32768 -32768 -32768 702 673 646 629 626 615 596 573 559 559 565 555 550 567 610 648 643 653 664 663 671 679 694 694 688 690 687 671 656 644 620 620 627 631 631 631 633 635 635 640 642 641 643 651 665 685 712 743 749 748 751 754 758 761 760 761 760 767
-32768 -32768 -32768 -32768 -32768 -32768 -32768 -32768 -32768 -32768 -32768 -32768 -32768 -32768 -32768 -32768 -32768 -32768 -32768 -32768 -32768 -32768 645 613 591 585 586 590 578 560 560 551 527 504 515 542 561 586 595 609 617 622 626 660 657 658 667 661 658 647 632 616 629 632 637 637 633 629 632 632 636 635 634 628 630 640 660 690 713 726 731 733 735 742 746 747 755 763 765
-32768 -32768 -32768 -32768 -32768 -32768 -32768 -32768 -32768 -32768 -32768 -32768 -32768 -32768 -32768 -32768 -32768 -32768 -32768 -32768 -32768 -32768 -32768 579 573 569 565 567 565 570 560 534 509 475 464 489 502 515 535 560 567 575 604 624 630 623 635 628 622 615 633 631 625 633 638 634 629 632 632 630 634 627 623 614 613 613 632 663 687 702 710 720 724 726 728 737 741 752 756
-32768 -32768 -32768 -32768 -32768 -32768 -32768 -32768 -32768 -32768 -32768 -32768 -32768 -32768 -32768 -32768 -32768 -32768 -32768 -32768 -32768 -32768 -32768 -32768 580 582 576 570 584 579 544 531 502 484 457 467 490 498 507 521 535 561 587 598 602 600 602 608 598 598 627 631 633 638 636 636 633 637 634 624 631 623 613 604 602 604 615 643 667 682 692 703 715 718 729 724 726 738 739
-32768 -32768 -32768 -32768 -32768 -32768 -32768 -32768 -32768 -32768 -32768 -32768 -32768 -32768 -32768 -32768 -32768 -32768 -32768 -32768 -32768 -32768 -32768 -32768 -32768 590 587 577 572 569 537 502 513 493 482 469 488 515 547 543 559 570 574 574 573 581 579 585 585 606 621 631 637 637 641 639 634 629 621 621 626 618 607 602 600 606 611 629 648 666 682 687 704 707 717 718 723 729 742
-32768 -32768 -32768 -32768 -32768 -32768 -32768 -32768 -32768 -32768 -32768 -32768 -32768 -32768 -32768 -32768 -32768 -32768 -32768 -32768 -32768 -32768 -32768 -32768 -32768 -32768 594 588 560 535 515 495 487 499 493 488 480 486 516 550 550 554 560 567 565 557 565 574 576 592 623 634 637 639 642 640 630 626 615 622 623 609 606 600 602 608 613 622 635 657 670 674 692 698 703 711 712 730 734
-32768 -32768 -32768 -32768 -32768 -32768 -32768 -32768 -32768 -32768 -32768 -32768 -32768 -32768 -32768 -32768 -32768 -32768 -32768 -32768 -32768 -32768 -32768 -32768 -32768 -32768 590 571 532 506 484 476 483 486 500 498 494 491 482 503 525 518 526 540 547 546 567 572 575 584 612 638 641 640 647 630 626 619 617 624 622 608 609 603 612 613 621 621 626 645 656 665 693 696 694 706 709 725 726
-32768 -32768 -32768 -32768 -32768 -32768 -32768 -32768 -32768 -32768 -32768 -32768 -32768 -32768 -32768 -32768 -32768 -32768 -32768 -32768 -32768 -32768 -32768 -32768 -32768 -32768 -32768 519 486 470 457 465 477 491 497 503 508 497 481 474 475 482 497 520 531 548 561 578 581 586 623 641 645 645 654 634 632 620 614 623 617 610 610 612 619 630 631 622 625 641 650 667 691 697 688 701 707 717 723
-32768 -32768 -32768 -32768 -32768 -32768 -32768 -32768 -32768 -32768 -32768 -32768 -32768 -32768 -32768 -32768 -32768 -32768 -32768 -32768 -32768 -32768 -32768 -32768 -32768 -32768 -32768 -32768 435 437 442 451 482 490 494 487 490 480 484 464 469 472 507 530 541 548 558 581 588 594 637 646 650 648 645 639 650 622 622 627 621 610 611 620 633 655 646 631 637 636 662 678 688 695 683 701 705 711 716
-32768 -32768 -32768 -32768 -32768 -32768 -32768 -32768 -32768 -32768 -32768 -32768 -32768 -32768 -32768 -32768 -32768 -32768 -32768 -32768 -32768 -32768 -32768 -32768 -32768 -32768 -32768 -32768 436 438 439 447 467 487 496 483 471 453 443 448 465 482 499 524 533 552 565 580 594 604 635 647 652 652 649 628 649 616 636 644 627 630 640 633 662 666 652 642 655 650 674 686 693 694 696 698 703 702 716
-32768 -32768 -32768 -32768 -32768 -32768 -32768 -32768 -32768 -32768 -32768 -32768 -32768 -32768 -32768 -32768 -32768 -32768 -32768 -32768 -32768 -32768 -32768 -32768 -32768 -32768 -32768 -32768 -32768 463 457 450 468 480 488 481 463 443 448 450 465 484 508 522 535 555 566 569 579 597 631 643 648 646 643 611 642 623 645 641 630 652 661 654 676 668 649 667 687 669 672 692 700 702 709 696 695 704 717
-32768 -32768 -32768 -32768 -32768 -32768 -32768 -32768 -32768 -32768 -32768 -32768 -32768 -32768 -32768 -32768 -32768 -32768 -32768 -32768 -32768 -32768 -32768 -32768 -32768 -32768 -32768 -32768 443 448 459 454 448 451 467 460 456 434 449 454 471 489 507 525 538 548 548 548 565 598 620 633 637 624 618 612 647 641 636 647 646 645 667 675 684 683 678 704 703 698 703 697 705 707 710 698 693 697 707
-32768 -32768 -32768 -32768 -32768 -32768 -32768 -32768 -32768 -32768 -32768 -32768 -32768 -32768 -32768 -32768 -32768 -32768 -32768 -32768 -32768 -32768 -32768 -32768 -32768 -32768 -32768 -32768 444 439 441 432 419 400 421 435 433 432 456 461 473 499 516 524 532 536 534 539 551 583 602 610 608 593 602 602 639 653 638 653 658 645 672 685 692 682 702 712 707 714 709 704 706 709 708 699 695 700 710
-32768 -32768 -32768 -32768 -32768 -32768 -32768 -32768 -32768 -32768 -32768 -32768 -32768 -32768 -32768 -32768 -32768 -32768 -32768 -32768 -32768 -32768 -32768 -32768 -32768 -32768 -32768 -32768 -32768 425 424 417 402 382 387 404 422 434 449 461 482 511 529 529 529 527 517 524 542 558 575 580 581 584 588 600 633 655 641 657 663 651 675 689 697 699 707 714 709 712 708 706 704 712 701 691 693 710 710
-32768 -32768 -32768 -32768 -32768 -32768 -32768 -32768 -32768 -32768 -32768 -32768 -32768 -32768 -32768 -32768 -32768 -32768 -32768 -32768 -32768 -32768 -32768 -32768 -32768 -32768 -32768 -32768 -32768 446 427 418 409 401 405 414 433 449 465 462 487 511 533 538 539 525 513 518 536 548 559 569 579 584 596 600 612 646 654 648 666 666 674 692 700 707 709 710 709 709 704 702 696 700 685 691 699 714 709
-32768 -32768 -32768 -32768 -32768 -32768 -32768 -32768 -32768 -32768 -32768 -32768 -32768 -32768 -32768 -32768 -32768 -32768 -32768 -32768 -32768 -32768 -32768 -32768 -32768 -32768 -32768 -32768 -32768 450 446 443 433 428 420 422 438 458 465 466 483 511 534 542 542 531 524 526 536 548 558 569 584 592 602 609 604 643 658 638 669 674 675 692 701 704 707 707 707 706 701 693 687 680 686 698 704 715 704
-32768 -32768 -32768 -32768 -32768 -32768 -32768 -32768 -32768 -32768 -32768 -32768 -32768 -32768 -32768 -32768 -32768 -32768 -32768 -32768 -32768 -32768 -32768 -32768 -32768 -32768 -32768 -32768 -32768 -32768 441 444 437 441 430 441 446 468 460 462 474 505 523 529 536 530 530 533 542 555 564 574 597 601 615 622 599 623 655 639 658 672 674 689 698 700 704 702 705 702 703 694 686 683 684 706 706 722 714
-32768 -32768 -32768 -32768 -32768 -32768 -32768 -32768 -32768 -32768 -32768 -32768 -32768 -32768 -32768 -32768 -32768 -32768 -32768 -32768 -32768 -32768 -32768 -32768 -32768 -32768 -32768 -32768 -32768 -32768 438 433 439 436 430 454 457 461 452 452 473 483 497 500 512 529 533 540 550 563 572 587 603 606 617 631 597 616 650 655 650 667 675 678 692 696 700 699 701 700 702 697 695 703 690 711 713 730 718
-32768 -32768 -32768 -32768 -32768 -32768 -32768 -32768 -32768 -32768 -32768 -32768 -32768 -32768 -32768 -32768 -32768 -32768 -32768 -32768 -32768 -32768 -32768 -32768 -32768 -32768 -32768 -32768 -32768 -32768 -32768 428 429 422 428 455 467 454 440 434 441 444 459 470 490 521 539 553 564 573 582 596 609 611 611 628 597 617 634 649 647 650 672 673 688 693 694 694 699 699 702 700 709 707 706 711 721 728 724
-32768 -32768 -32768 -32768 -32768 -32768 -32768 -32768 -32768 -32768 -32768 -32768 -32768 -32768 -32768 -32768 -32768 -32768 -32768 -32768 -32768 -32768 -32768 -32768 -32768 -32768 -32768 -32768 -32768 -32768 -32768 -32768 416 410 424 433 439 425 407 400 400 409 429 441 476 513 547 570 580 588 591 603 607 601 598 615 603 595 609 625 634 629 666 672 679 690 689 692 693 696 699 701 708 708 718 701 718 728 738
-32768 -32768 -32768 -32768 -32768 -32768 -32768 -32768 -32768 -32768 -32768 -32768 -32768 -32768 -32768 -32768 -32768 -32768 -32768 -32768 -32768 -32768 -32768 -32768 -32768 -32768 -32768 -32768 -32768 -32768 -32768 -32768 -32768 398 402 402 398 397 379 365 362 369 389 418 460 532 579 594 599 607 598 606 605 596 584 599 596 587 605 617 624 622 641 669 670 681 684 689 688 693 695 698 707 707 720 704 720 726 741
-32768 -32768 -32768 -32768 -32768 -32768 -32768 -32768 -32768 -32768 -32768 -32768 -32768 -32768 -32768 -32768 -32768 -32768 -32768 -32768 -32768 -32768 -32768 -32768 -32768 -32768 -32768 -32768 -32768 -32768 -32768 -32768 -32768 380 376 372 367 357 350 329 320 329 353 389 450 511 599 615 619 614 608 611 601 594 585 584 591 584 591 602 618 624 623 641 664 672 681 682 685 688 692 696 703 708 719 704 718 730 743
-32768 -32768 -32768 -32768 -32768 -32768 -32768 -32768 -32768 -32768 -32768 -32768 -32768 -32768 -32768 -32768 -32768 -32768 -32768 -32768 -32768 -32768 -32768 -32768 -32768 -32768 -32768 -32768 -32768 -32768 -32768 -32768 -32768 358 351 344 335 322 305 287 270 269 298 343 446 542 619 629 630 623 614 610 593 577 575 579 582 587 580 594 611 625 622 629 646 661 673 680 682 683 687 692 699 707 713 701 710 727 735
-32768 -32768 -32768 -32768 -32768 -32768 -32768 -32768 -32768 -32768 -32768 -32768 -32768 -32768 -32768 -32768 -32768 -32768 -32768 -32768 -32768 -32768 -32768 -32768 -32768 -32768 -32768 -32768 -32768 -32768 -32768 -32768 -32768 340 330 322 315 302 281 257 234 223 231 286 410 562 643 632 630 622 614 607 594 578 578 579 575 579 584 589 606 621 624 625 628 636 646 677 676 681 682 689 693 702 707 698 702 717 721
-32768 -32768 -32768 -32768 -32768 -32768 -32768 -32768 -32768 -32768 -32768 -32768 -32768 -32768 -32768 -32768 -32768 -32768 -32768 -32768 -32768 -32768 -32768 -32768 -32768 -32768 -32768 -32768 -32768 -32768 -32768 -32768 -32768 -32768 306 306 304 294 274 242 213 171 209 268 376 516 600 621 637 619 606 600 595 590 571 572 577 581 588 596 606 616 624 630 629 631 642 668 673 677 680 684 689 696 701 695 699 704 702
-32768 -32768 -32768 -32768 -32768 -32768 -32768 -32768 -32768 -32768 -32768 -32768 -32768 -32768 -32768 -32768 -32768 -32768 -32768 -32768 -32768 -32768 -32768 -32768 -32768 -32768 -32768 -32768 -32768 -32768 -32768 -32768 -32768 -32768 302 306 310 304 284 248 215 175 217 292 405 502 558 622 651 634 594 590 588 584 588 590 586 584 589 602 602 612 622 634 631 635 648 665 676 674 678 679 684 688 695 696 693 698 687
-32768 -32768 -32768 -32768 -32768 -32768 -32768 -32768 -32768 -32768 -32768 -32768 -32768 -32768 -32768 -32768 -32768 -32768 -32768 -32768 -32768 -32768 -32768 -32768 -32768 -32768 -32768 -32768 -32768 -32768 -32768 -32768 -32768 -32768 -32768 316 326 329 315 287 250 222 252 365 448 503 549 605 672 641 595 580 580 590 597 594 584 584 593 605 605 605 615 624 632 645 660 677 680 676 673 674 678 681 687 689 689 690 681
-32768 -32768 -32768 -32768 -32768 -32768 -32768 -32768 -32768 -32768 -32768 -32768 -32768 -32768 -32768 -32768 -32768 -32768 -32768 -32768 -32768 -32768 -32768 -32768 -32768 -32768 -32768 -32768 -32768 -32768 -32768 -32768 -32768 -32768 -32768 327 348 370 362 342 327 332 376 429 489 527 550 572 672 640 585 578 578 586 584 583 590 585 598 617 611 607 620 623 632 646 662 688 686 677 669 670 671 675 677 680 681 683 675
-32768 -32768 -32768 -32768 -32768 -32768 -32768 -32768 -32768 -32768 -32768 -32768 -32768 -32768 -32768 -32768 -32768 -32768 -32768 -32768 -32768 -32768 -32768 -32768 -32768 -32768 -32768 -32768 -32768 -32768 -32768 -32768 -32768 -32768 -32768 -32768 375 417 418 403 408 431 503 553 567 573 576 578 634 611 574 577 592 590 589 589 587 584 609 618 610 604 609 624 638 647 663 675 680 678 666 663 665 668 668 670 670 672 667
-32768 -32768 -32768 -32768 -32768 -32768 -32768 -32768 -32768 -32768 -32768 -32768 -32768 -32768 -32768 -32768 -32768 -32768 -32768 -32768 -32768 -32768 -32768 -32768 -32768 -32768 -32768 -32768 -32768 -32768 -32768 -32768 -32768 -32768 -32768 -32768 385 428 444 445 460 512 610 638 637 624 609 597 595 587 574 570 585 606 608 599 591 594 612 620 609 613 612 614 630 650 661 665 665 668 663 660 659 660 659 661 659 663 658
