Part_1_SDMs/env_data/future_climate_2070_RCP_8.5/bioclim_15.asc
NCOLS 444 
NROWS 438 
XLLCORNER -19 
YLLCORNER -35 
CELLSIZE 0.166666666666667 
NODATA_value -32768 
[rows 259 to 295 of 438, columns 164 to 245 of 444]
-32768 -32768 -32768 -32768 -32768 -32768 -32768 -32768 -32768 -32768 -32768 -32768 -32768 -32768 -32768 -32768 -32768 -32768 -32768 -32768 -32768 -32768 89 87 84 82 81 80 80 80 80 80 80 80 80 80 79 79 78 76 75 73 71 69 68 67 66 66 65 63 61 60 59 58 57 56 55 55 55 54 54 53 54 54 55 56 56 57 57 57 58 58 58 58 58 57 57 56 55 54 54 53
-32768 -32768 -32768 -32768 -32768 -32768 -32768 -32768 -32768 -32768 -32768 -32768 -32768 -32768 -32768 -32768 -32768 -32768 -32768 -32768 -32768 -32768 -32768 88 85 83 82 82 81 80 80 81 81 81 81 80 79 78 78 76 74 73 71 69 68 67 66 66 65 63 62 60 59 59 58 57 57 56 55 55 54 54 54 54 55 56 57 57 58 58 58 58 59 59 58 58 57 57 56 56 55 54
-32768 -32768 -32768 -32768 -32768 -32768 -32768 -32768 -32768 -32768 -32768 -32768 -32768 -32768 -32768 -32768 -32768 -32768 -32768 -32768 -32768 -32768 92 89 86 84 83 82 82 82 82 82 82 82 81 80 79 78 77 76 74 73 71 70 69 67 67 66 64 63 62 61 60 59 59 58 58 57 56 56 55 55 54 54 55 56 57 58 58 58 59 59 59 59 59 59 58 58 57 56 56 55
-32768 -32768 -32768 -32768 -32768 -32768 -32768 -32768 -32768 -32768 -32768 -32768 -32768 -32768 -32768 -32768 -32768 -32768 -32768 -32768 -32768 -32768 92 90 87 85 84 83 83 84 84 84 83 83 82 81 79 79 78 76 75 73 72 71 69 68 67 66 65 64 63 62 61 60 60 59 59 58 58 57 56 56 55 55 56 56 57 58 59 59 59 60 60 60 60 60 59 59 58 57 56 56
-32768 -32768 -32768 -32768 -32768 -32768 -32768 -32768 -32768 -32768 -32768 -32768 -32768 -32768 -32768 -32768 -32768 -32768 -32768 -32768 -32768 -32768 -32768 90 88 86 85 84 84 85 86 86 85 84 83 81 80 79 78 77 76 75 73 72 70 69 68 67 66 64 63 63 62 61 61 60 60 59 59 58 57 57 56 56 57 57 58 59 59 60 60 61 61 61 61 61 60 60 59 58 57 56
-32768 -32768 -32768 -32768 -32768 -32768 -32768 -32768 -32768 -32768 -32768 -32768 -32768 -32768 -32768 -32768 -32768 -32768 -32768 -32768 -32768 -32768 -32768 94 91 88 87 87 87 87 88 88 86 85 84 82 81 80 79 78 78 76 75 73 71 70 69 68 67 65 64 64 63 63 62 62 61 61 60 60 59 58 58 58 58 58 59 59 60 60 61 62 62 62 62 62 61 61 60 59 58 57
-32768 -32768 -32768 -32768 -32768 -32768 -32768 -32768 -32768 -32768 -32768 -32768 -32768 -32768 -32768 -32768 -32768 -32768 -32768 -32768 -32768 -32768 -32768 94 92 90 90 89 89 90 90 89 87 86 85 83 82 81 80 79 79 78 76 74 73 71 70 69 68 67 66 65 65 64 64 63 63 62 62 61 60 60 59 59 59 59 60 60 61 61 62 63 63 63 63 63 62 61 61 60 59 58
-32768 -32768 -32768 -32768 -32768 -32768 -32768 -32768 -32768 -32768 -32768 -32768 -32768 -32768 -32768 -32768 -32768 -32768 -32768 -32768 -32768 -32768 -32768 -32768 93 92 92 91 92 91 91 90 89 87 86 84 83 82 80 80 80 79 77 76 74 73 71 70 69 68 67 66 66 65 65 64 64 64 63 62 62 61 61 60 60 60 61 61 62 62 63 64 64 64 64 64 63 62 62 61 60 59
-32768 -32768 -32768 -32768 -32768 -32768 -32768 -32768 -32768 -32768 -32768 -32768 -32768 -32768 -32768 -32768 -32768 -32768 -32768 -32768 -32768 -32768 -32768 -32768 94 94 93 93 93 93 93 91 90 88 86 84 83 83 82 81 81 80 78 77 75 74 73 72 71 70 68 68 67 67 66 66 65 65 64 64 63 62 62 62 62 62 62 63 63 63 64 65 65 65 65 65 64 63 63 62 61 61
-32768 -32768 -32768 -32768 -32768 -32768 -32768 -32768 -32768 -32768 -32768 -32768 -32768 -32768 -32768 -32768 -32768 -32768 -32768 -32768 -32768 -32768 -32768 -32768 -32768 95 95 95 95 95 94 92 90 89 86 85 84 83 82 81 81 81 79 78 77 76 74 73 72 71 70 69 69 68 68 67 67 66 66 65 64 64 64 63 63 63 64 64 64 65 65 66 66 66 66 66 65 64 64 63 63 62
-32768 -32768 -32768 -32768 -32768 -32768 -32768 -32768 -32768 -32768 -32768 -32768 -32768 -32768 -32768 -32768 -32768 -32768 -32768 -32768 -32768 -32768 -32768 -32768 -32768 -32768 97 97 96 96 95 93 91 89 87 85 84 84 82 81 81 81 80 79 78 77 76 75 73 73 72 71 70 69 69 68 68 68 67 66 66 65 65 65 65 65 65 65 66 66 66 67 67 67 67 67 66 66 65 64 64 64
-32768 -32768 -32768 -32768 -32768 -32768 -32768 -32768 -32768 -32768 -32768 -32768 -32768 -32768 -32768 -32768 -32768 -32768 -32768 -32768 -32768 -32768 -32768 -32768 -32768 -32768 -32768 99 97 96 95 92 91 89 87 85 84 83 83 81 81 81 80 79 78 78 77 76 75 74 73 72 72 71 70 70 69 69 68 68 67 67 66 66 66 66 66 66 67 67 67 68 68 68 68 68 67 67 66 66 65 65
-32768 -32768 -32768 -32768 -32768 -32768 -32768 -32768 -32768 -32768 -32768 -32768 -32768 -32768 -32768 -32768 -32768 -32768 -32768 -32768 -32768 -32768 -32768 -32768 -32768 -32768 -32768 101 99 97 96 93 90 88 86 84 83 83 83 82 81 81 81 80 79 79 78 77 76 75 75 74 73 73 72 71 70 70 69 69 68 68 67 67 67 67 67 68 68 68 68 69 69 70 70 69 68 68 67 67 67 67
-32768 -32768 -32768 -32768 -32768 -32768 -32768 -32768 -32768 -32768 -32768 -32768 -32768 -32768 -32768 -32768 -32768 -32768 -32768 -32768 -32768 -32768 -32768 -32768 -32768 -32768 -32768 101 99 98 97 95 92 89 86 84 82 83 82 83 82 81 81 81 80 80 79 79 78 77 76 75 74 74 73 73 72 71 71 70 69 69 69 68 68 68 68 69 69 69 70 70 70 71 71 70 69 69 68 68 68 68
-32768 -32768 -32768 -32768 -32768 -32768 -32768 -32768 -32768 -32768 -32768 -32768 -32768 -32768 -32768 -32768 -32768 -32768 -32768 -32768 -32768 -32768 -32768 -32768 -32768 -32768 -32768 100 99 99 98 96 95 93 84 81 81 82 83 83 83 82 82 82 81 81 81 80 79 78 78 77 76 75 75 74 73 73 72 71 70 70 70 69 69 69 70 70 70 70 71 71 71 71 71 70 70 70 70 70 70 70
-32768 -32768 -32768 -32768 -32768 -32768 -32768 -32768 -32768 -32768 -32768 -32768 -32768 -32768 -32768 -32768 -32768 -32768 -32768 -32768 -32768 -32768 -32768 -32768 -32768 -32768 -32768 -32768 100 100 100 99 97 91 83 78 76 80 83 84 84 83 83 83 82 82 82 81 81 80 79 78 78 77 76 75 75 74 73 72 71 71 71 71 70 71 71 71 71 71 72 72 72 72 72 71 71 71 71 71 71 71
-32768 -32768 -32768 -32768 -32768 -32768 -32768 -32768 -32768 -32768 -32768 -32768 -32768 -32768 -32768 -32768 -32768 -32768 -32768 -32768 -32768 -32768 -32768 -32768 -32768 -32768 -32768 -32768 101 103 102 101 99 94 85 78 78 82 85 85 85 85 85 84 83 83 83 83 82 81 80 80 79 78 77 77 76 75 74 73 73 72 72 72 72 71 72 72 72 72 72 73 73 72 72 72 71 71 72 72 72 72
-32768 -32768 -32768 -32768 -32768 -32768 -32768 -32768 -32768 -32768 -32768 -32768 -32768 -32768 -32768 -32768 -32768 -32768 -32768 -32768 -32768 -32768 -32768 -32768 -32768 -32768 -32768 -32768 -32768 107 106 105 103 101 96 90 88 88 88 88 87 87 89 86 85 84 85 84 83 82 81 81 80 80 79 78 77 76 75 74 74 73 73 73 72 72 73 73 73 73 73 74 74 74 73 73 72 73 73 73 74 74
-32768 -32768 -32768 -32768 -32768 -32768 -32768 -32768 -32768 -32768 -32768 -32768 -32768 -32768 -32768 -32768 -32768 -32768 -32768 -32768 -32768 -32768 -32768 -32768 -32768 -32768 -32768 -32768 -32768 111 111 108 106 105 103 102 100 99 95 93 91 89 90 88 86 85 86 85 83 83 82 82 82 81 80 79 78 77 76 75 75 74 74 73 73 73 74 74 74 74 75 75 75 75 75 74 74 74 74 75 75 75
-32768 -32768 -32768 -32768 -32768 -32768 -32768 -32768 -32768 -32768 -32768 -32768 -32768 -32768 -32768 -32768 -32768 -32768 -32768 -32768 -32768 -32768 -32768 -32768 -32768 -32768 -32768 -32768 -32768 -32768 115 110 109 109 108 110 110 107 103 98 94 90 89 88 86 86 85 84 83 83 82 82 82 81 80 79 78 77 77 76 75 75 74 74 74 74 75 75 75 75 75 76 76 76 76 76 76 76 76 76 76 76
-32768 -32768 -32768 -32768 -32768 -32768 -32768 -32768 -32768 -32768 -32768 -32768 -32768 -32768 -32768 -32768 -32768 -32768 -32768 -32768 -32768 -32768 -32768 -32768 -32768 -32768 -32768 -32768 -32768 -32768 116 113 112 113 113 113 111 104 103 99 97 93 89 88 87 86 85 84 83 82 82 81 81 81 80 80 79 78 77 77 76 76 75 75 75 75 75 76 76 76 76 77 77 77 77 78 78 78 78 78 78 78
-32768 -32768 -32768 -32768 -32768 -32768 -32768 -32768 -32768 -32768 -32768 -32768 -32768 -32768 -32768 -32768 -32768 -32768 -32768 -32768 -32768 -32768 -32768 -32768 -32768 -32768 -32768 -32768 -32768 123 119 116 115 115 116 116 114 113 106 103 98 94 91 88 88 87 86 84 83 82 81 81 81 81 80 80 79 78 78 77 77 76 76 76 76 76 76 76 77 77 77 78 78 78 79 79 79 79 79 79 79 79
-32768 -32768 -32768 -32768 -32768 -32768 -32768 -32768 -32768 -32768 -32768 -32768 -32768 -32768 -32768 -32768 -32768 -32768 -32768 -32768 -32768 -32768 -32768 -32768 -32768 -32768 -32768 -32768 125 123 120 119 117 118 118 117 117 116 109 104 100 97 92 90 89 88 87 85 84 82 81 81 81 81 80 80 79 79 78 78 77 77 77 77 77 77 77 77 77 78 78 79 79 80 80 81 81 81 81 81 81 80
-32768 -32768 -32768 -32768 -32768 -32768 -32768 -32768 -32768 -32768 -32768 -32768 -32768 -32768 -32768 -32768 -32768 -32768 -32768 -32768 -32768 -32768 -32768 -32768 -32768 -32768 -32768 -32768 124 123 121 120 119 118 119 118 117 113 108 105 101 97 93 91 90 88 87 86 84 83 82 81 81 81 81 80 80 79 79 78 78 78 77 77 77 77 78 78 78 78 79 80 80 81 82 82 82 82 82 82 82 82
-32768 -32768 -32768 -32768 -32768 -32768 -32768 -32768 -32768 -32768 -32768 -32768 -32768 -32768 -32768 -32768 -32768 -32768 -32768 -32768 -32768 -32768 -32768 -32768 -32768 -32768 -32768 -32768 123 122 121 121 120 119 118 118 116 113 108 103 101 99 95 92 90 88 86 86 85 83 82 82 81 81 81 81 80 80 79 79 79 78 78 78 78 78 78 78 79 79 80 80 81 82 83 83 84 84 84 83 83 83
-32768 -32768 -32768 -32768 -32768 -32768 -32768 -32768 -32768 -32768 -32768 -32768 -32768 -32768 -32768 -32768 -32768 -32768 -32768 -32768 -32768 -32768 -32768 -32768 -32768 -32768 -32768 -32768 124 121 120 118 119 119 118 118 116 114 110 106 103 100 96 92 90 87 86 86 85 83 82 82 81 81 81 81 80 80 80 79 79 79 79 79 78 78 79 79 79 80 80 81 81 82 84 85 85 85 85 84 84 84
-32768 -32768 -32768 -32768 -32768 -32768 -32768 -32768 -32768 -32768 -32768 -32768 -32768 -32768 -32768 -32768 -32768 -32768 -32768 -32768 -32768 -32768 -32768 -32768 -32768 -32768 -32768 -32768 -32768 121 119 117 117 117 118 118 116 112 108 105 101 98 94 92 89 87 86 85 85 83 82 82 82 81 81 81 81 80 80 80 80 79 79 79 79 79 79 79 80 80 81 81 82 83 84 85 86 86 85 85 85 84
-32768 -32768 -32768 -32768 -32768 -32768 -32768 -32768 -32768 -32768 -32768 -32768 -32768 -32768 -32768 -32768 -32768 -32768 -32768 -32768 -32768 -32768 -32768 -32768 -32768 -32768 -32768 -32768 -32768 121 120 118 116 114 116 116 113 110 106 101 96 96 93 90 89 87 86 85 84 83 82 82 82 82 81 81 81 81 80 80 80 80 80 80 80 80 80 80 80 81 81 81 82 83 84 85 86 86 86 86 85 85
-32768 -32768 -32768 -32768 -32768 -32768 -32768 -32768 -32768 -32768 -32768 -32768 -32768 -32768 -32768 -32768 -32768 -32768 -32768 -32768 -32768 -32768 -32768 -32768 -32768 -32768 -32768 -32768 -32768 121 120 119 117 115 114 113 109 104 100 95 91 91 89 87 87 86 85 84 83 83 82 82 82 82 82 82 81 81 81 81 81 81 81 80 80 80 80 80 81 81 81 82 83 83 84 85 86 86 86 86 86 86
-32768 -32768 -32768 -32768 -32768 -32768 -32768 -32768 -32768 -32768 -32768 -32768 -32768 -32768 -32768 -32768 -32768 -32768 -32768 -32768 -32768 -32768 -32768 -32768 -32768 -32768 -32768 -32768 -32768 -32768 121 120 118 115 113 112 105 100 96 90 89 88 88 86 85 84 83 83 83 83 83 82 82 82 82 82 81 81 81 81 81 81 81 81 81 80 81 81 81 82 82 83 83 84 85 86 86 86 87 86 86 86
-32768 -32768 -32768 -32768 -32768 -32768 -32768 -32768 -32768 -32768 -32768 -32768 -32768 -32768 -32768 -32768 -32768 -32768 -32768 -32768 -32768 -32768 -32768 -32768 -32768 -32768 -32768 -32768 -32768 -32768 121 121 119 116 114 110 100 93 89 87 86 85 85 83 84 83 83 83 83 83 83 83 83 83 82 82 82 81 81 81 81 81 81 81 81 81 81 81 82 82 83 83 84 84 85 86 86 87 87 87 87 86
-32768 -32768 -32768 -32768 -32768 -32768 -32768 -32768 -32768 -32768 -32768 -32768 -32768 -32768 -32768 -32768 -32768 -32768 -32768 -32768 -32768 -32768 -32768 -32768 -32768 -32768 -32768 -32768 -32768 -32768 -32768 120 120 118 115 107 94 89 85 83 83 83 83 82 82 82 82 82 83 83 83 83 83 83 83 82 82 82 82 82 82 82 82 82 82 82 82 82 82 83 83 84 84 85 85 86 87 88 88 87 87 87
-32768 -32768 -32768 -32768 -32768 -32768 -32768 -32768 -32768 -32768 -32768 -32768 -32768 -32768 -32768 -32768 -32768 -32768 -32768 -32768 -32768 -32768 -32768 -32768 -32768 -32768 -32768 -32768 -32768 -32768 -32768 120 120 119 114 103 89 86 82 81 81 81 82 82 82 82 82 82 83 83 83 83 83 83 83 83 83 82 82 82 82 82 82 82 82 82 82 83 83 83 83 84 84 85 86 86 87 88 88 88 87 87
-32768 -32768 -32768 -32768 -32768 -32768 -32768 -32768 -32768 -32768 -32768 -32768 -32768 -32768 -32768 -32768 -32768 -32768 -32768 -32768 -32768 -32768 -32768 -32768 -32768 -32768 -32768 -32768 -32768 -32768 -32768 -32768 125 122 117 103 89 84 82 80 80 81 81 81 82 82 83 83 83 83 83 84 84 84 84 84 83 83 83 83 83 83 83 83 83 83 83 83 83 84 84 84 85 85 86 87 87 88 88 88 88 88
-32768 -32768 -32768 -32768 -32768 -32768 -32768 -32768 -32768 -32768 -32768 -32768 -32768 -32768 -32768 -32768 -32768 -32768 -32768 -32768 -32768 -32768 -32768 -32768 -32768 -32768 -32768 -32768 -32768 -32768 -32768 -32768 129 127 120 105 90 84 83 81 81 81 81 82 83 83 84 84 84 84 84 84 84 84 85 84 84 84 84 84 84 84 84 84 84 84 84 84 84 84 85 85 85 86 86 87 87 88 88 88 88 88
-32768 -32768 -32768 -32768 -32768 -32768 -32768 -32768 -32768 -32768 -32768 -32768 -32768 -32768 -32768 -32768 -32768 -32768 -32768 -32768 -32768 -32768 -32768 -32768 -32768 -32768 -32768 -32768 -32768 -32768 -32768 -32768 -32768 129 120 103 94 87 84 83 82 82 82 82 84 84 85 85 85 86 85 85 85 85 86 85 85 85 85 85 85 85 85 85 85 85 85 85 85 85 85 86 86 86 87 87 88 88 88 88 88 88
-32768 -32768 -32768 -32768 -32768 -32768 -32768 -32768 -32768 -32768 -32768 -32768 -32768 -32768 -32768 -32768 -32768 -32768 -32768 -32768 -32768 -32768 -32768 -32768 -32768 -32768 -32768 -32768 -32768 -32768 -32768 -32768 135 127 118 103 94 89 88 85 83 82 83 83 84 85 86 86 86 87 87 87 87 87 87 87 87 86 86 86 86 86 86 86 86 86 86 86 86 86 86 86 87 87 87 88 88 88 88 88 88 89
