Part_1_SDMs/env_data/future_climate_2070_RCP_8.5/bioclim_13.asc
NCOLS 444 
NROWS 438 
XLLCORNER -19 
YLLCORNER -35 
CELLSIZE 0.166666666666667 
NODATA_value -32768 
[rows 105 to 139 of 438, columns 80 to 159 of 444]
10 10 10 10 10 10 10 10 10 10 10 10 9 9 9 9 10 10 11 11 12 12 13 14 14 15 16 16 17 17 18 18 18 19 20 21 22 23 24 25 26 26 27 27 28 28 29 28 28 28 28 28 28 28 27 27 26 25 25 24 23 22 21 20 20 19 18 17 16 15 14 13 13 12 11 11 10 10 9 9
11 11 11 10 10 10 10 10 10 10 10 10 10 10 10 10 10 11 11 12 12 13 14 15 15 16 17 18 18 19 19 20 20 21 22 23 24 25 26 28 29 29 30 30 30 30 31 31 31 30 31 31 30 30 29 28 27 27 27 25 25 23 23 22 21 20 19 18 17 16 15 14 13 13 12 12 11 11 10 10
11 11 11 11 11 11 11 11 11 11 11 11 11 10 10 10 11 11 12 12 13 14 15 16 17 18 19 19 21 21 22 22 22 23 24 25 27 28 30 31 32 32 32 32 32 32 32 33 34 34 34 33 32 32 31 31 30 29 28 27 26 25 24 24 23 22 20 19 18 18 17 15 14 14 13 12 12 11 11 11
12 12 12 12 12 12 11 11 11 11 11 11 11 11 11 11 11 12 12 13 14 15 16 17 19 20 21 22 23 24 25 26 26 27 28 29 31 32 34 34 35 35 35 35 35 35 35 35 36 36 36 36 35 34 33 33 32 31 30 29 29 28 26 26 24 23 22 21 20 19 18 16 15 14 13 13 13 12 12 11
13 12 12 12 12 12 12 12 12 12 12 12 12 12 12 11 12 12 13 14 15 16 17 19 20 22 24 25 26 28 30 31 32 33 34 35 36 37 38 39 39 39 39 39 38 38 38 38 38 38 38 38 38 37 37 35 35 34 33 32 31 30 29 28 27 25 24 23 21 20 19 18 16 15 14 13 13 12 12 12
13 13 13 13 13 13 13 13 13 13 12 12 12 12 12 12 13 14 14 15 16 17 19 21 23 25 27 29 31 33 36 37 39 40 42 42 43 44 44 44 45 45 44 43 42 41 41 41 42 42 42 41 41 40 39 38 38 37 36 35 34 33 32 30 29 27 26 25 23 22 21 19 18 17 15 14 14 13 12 12
14 14 14 14 14 13 13 13 13 13 13 13 13 13 13 13 14 14 15 16 18 20 21 23 25 28 30 33 36 39 42 44 47 49 50 50 50 51 50 50 50 49 48 47 46 46 45 45 46 45 45 45 45 44 43 42 42 41 40 39 38 36 35 33 32 30 29 27 26 24 23 21 20 19 17 16 14 14 13 13
15 15 14 14 14 14 14 14 14 14 14 14 14 14 13 14 15 16 17 18 20 22 23 26 28 31 35 38 42 45 49 53 56 58 59 59 59 58 58 57 56 55 54 52 50 50 49 49 50 50 50 50 49 49 48 47 47 46 44 43 43 41 40 38 36 34 32 31 29 27 26 24 23 21 19 18 16 15 14 14
17 16 16 16 15 15 15 15 15 15 15 15 15 14 14 15 16 18 19 21 22 24 27 29 32 36 40 43 48 52 57 61 65 67 69 69 68 67 66 64 63 61 59 56 55 54 54 55 56 55 55 55 55 55 54 53 52 51 50 49 48 46 45 43 41 39 37 35 33 31 30 28 27 24 23 20 18 17 15 15
18 18 18 18 17 17 16 16 15 15 15 15 15 15 16 17 19 20 22 24 26 27 30 33 37 41 45 50 55 60 66 70 74 77 79 79 78 75 73 72 71 67 65 62 60 60 60 61 63 62 62 62 62 61 61 60 59 58 57 56 55 53 51 49 47 45 42 40 39 37 35 34 32 29 27 24 21 19 18 17
21 21 21 21 20 20 19 19 18 17 16 16 16 17 18 21 22 24 26 28 30 32 34 38 42 46 51 57 62 67 73 79 84 87 89 88 86 84 82 79 76 74 71 70 68 67 67 69 70 70 70 71 71 70 69 68 67 66 65 64 63 61 60 58 55 52 50 47 46 44 43 41 39 36 33 30 27 24 21 21
24 24 24 24 24 23 23 22 22 21 20 20 21 22 23 25 27 29 31 33 35 37 40 43 48 53 58 64 69 75 81 86 91 94 97 97 94 92 89 87 84 82 80 78 77 76 76 78 79 80 80 80 80 80 79 78 77 76 75 75 73 71 70 67 65 62 60 58 55 54 52 50 48 45 42 38 34 30 28 27
29 29 29 29 29 28 28 28 27 26 26 26 27 28 30 31 33 35 37 39 41 44 47 50 55 59 65 70 76 82 87 92 97 100 103 103 101 99 97 95 93 91 89 88 87 86 87 88 89 90 91 91 92 92 91 90 89 88 87 86 85 83 82 79 77 75 72 70 68 66 65 63 60 57 53 49 44 40 38 38
34 34 34 34 34 34 34 34 34 34 34 34 35 36 37 39 41 42 45 47 49 52 55 58 62 67 72 77 82 88 93 98 102 106 108 109 107 106 105 103 101 100 99 98 98 98 99 100 101 102 102 103 104 104 104 103 102 102 101 99 98 97 95 93 91 88 86 85 83 81 79 77 75 72 68 64 60 56 53 53
40 40 40 40 41 41 41 41 42 42 42 43 44 45 46 48 49 51 53 55 58 60 63 67 71 75 80 84 89 94 99 103 106 109 113 113 113 112 112 111 110 110 110 110 110 111 112 112 112 114 114 115 116 117 118 118 117 116 115 114 112 110 109 107 106 104 102 101 100 98 97 95 93 90 87 84 80 76 73 71
46 47 47 47 48 48 49 50 50 51 52 53 54 55 56 57 59 60 62 64 67 70 73 76 80 83 87 91 95 99 103 107 111 113 116 117 117 118 119 118 119 119 121 121 122 123 123 124 124 125 125 127 128 130 131 131 131 131 129 128 126 125 124 122 121 121 120 119 118 117 116 115 113 111 108 105 103 99 96 92
52 53 54 54 55 56 57 58 60 62 63 65 65 66 67 68 69 71 72 74 77 80 82 85 89 92 95 98 101 104 107 110 113 115 118 120 122 123 125 126 127 128 130 132 134 134 135 135 135 135 137 138 140 141 143 144 145 145 143 142 140 140 139 138 138 139 140 140 139 138 137 136 135 134 132 130 128 125 122 116
59 60 61 62 63 64 66 67 69 72 74 76 77 77 78 79 80 81 83 85 87 89 92 95 98 100 102 105 106 108 111 113 115 117 120 122 125 127 129 131 134 136 138 141 143 144 144 144 144 145 146 147 149 152 154 156 157 157 155 154 153 152 152 153 155 157 158 159 159 159 159 158 157 157 156 155 153 151 148 141
65 67 68 69 70 72 74 76 78 81 83 85 86 87 88 89 89 91 92 94 96 98 101 103 106 108 109 110 111 112 113 114 116 119 122 125 128 130 133 136 139 141 145 147 150 151 151 151 151 151 152 154 157 159 161 163 165 164 164 163 162 163 165 167 169 172 175 178 179 179 179 179 179 179 179 178 177 174 170 162
71 72 74 75 77 79 81 83 86 88 90 93 94 95 96 97 99 100 101 103 104 106 109 111 113 115 115 115 114 114 115 115 117 120 123 126 129 133 135 139 142 145 148 151 153 154 154 154 155 155 157 158 161 163 164 166 168 168 168 168 170 171 174 177 181 185 190 194 196 197 198 197 198 199 201 199 197 193 187 179
75 77 79 81 83 85 87 90 92 94 96 98 100 102 104 105 107 108 110 111 112 113 115 117 119 121 120 118 117 116 115 115 116 120 123 126 131 134 137 140 144 146 149 151 153 155 155 155 155 157 160 161 162 163 164 165 166 167 168 171 173 177 180 185 190 196 202 208 212 213 212 213 214 216 218 217 213 207 200 190
79 81 83 85 88 90 93 95 97 98 100 102 105 107 110 112 114 116 117 118 119 120 120 122 124 125 124 121 119 117 115 114 115 119 123 127 131 136 139 142 144 146 148 150 153 153 153 153 155 157 158 159 160 160 160 162 162 164 167 171 175 179 184 189 195 202 210 219 225 223 222 224 226 228 232 231 226 218 208 198
81 84 86 89 92 95 97 99 101 102 102 104 107 112 116 118 120 123 124 125 125 125 126 127 127 127 126 123 120 118 116 114 115 118 123 127 132 137 140 142 144 145 146 148 150 150 150 151 152 155 156 156 155 156 156 156 157 161 164 169 173 179 185 191 198 205 212 221 227 228 227 229 233 237 241 242 235 225 214 203
87 88 90 92 96 99 102 104 106 106 105 105 109 117 125 130 131 131 131 131 131 131 131 131 131 129 127 125 122 118 115 114 114 117 122 128 134 138 142 143 144 145 145 146 146 147 147 148 149 151 151 153 151 150 150 149 152 155 160 165 170 177 184 191 197 204 211 218 222 225 227 229 232 237 242 242 238 229 218 206
97 99 101 103 106 109 113 117 119 121 120 115 111 123 137 145 142 139 137 136 136 136 137 136 135 132 129 126 123 119 116 113 114 117 123 131 137 141 143 144 144 144 143 143 143 144 144 145 148 148 148 149 147 146 144 145 147 150 154 160 167 174 182 189 195 201 208 212 217 220 223 226 230 234 238 239 236 231 222 211
105 107 110 113 117 121 126 132 137 141 140 134 130 134 143 149 146 143 141 141 141 142 141 141 139 136 132 129 125 120 115 112 111 114 126 136 142 145 146 146 145 144 142 141 141 141 142 143 146 146 145 145 143 141 140 142 143 145 150 156 163 171 180 186 192 198 203 207 211 215 218 221 226 230 235 237 236 232 225 215
111 114 117 121 126 131 136 143 152 162 160 149 147 150 155 160 159 156 153 150 147 146 146 146 144 141 137 132 127 122 117 112 108 116 137 145 148 150 150 149 146 144 142 141 140 141 143 143 144 144 144 143 141 139 138 139 140 142 146 151 157 166 175 182 187 192 197 201 203 207 210 215 220 226 230 234 235 232 226 217
114 118 123 127 130 135 142 150 160 168 169 161 158 160 165 169 170 169 168 165 161 157 152 152 149 146 141 137 131 126 120 115 111 118 140 149 154 155 154 151 148 144 142 140 140 141 144 145 144 144 143 142 141 138 137 137 138 140 143 147 152 158 166 173 180 186 191 194 196 200 204 208 214 220 226 230 232 232 228 221
117 121 125 127 131 136 143 151 160 167 167 162 163 167 172 178 180 180 179 176 172 168 162 157 155 151 147 141 137 131 126 122 122 128 141 152 160 161 158 153 148 145 141 140 141 141 144 145 145 144 144 142 141 138 137 136 137 138 141 144 147 151 157 165 174 184 188 191 193 195 198 202 206 215 222 228 232 233 229 223
118 121 123 126 130 135 141 149 156 164 165 164 167 171 178 185 189 189 188 185 180 175 168 162 160 157 152 147 142 137 133 130 131 136 144 154 162 164 159 154 149 144 141 140 141 142 144 145 146 146 146 144 141 139 137 137 137 138 140 142 144 146 150 160 172 182 189 192 193 195 194 195 200 210 218 227 232 234 232 226
118 120 122 124 127 131 137 143 150 156 160 164 169 175 183 191 197 197 195 190 185 178 172 168 167 162 157 152 147 143 140 138 139 142 147 154 160 162 158 153 147 143 140 140 141 142 144 147 149 149 149 146 143 141 138 137 137 138 139 141 143 146 151 159 171 181 187 193 195 195 192 191 197 206 215 226 233 238 236 232
119 119 121 122 123 126 131 137 143 149 154 161 169 177 186 196 203 206 202 196 186 179 173 171 170 166 161 157 153 149 146 145 145 146 149 153 158 160 158 153 146 140 139 140 141 142 144 149 154 154 153 150 146 142 139 138 138 138 139 140 142 147 153 161 172 182 189 194 197 197 197 197 198 203 213 227 238 243 242 237
120 119 120 119 119 120 125 135 143 146 148 156 164 176 190 201 211 212 203 194 186 179 171 170 169 167 164 161 157 154 151 150 149 149 150 151 155 158 157 152 145 138 138 142 144 145 147 153 159 160 157 154 149 145 140 140 140 140 140 141 143 147 154 163 173 185 192 198 204 209 209 206 204 205 210 227 244 252 247 239
129 125 120 118 116 115 121 134 144 148 151 152 160 179 195 204 210 204 196 189 181 174 168 168 168 168 167 165 162 159 157 155 152 150 148 148 152 156 156 151 145 141 142 147 151 153 156 160 165 165 162 159 154 148 143 143 143 143 142 142 144 148 155 165 175 187 195 201 212 219 218 214 208 206 212 227 254 265 250 235
141 137 133 129 124 121 129 140 149 153 155 159 167 179 190 197 198 196 191 184 177 171 165 165 167 169 169 168 167 165 162 159 156 151 148 146 149 156 158 153 147 146 149 154 158 161 164 168 177 179 175 168 159 154 151 150 148 146 146 146 148 150 156 165 174 181 189 200 218 228 224 217 207 202 210 227 256 276 243 224
