Part_1_SDMs/env_data/future_climate_2070_RCP_8.5/bioclim_7.asc
NCOLS 444 
NROWS 438 
XLLCORNER -19 
YLLCORNER -35 
CELLSIZE 0.166666666666667 
NODATA_value -32768 
[rows 70 to 104 of 438, columns 316 to 394 of 444]
272 254 235 222 -32768 -32768 -32768 -32768 -32768 -32768 -32768 -32768 -32768 -32768 -32768 -32768 202 208 217 226 236 250 268 273 276 276 282 289 299 310 318 326 332 337 340 343 347 350 351 352 353 353 354 355 356 357 357 356 356 356 356 357 357 357 356 356 355 355 354 354 354 359 363 364 364 364 363 363 362 362 361 360 360 358 356 354 352 350 348
275 257 238 222 218 -32768 -32768 -32768 -32768 -32768 -32768 -32768 -32768 -32768 -32768 -32768 200 204 211 219 228 238 256 264 275 277 277 288 294 304 312 321 327 333 337 342 346 349 351 352 352 353 354 355 355 356 356 356 356 355 355 356 356 355 355 354 354 354 354 353 354 357 360 362 362 363 362 362 362 361 361 359 357 357 356 354 351 350 348
278 264 246 230 222 -32768 -32768 -32768 -32768 -32768 -32768 -32768 -32768 -32768 -32768 -32768 -32768 205 209 216 224 232 241 258 267 273 275 280 290 300 308 317 323 328 334 340 345 349 350 351 353 353 354 355 355 355 355 355 355 355 354 354 355 353 354 354 353 353 353 353 354 355 358 360 360 361 361 360 361 361 359 357 356 355 354 353 351 349 347
281 270 259 244 229 224 -32768 -32768 -32768 -32768 -32768 -32768 -32768 -32768 -32768 -32768 -32768 204 209 215 222 229 237 249 256 263 270 276 284 295 302 310 319 325 332 338 343 348 350 351 352 353 354 355 355 355 355 355 355 354 353 353 353 352 352 353 352 352 353 353 354 355 357 358 359 360 360 359 359 360 358 357 355 354 352 351 350 349 346
287 274 266 254 239 230 -32768 -32768 -32768 -32768 -32768 -32768 -32768 -32768 -32768 -32768 204 205 209 215 220 227 238 244 251 259 265 272 279 288 297 307 317 323 329 336 341 345 348 350 351 352 353 353 354 354 354 353 353 353 353 352 351 351 351 351 351 352 353 353 354 354 356 357 357 358 359 359 358 358 358 356 355 353 351 350 349 348 345
290 278 268 259 247 235 229 -32768 -32768 -32768 -32768 -32768 -32768 -32768 -32768 -32768 -32768 208 211 214 219 225 235 245 256 259 269 272 277 285 293 304 316 322 327 334 339 343 347 348 350 351 352 352 352 353 352 352 352 352 351 350 350 350 352 351 350 351 353 353 353 354 355 355 355 356 357 357 358 355 355 355 354 353 351 349 347 347 345
293 282 272 264 252 242 234 230 -32768 -32768 -32768 -32768 -32768 -32768 -32768 -32768 -32768 -32768 -32768 216 221 224 232 242 258 263 268 270 278 286 291 301 313 320 325 332 337 342 344 347 348 349 350 351 350 350 349 349 349 349 349 349 349 350 350 350 350 351 353 353 353 353 353 354 354 355 356 356 356 354 353 353 352 352 352 348 347 345 344
297 286 275 267 259 249 239 233 -32768 -32768 -32768 -32768 -32768 -32768 -32768 -32768 -32768 -32768 -32768 -32768 -32768 224 230 239 255 265 265 272 278 287 294 298 307 317 324 331 336 341 343 345 346 347 348 348 348 348 348 347 348 348 348 348 349 349 350 350 350 351 352 352 352 352 352 353 354 354 354 354 354 353 352 352 351 351 350 348 345 344 342
299 288 278 269 263 257 245 236 -32768 -32768 -32768 -32768 -32768 -32768 -32768 -32768 -32768 -32768 -32768 -32768 219 223 229 240 258 260 266 269 274 285 297 298 304 313 323 330 336 340 343 344 344 345 346 346 347 346 347 347 347 346 347 347 348 349 349 350 350 351 352 352 352 351 352 353 353 353 353 353 353 351 351 350 349 348 349 347 345 342 341
300 290 281 272 265 259 250 241 234 -32768 -32768 -32768 -32768 -32768 -32768 -32768 -32768 -32768 -32768 -32768 220 222 227 234 252 259 264 265 267 278 295 301 304 311 323 330 337 340 342 342 343 343 344 344 344 345 345 345 345 345 345 346 347 348 349 350 350 350 351 352 352 351 351 352 352 352 351 351 351 350 349 348 346 346 345 346 344 341 339
301 292 282 274 267 260 252 244 238 232 -32768 -32768 -32768 -32768 -32768 -32768 -32768 -32768 -32768 -32768 -32768 223 225 231 236 247 254 271 269 273 288 300 304 310 320 330 340 340 340 341 341 341 340 341 342 342 343 343 343 344 344 344 345 347 348 349 350 350 350 350 350 350 350 351 351 350 350 349 348 348 347 345 344 343 342 342 343 341 338
302 293 284 276 268 262 257 249 241 236 232 -32768 -32768 -32768 -32768 -32768 -32768 -32768 -32768 -32768 -32768 -32768 224 226 230 234 242 253 262 269 282 297 304 310 318 325 333 336 337 338 338 338 338 338 340 340 340 342 342 342 343 343 345 345 346 347 349 349 349 349 348 349 349 350 350 349 348 347 346 345 343 343 342 342 341 340 340 339 336
302 293 285 277 270 264 262 258 248 239 234 -32768 -32768 -32768 -32768 -32768 -32768 -32768 -32768 -32768 -32768 -32768 223 225 228 230 235 246 255 267 281 294 301 307 315 321 327 331 332 333 335 335 335 336 337 337 338 340 340 342 342 342 343 344 345 346 347 348 348 348 348 347 348 347 347 346 345 344 344 342 341 341 340 340 340 340 339 338 336
301 293 285 277 270 264 259 255 253 242 236 232 231 -32768 -32768 -32768 -32768 -32768 -32768 -32768 -32768 -32768 -32768 -32768 -32768 229 236 245 255 263 274 285 294 305 312 316 322 325 328 329 330 331 332 333 334 335 336 337 338 339 340 341 342 343 345 346 346 347 347 347 347 346 346 346 345 344 343 342 341 340 339 338 338 338 338 338 339 339 335
300 292 285 277 271 265 260 255 252 245 238 232 231 -32768 -32768 -32768 -32768 -32768 -32768 -32768 -32768 -32768 -32768 -32768 -32768 231 -32768 248 253 261 269 279 289 301 308 312 316 321 323 325 326 327 329 330 331 332 334 335 336 337 339 339 340 342 343 344 345 345 346 346 345 345 344 343 343 342 341 340 339 338 337 336 335 336 336 339 340 338 334
300 292 284 277 271 265 260 255 251 247 239 236 -32768 -32768 -32768 -32768 -32768 -32768 -32768 -32768 -32768 -32768 -32768 -32768 -32768 233 -32768 246 253 257 264 274 285 293 304 307 311 315 319 320 322 324 325 326 328 329 331 332 334 335 337 338 339 340 341 343 344 344 344 344 343 343 342 341 340 340 339 337 336 336 335 334 333 333 334 335 335 336 332
297 290 283 276 270 265 259 254 251 247 241 236 -32768 -32768 -32768 225 -32768 -32768 -32768 -32768 -32768 -32768 -32768 -32768 -32768 -32768 -32768 242 253 255 260 268 282 283 296 303 305 309 314 315 317 320 322 323 324 327 328 330 331 333 334 337 338 339 341 342 342 343 343 342 342 341 340 339 338 339 337 336 334 334 334 333 332 331 332 334 333 332 329
296 289 282 276 270 265 259 253 249 245 240 237 -32768 -32768 -32768 -32768 -32768 -32768 -32768 -32768 -32768 -32768 -32768 -32768 -32768 -32768 -32768 -32768 -32768 253 257 264 274 276 283 293 298 303 307 309 312 315 317 319 322 324 326 327 329 331 333 334 336 338 339 341 340 341 341 340 340 339 338 337 336 337 336 333 333 333 333 332 331 330 330 332 333 331 328
293 287 281 275 270 265 259 253 247 244 239 236 232 -32768 -32768 -32768 -32768 -32768 -32768 -32768 -32768 -32768 -32768 -32768 -32768 -32768 -32768 -32768 -32768 252 254 259 266 270 277 285 291 296 302 304 306 310 312 315 318 322 324 325 326 328 330 332 334 336 337 339 340 340 340 339 339 339 337 336 335 335 335 333 332 332 332 331 330 329 328 328 328 328 326
291 286 280 274 270 264 258 253 248 243 238 235 -32768 -32768 -32768 -32768 -32768 -32768 -32768 -32768 -32768 -32768 -32768 -32768 -32768 -32768 -32768 -32768 -32768 -32768 251 254 260 266 271 277 284 292 297 299 302 305 308 312 315 318 321 321 323 325 328 329 331 333 335 337 338 339 339 338 338 338 337 335 334 334 333 332 331 331 331 330 329 328 328 328 329 328 324
289 284 279 273 268 262 258 253 249 244 239 234 231 -32768 -32768 225 -32768 -32768 -32768 -32768 -32768 -32768 -32768 -32768 -32768 -32768 -32768 -32768 -32768 -32768 250 251 254 260 265 271 279 286 292 295 298 301 304 307 311 314 318 318 320 323 325 327 329 331 333 335 335 337 337 337 337 337 336 335 334 333 334 333 331 330 331 330 329 328 327 331 329 326 322
287 282 277 272 268 263 258 254 250 246 239 235 231 229 227 225 225 -32768 -32768 -32768 -32768 -32768 -32768 -32768 -32768 -32768 -32768 -32768 -32768 -32768 -32768 249 250 254 260 265 273 280 286 289 292 295 299 303 307 310 313 315 317 320 322 324 326 328 330 332 333 335 335 336 336 336 335 335 335 335 335 335 332 331 331 330 330 328 329 330 327 324 321
286 280 276 272 267 263 259 255 251 247 240 236 232 230 227 226 -32768 -32768 -32768 -32768 -32768 -32768 -32768 -32768 -32768 -32768 -32768 -32768 -32768 -32768 -32768 244 247 250 255 260 268 275 279 283 287 291 295 299 303 306 309 312 314 316 319 321 323 325 327 329 331 332 333 333 334 335 334 334 334 334 335 334 332 331 331 330 329 328 329 329 326 322 320
285 280 275 271 267 263 260 256 252 248 242 238 234 231 229 227 226 225 -32768 -32768 -32768 -32768 -32768 -32768 -32768 -32768 -32768 -32768 -32768 -32768 -32768 240 243 246 251 255 261 267 274 279 282 285 289 293 298 302 305 308 311 313 315 317 320 321 323 325 327 330 330 332 333 334 335 335 335 335 334 334 333 332 332 331 330 330 330 328 325 322 320
285 280 276 272 268 264 260 257 254 250 246 242 237 234 232 230 228 226 225 -32768 -32768 -32768 -32768 -32768 -32768 -32768 -32768 -32768 -32768 -32768 -32768 -32768 239 242 246 251 255 262 269 274 277 281 285 289 293 297 300 303 306 309 312 314 316 318 320 322 325 326 328 330 332 334 335 335 336 336 336 335 335 334 333 332 332 332 333 329 325 323 320
286 281 277 273 269 265 262 259 255 252 251 246 240 235 234 235 232 228 226 225 -32768 -32768 -32768 -32768 -32768 -32768 -32768 -32768 -32768 -32768 -32768 231 236 239 242 247 251 257 263 267 271 276 279 284 289 292 296 299 302 305 307 310 312 314 317 319 322 323 325 328 331 333 335 336 336 336 338 338 337 336 335 334 333 333 333 329 326 324 322
287 284 279 275 271 267 263 260 257 255 255 248 243 238 236 236 239 233 227 225 -32768 -32768 -32768 -32768 -32768 -32768 -32768 -32768 -32768 -32768 -32768 230 232 235 239 243 247 253 258 262 266 270 274 279 283 287 291 295 298 301 303 306 308 310 312 315 317 320 323 326 329 333 335 336 337 338 339 339 339 338 338 336 336 335 333 330 327 326 324
289 285 280 277 273 269 265 263 260 257 253 250 245 242 238 237 238 235 228 226 -32768 -32768 -32768 -32768 -32768 -32768 -32768 -32768 -32768 -32768 -32768 -32768 229 231 234 238 243 248 253 257 261 265 269 274 278 283 288 290 294 297 300 302 304 306 309 311 314 317 320 324 328 331 334 335 338 340 340 340 341 340 339 338 340 337 334 331 330 328 326
290 287 282 278 274 271 267 265 263 259 256 252 249 245 241 240 239 234 230 227 -32768 -32768 -32768 -32768 -32768 -32768 -32768 -32768 -32768 -32768 -32768 -32768 223 224 228 233 239 245 248 252 257 260 264 269 273 278 283 286 290 293 296 300 302 304 306 309 311 314 317 322 326 329 332 335 337 340 341 342 342 342 341 340 340 337 335 333 332 330 327
291 288 283 280 276 272 269 267 265 261 258 255 252 247 243 241 240 236 231 227 225 -32768 -32768 -32768 -32768 -32768 -32768 -32768 -32768 -32768 -32768 -32768 203 210 219 227 235 240 244 250 255 255 259 264 269 274 279 282 285 288 293 297 299 301 304 306 308 312 315 319 324 327 331 334 336 339 341 343 343 342 341 341 341 338 335 333 332 330 328
292 288 284 280 277 273 270 268 265 262 260 257 253 249 246 242 241 239 234 228 225 223 -32768 -32768 -32768 -32768 -32768 -32768 -32768 -32768 -32768 -32768 202 205 213 220 228 234 239 248 251 252 256 261 265 269 274 277 281 285 290 293 296 298 301 304 306 309 313 316 321 324 328 333 336 338 340 341 341 341 341 342 340 337 334 334 332 330 328
291 287 283 280 277 274 271 269 266 263 261 258 254 250 248 244 241 239 235 230 226 223 -32768 -32768 -32768 -32768 -32768 -32768 -32768 -32768 -32768 -32768 -32768 206 210 216 223 228 236 245 249 250 255 258 262 265 269 273 277 282 288 290 292 295 299 302 304 309 311 314 318 322 326 330 333 335 338 339 340 340 340 341 339 336 334 332 330 327 325
289 286 282 279 276 274 271 269 266 264 261 259 255 251 250 244 241 238 236 233 225 222 -32768 -32768 -32768 -32768 -32768 -32768 -32768 -32768 -32768 -32768 -32768 207 209 213 218 223 230 233 239 243 254 256 257 261 265 269 274 279 284 287 290 294 297 300 303 306 309 312 316 319 323 327 330 333 335 336 337 337 338 337 335 333 331 329 327 324 322
287 283 281 278 275 273 271 268 266 264 261 258 255 251 249 245 242 239 239 235 226 223 -32768 -32768 -32768 -32768 -32768 -32768 -32768 -32768 -32768 -32768 -32768 -32768 208 211 215 218 224 230 232 236 246 253 254 257 261 266 270 275 280 284 288 293 296 299 302 305 308 310 314 317 319 323 326 329 331 332 332 333 335 334 332 329 328 325 322 320 317
285 282 279 277 274 272 270 268 265 263 260 257 254 251 250 245 242 240 238 232 227 224 -32768 -32768 -32768 -32768 -32768 -32768 -32768 -32768 -32768 -32768 -32768 -32768 -32768 210 212 215 219 223 225 232 236 245 252 254 258 263 268 273 278 283 288 291 295 298 301 304 306 309 312 314 317 320 322 324 326 328 329 330 331 330 328 325 323 320 318 314 312
