Part_1_SDMs/env_data/future_climate_2070_RCP_8.5/bioclim_14.asc
NCOLS 444 
NROWS 438 
XLLCORNER -19 
YLLCORNER -35 
CELLSIZE 0.166666666666667 
NODATA_value -32768 
[rows 222 to 258 of 438, columns 249 to 331 of 444]
121 119 117 115 112 108 105 104 102 100 98 95 93 94 95 95 95 96 97 99 101 101 102 104 106 107 107 104 99 97 95 93 92 87 86 85 82 77 75 74 72 72 77 78 66 48 45 40 44 42 44 45 46 45 42 40 41 43 45 46 48 51 51 46 45 47 51 49 46 46 50 59 53 40 29 26 26 31 30 24 21 18 18
125 124 122 121 119 117 114 113 113 112 109 102 100 100 100 100 100 100 100 101 102 103 105 106 109 110 110 107 104 100 97 94 92 88 87 85 84 79 77 74 73 74 73 61 58 60 59 52 49 46 47 53 51 47 42 42 45 49 52 55 60 61 62 57 54 55 58 59 60 62 59 56 56 47 38 30 28 30 30 28 26 25 22
129 129 127 126 126 123 120 117 115 113 112 115 112 107 104 104 103 102 102 103 105 107 108 109 110 112 113 111 108 105 101 96 93 92 89 86 84 85 80 74 73 75 66 58 74 69 55 54 49 50 47 44 42 38 35 35 40 47 53 58 56 57 59 57 56 57 56 58 65 71 63 58 57 54 46 37 33 34 31 35 29 30 23
134 133 132 131 128 124 120 117 114 111 109 112 114 112 109 102 98 100 103 105 108 111 112 113 114 116 117 115 112 109 104 100 96 93 92 89 85 86 82 81 77 83 66 75 82 58 50 49 45 41 37 35 33 31 29 31 37 44 51 53 55 60 62 59 56 54 51 51 56 70 67 62 60 63 59 47 37 36 41 31 28 32 24
137 135 135 132 128 124 120 117 115 112 111 112 111 109 107 105 99 102 105 108 111 113 115 118 118 119 119 117 116 112 107 103 100 97 92 89 89 88 83 89 86 80 60 66 70 48 41 43 40 34 31 28 27 26 26 30 36 44 52 55 58 64 64 61 60 53 47 43 44 55 68 66 65 72 74 60 46 37 45 34 26 25 27
139 139 136 132 128 124 121 118 116 114 113 112 110 107 106 105 106 106 107 109 109 110 112 112 114 114 115 115 114 113 111 106 102 99 94 91 88 88 85 83 77 70 56 52 45 38 38 41 38 30 26 23 22 23 26 31 37 45 55 63 64 66 65 59 52 48 43 38 33 36 63 73 77 86 86 70 58 43 50 36 29 24 28
142 139 134 130 127 124 121 119 117 115 114 111 108 105 104 103 103 103 103 104 105 106 106 108 109 110 110 111 110 109 108 106 103 101 99 95 92 88 82 77 69 63 45 35 31 31 33 38 33 26 21 18 18 20 25 30 36 46 62 68 64 62 58 53 47 42 39 34 30 32 49 65 68 60 62 70 72 49 42 37 29 25 32
139 135 132 129 126 123 121 119 117 115 112 108 105 103 101 100 99 99 99 100 100 101 102 103 104 105 106 106 107 106 105 103 101 98 95 93 89 85 79 70 61 55 39 31 28 30 33 33 29 22 17 15 15 18 22 30 36 51 69 71 65 59 54 48 43 38 34 31 30 32 41 51 54 53 56 72 76 60 43 37 29 27 31
135 132 129 126 124 122 120 117 114 112 109 106 103 100 98 97 96 95 95 95 96 96 97 98 100 101 102 103 103 103 103 101 98 96 93 90 86 83 76 67 59 46 36 30 27 31 32 33 25 18 15 13 14 17 21 30 38 52 63 66 61 55 49 44 39 34 31 28 28 32 40 50 50 64 84 89 79 60 44 42 36 28 28
130 128 125 123 121 119 116 113 110 108 105 103 100 97 94 93 92 91 91 90 91 92 93 94 96 97 99 100 100 101 100 99 97 94 91 87 84 80 73 67 58 43 36 30 29 33 32 33 25 17 13 12 12 15 20 30 38 48 55 57 55 50 45 40 35 31 28 25 25 36 45 57 61 85 92 86 81 68 51 42 39 33 29
125 123 121 119 117 114 112 108 106 103 100 98 95 93 91 89 87 86 86 86 86 87 89 90 92 93 95 97 98 98 98 96 95 92 89 85 81 77 73 67 54 41 35 31 32 26 26 31 29 18 11 9 10 13 19 27 36 44 48 50 48 45 41 36 32 28 25 23 22 27 38 51 66 95 94 76 64 58 52 48 42 42 31
119 117 116 114 112 109 106 104 100 97 95 93 90 88 86 84 83 82 81 81 82 83 84 86 88 90 92 93 94 95 95 94 92 88 85 82 77 73 70 66 54 40 38 34 28 22 18 19 19 13 8 6 8 12 18 26 34 40 44 45 43 40 37 33 29 25 22 20 19 20 28 44 59 78 73 62 49 40 37 34 34 43 26
113 112 110 108 105 103 101 98 95 92 89 87 85 83 81 79 78 77 77 77 77 79 80 82 84 87 89 90 91 92 92 90 89 86 81 76 73 70 67 65 57 39 39 29 22 20 15 12 9 8 6 6 8 13 20 27 33 38 41 41 39 37 34 30 26 22 19 18 18 22 31 39 46 55 53 48 40 33 25 20 18 20 18
106 105 103 101 99 96 94 92 89 86 83 81 79 77 76 74 73 72 72 72 73 74 76 79 81 83 86 88 89 89 88 87 85 81 78 73 70 65 62 59 54 43 36 23 16 14 12 9 7 6 5 5 8 14 22 29 33 35 38 38 36 34 31 27 23 19 16 15 16 23 30 39 41 42 43 37 32 26 20 15 14 14 14
99 98 96 94 92 89 87 85 82 80 77 75 73 72 70 69 68 67 67 67 68 70 73 75 78 81 83 85 86 86 85 83 80 76 72 66 63 59 54 48 44 40 28 18 13 11 10 9 6 4 4 5 8 12 20 27 30 32 34 35 34 32 29 25 21 17 14 12 14 18 24 31 36 37 33 30 26 21 18 16 12 11 9
93 92 90 87 84 81 80 78 75 73 72 70 68 66 65 64 63 62 62 62 64 66 69 72 75 78 81 82 84 83 82 79 75 70 65 60 56 51 45 40 34 30 20 14 11 9 9 9 6 4 4 4 6 10 15 21 25 28 30 32 31 30 27 24 19 15 12 11 13 15 19 26 28 30 29 26 23 20 17 18 12 8 6
86 84 82 80 78 75 73 72 69 66 66 63 62 60 59 59 58 57 57 58 59 62 65 69 72 76 79 80 80 78 77 74 70 65 59 53 48 43 39 30 25 23 16 12 10 8 7 6 5 4 3 3 5 7 10 15 19 22 25 28 29 28 26 23 17 14 12 11 15 18 20 24 26 27 26 24 21 18 15 14 12 6 4
80 79 77 75 72 68 66 65 64 61 60 57 56 55 55 54 53 51 51 51 54 57 62 67 71 74 77 77 77 73 71 69 64 59 53 47 42 38 33 26 21 18 13 10 8 7 6 5 4 3 2 2 4 5 6 9 13 17 21 23 25 25 24 21 16 13 11 11 13 15 16 19 21 23 22 21 20 16 15 11 9 4 4
73 73 71 69 67 65 61 59 58 56 55 53 51 50 50 49 47 45 44 44 46 52 58 64 69 72 75 77 75 71 69 65 60 53 47 41 35 32 27 23 19 14 11 9 6 5 4 3 2 2 2 2 3 3 4 6 9 14 16 18 19 19 18 15 11 8 7 7 8 10 11 14 17 19 20 18 16 14 12 8 5 4 3
67 68 65 63 63 61 57 54 53 51 51 50 48 47 46 44 42 40 37 36 38 44 55 63 67 71 73 76 76 73 67 63 55 48 41 35 31 28 22 19 16 12 10 8 5 4 3 2 2 2 2 2 2 3 3 4 6 9 11 11 13 13 12 10 7 5 4 4 5 7 9 11 13 16 17 15 14 13 9 5 3 3 2
61 61 61 58 58 57 53 50 47 46 46 45 45 44 43 41 38 35 32 30 28 34 49 60 64 68 71 74 74 72 68 60 53 43 37 31 28 24 18 17 14 10 7 7 4 3 2 2 2 2 2 2 2 2 3 3 4 7 8 9 10 10 9 7 5 3 2 3 3 5 7 9 11 13 13 12 11 11 8 4 2 2 1
56 55 57 56 54 53 51 47 44 43 43 42 42 41 40 38 36 33 29 26 21 26 41 53 59 63 68 71 74 70 64 56 49 40 33 27 25 21 16 12 12 9 6 5 4 3 2 2 2 2 2 1 1 2 2 2 3 4 6 7 8 8 8 6 4 2 1 1 2 4 5 7 8 9 9 9 9 9 5 3 2 3 1
52 49 52 54 53 50 47 46 43 42 40 39 39 38 38 36 34 32 30 27 25 28 38 48 54 58 63 66 69 67 60 52 45 37 30 24 19 19 13 8 10 9 6 5 4 3 2 2 1 1 1 1 1 2 2 2 2 3 4 5 6 6 6 5 3 2 1 1 2 3 4 5 6 6 6 6 7 7 5 4 3 1 1
49 45 45 47 48 46 43 43 41 39 38 37 37 37 36 35 33 31 31 32 34 34 38 45 50 54 58 60 61 58 53 47 41 33 28 22 18 19 13 6 7 8 6 5 3 2 2 2 1 1 1 1 1 1 1 2 2 3 3 4 4 4 4 3 2 2 2 2 2 3 3 4 4 4 4 4 5 5 6 12 6 1 4
49 46 44 45 45 44 41 40 40 38 36 35 35 34 34 33 32 31 32 33 35 36 38 42 47 50 52 54 54 50 45 42 35 30 25 20 19 17 15 8 5 5 6 4 3 3 2 1 1 1 1 1 1 1 1 2 3 2 3 3 3 3 2 2 2 2 2 2 2 2 3 3 3 3 2 2 4 6 8 13 7 1 1
48 44 43 42 44 45 42 38 37 35 34 34 33 33 33 32 31 31 31 31 33 34 36 39 42 45 47 48 47 44 40 36 32 28 23 20 17 15 14 9 4 4 5 4 3 2 2 2 2 2 1 1 0 0 1 1 2 2 2 2 2 1 1 1 1 1 2 2 2 2 2 2 2 2 2 2 3 9 6 6 3 1 3
45 43 42 42 44 44 41 39 35 35 34 32 31 31 31 31 30 29 29 29 30 31 32 35 38 40 42 43 43 40 37 34 30 25 21 18 16 14 12 9 4 5 5 4 3 2 2 1 1 1 1 1 0 0 0 1 1 1 1 1 1 1 1 0 0 1 1 1 1 2 2 2 2 1 1 2 2 3 3 2 1 3 3
38 37 37 37 38 40 41 37 35 34 32 31 30 30 29 29 28 27 26 26 26 27 29 30 33 35 37 39 38 36 34 31 28 23 20 17 15 13 11 9 4 6 4 4 2 2 1 0 1 1 1 0 0 0 0 0 0 0 0 1 1 1 1 1 0 0 1 1 1 1 1 1 1 1 1 1 1 2 3 2 1 1 2
32 32 32 33 33 35 34 34 32 30 30 29 29 28 27 27 26 25 24 23 23 24 24 26 28 30 32 34 34 33 31 28 25 22 19 17 15 12 11 8 4 5 4 4 2 2 0 0 1 1 0 0 0 0 0 0 0 0 0 0 1 1 1 1 1 1 1 1 1 1 1 1 1 1 1 1 1 2 4 1 1 1 3
29 28 29 29 29 29 29 29 28 28 27 27 26 26 26 26 24 23 21 20 20 19 20 22 24 26 28 30 31 30 29 26 23 21 18 16 14 12 10 7 5 4 4 3 2 1 0 0 1 1 0 0 0 0 0 0 0 0 0 0 0 1 1 1 1 1 1 1 0 0 0 0 0 0 0 0 1 3 3 0 1 1 2
26 26 26 26 26 26 26 25 25 24 25 25 24 24 25 24 22 21 19 17 16 16 17 18 20 22 24 26 28 28 26 25 22 19 17 15 13 11 9 6 4 3 3 3 2 1 1 0 0 0 0 0 0 0 0 0 0 0 0 0 0 0 1 1 1 1 0 0 0 0 0 0 0 0 0 1 1 2 2 1 1 1 2
22 22 22 23 22 22 22 22 23 22 22 22 22 23 23 22 20 18 17 15 13 13 13 15 16 18 20 22 24 25 24 22 20 18 16 14 12 10 8 5 4 2 2 2 1 1 1 0 0 0 0 0 0 0 0 0 0 0 0 0 0 0 0 0 0 0 0 0 0 0 0 0 0 0 0 1 1 1 1 0 1 1 1
19 19 19 19 19 18 18 19 20 20 21 20 20 21 21 21 19 17 15 13 12 10 11 12 14 15 17 19 20 22 23 21 19 17 14 12 11 9 8 5 3 2 2 2 1 1 1 0 0 0 0 0 0 0 0 0 0 0 0 0 0 0 0 0 0 0 0 0 0 0 0 0 0 0 0 0 1 1 0 0 1 1 1
17 16 16 16 16 15 15 16 17 17 18 19 19 19 20 19 17 15 14 12 11 9 9 11 12 13 14 16 17 19 20 20 17 15 13 11 9 8 7 5 3 2 2 2 1 1 0 0 0 0 0 0 0 0 0 0 0 0 0 0 0 0 0 0 0 0 0 0 0 0 0 0 0 0 0 0 0 0 0 0 1 1 1
15 15 14 14 13 13 13 14 15 15 17 18 18 18 18 18 16 14 12 11 10 9 9 9 10 11 12 13 14 16 18 17 15 13 11 10 7 7 6 4 3 2 2 1 1 1 1 0 0 0 0 0 0 0 0 0 0 0 0 0 0 0 0 0 0 0 0 0 0 0 0 0 0 0 0 0 0 0 0 1 1 1 1
14 13 13 12 11 10 11 12 13 14 15 17 17 17 17 17 15 13 12 11 10 9 8 8 8 9 9 10 12 13 15 14 13 11 10 9 6 5 5 4 3 2 2 1 1 1 1 1 0 0 0 0 0 0 0 0 0 0 0 0 0 0 0 0 0 0 0 0 0 0 0 0 0 0 0 0 0 0 0 0 1 1 1
13 13 12 11 11 10 10 11 12 13 14 15 16 16 16 15 14 11 10 9 8 8 8 7 7 8 8 8 10 11 12 11 10 9 8 7 5 4 4 3 2 2 2 1 1 1 1 1 0 0 0 0 0 0 0 0 0 0 0 0 0 0 0 0 0 0 0 0 0 0 0 0 0 0 0 0 0 0 0 0 0 0 1
