Part_1_SDMs/env_data/future_climate_2070_RCP_8.5/bioclim_17.asc
NCOLS 444 
NROWS 438 
XLLCORNER -19 
YLLCORNER -35 
CELLSIZE 0.166666666666667 
NODATA_value -32768 
[rows 324 to 359 of 438, columns 243 to 323 of 444]
0 0 0 0 0 0 0 1 1 1 1 1 1 1 1 1 1 1 1 1 1 1 1 1 1 1 1 1 1 1 1 1 1 0 0 0 0 0 0 0 0 0 0 0 0 0 0 0 0 0 0 0 0 0 0 0 0 0 0 0 0 0 1 2 3 3 3 4 4 5 6 6 8 10 13 15 15 16 15 16 18
0 0 0 0 0 0 0 1 1 1 1 1 1 1 1 1 1 1 1 1 1 1 1 1 1 1 1 1 1 1 1 1 1 1 1 1 1 0 0 0 0 1 1 0 0 0 0 0 0 1 1 0 0 0 0 0 0 0 0 0 0 0 2 3 4 4 3 3 4 4 5 6 6 8 11 14 15 15 15 16 16
0 0 0 0 0 0 1 1 1 1 1 1 1 1 1 1 1 1 1 1 1 1 1 1 1 1 1 1 1 1 1 1 1 1 1 1 1 1 1 1 1 1 1 1 0 0 0 1 2 2 2 2 2 2 2 1 1 1 1 1 1 2 2 3 4 4 4 3 3 3 4 4 5 7 9 12 14 15 16 17 17
0 0 0 0 0 0 1 1 1 1 1 1 1 1 1 1 1 1 1 1 1 1 1 1 1 1 1 1 1 1 1 1 1 1 1 1 1 1 1 1 1 1 1 1 0 1 2 3 3 3 3 3 3 3 3 3 2 2 3 2 2 2 2 2 2 4 4 3 2 2 3 4 5 6 8 11 12 13 15 19 20
0 0 0 0 0 0 1 1 1 1 1 1 1 1 1 1 1 1 1 1 1 1 1 1 1 1 1 1 1 1 1 1 1 1 1 1 1 1 0 0 1 2 2 2 1 2 3 3 4 4 3 3 3 3 3 3 3 2 2 2 2 2 3 3 3 3 3 2 2 2 2 4 5 6 9 11 10 12 13 17 21
0 0 0 0 0 0 1 1 1 1 1 1 1 1 1 1 1 1 1 1 1 1 1 1 1 1 1 1 1 1 1 1 1 1 1 1 1 0 0 1 2 2 2 2 2 2 3 4 4 4 3 3 3 3 3 2 3 2 2 2 2 3 4 4 4 3 2 2 2 2 3 4 5 7 9 10 13 13 14 15 18
0 0 0 0 0 0 1 1 1 1 1 1 1 1 1 1 1 1 1 1 1 1 1 1 1 1 0 0 1 1 1 1 1 1 1 1 1 1 1 1 2 2 2 2 2 2 3 3 3 3 4 4 4 4 4 4 5 3 3 2 3 3 4 5 5 5 3 2 2 2 3 5 6 8 11 13 14 15 15 15 16
0 0 0 0 0 0 1 1 1 1 1 1 1 1 1 1 1 1 1 1 1 1 1 1 1 1 0 0 0 1 1 1 1 1 1 1 1 1 1 1 2 2 2 2 2 1 2 2 2 3 5 5 5 5 5 6 6 5 4 3 3 4 5 5 5 4 4 2 2 3 6 8 9 11 14 15 16 16 17 15 16
0 0 0 0 0 0 1 1 1 1 1 1 1 1 1 1 1 1 1 1 1 2 1 1 1 1 1 0 0 1 1 1 1 1 1 2 2 2 1 1 2 2 2 2 1 1 1 1 2 3 5 6 6 6 5 6 6 6 5 5 6 6 6 6 6 5 3 3 4 7 10 12 14 16 18 20 19 19 19 19 18
0 0 0 0 0 0 1 1 1 1 1 1 1 1 1 1 1 1 1 1 2 2 2 1 1 1 1 1 0 1 1 1 1 1 2 2 2 2 2 2 2 2 2 1 1 1 1 1 1 2 4 5 5 5 5 6 6 6 6 7 6 8 6 5 4 4 4 5 8 13 16 19 20 22 24 25 24 25 24 22 20
0 0 0 0 0 0 1 1 1 1 1 1 1 1 1 1 1 1 1 1 1 1 1 2 1 1 1 1 1 0 1 1 1 2 2 2 1 1 1 2 2 2 2 1 1 1 1 1 1 2 3 4 5 4 4 5 6 7 7 7 8 7 6 4 4 4 5 11 13 20 22 26 28 30 31 30 28 28 27 25 24
0 0 0 0 0 0 1 1 1 1 1 1 1 1 1 1 1 1 1 1 1 1 1 1 1 1 1 1 0 0 0 0 1 2 2 1 1 1 1 2 2 2 1 1 1 1 1 1 1 1 2 3 5 5 4 5 6 6 8 7 7 7 6 4 3 4 6 19 21 34 30 34 36 35 35 34 32 30 30 29 27
0 0 0 0 0 1 1 1 1 1 1 1 1 1 0 0 1 1 1 1 1 1 1 1 1 1 1 1 0 0 0 0 0 2 2 1 1 1 1 1 2 2 2 1 2 1 1 1 1 1 1 2 4 4 4 5 5 6 8 8 8 8 7 6 5 7 9 26 38 48 38 40 42 42 41 39 35 32 33 30 28
0 0 0 0 1 1 1 1 1 1 1 1 1 0 0 0 0 0 0 1 1 1 1 1 1 1 1 1 0 0 0 0 0 1 1 2 1 1 1 1 1 1 1 2 2 2 1 1 1 2 2 3 3 4 4 4 4 5 8 9 9 8 8 7 8 13 17 35 60 52 44 44 46 46 46 45 40 36 33 31 30
0 0 0 1 1 1 1 1 1 1 1 1 0 0 0 0 0 0 0 0 0 0 0 0 1 1 1 1 0 0 0 0 0 1 1 2 2 2 2 1 1 1 0 1 1 1 2 1 2 2 2 3 4 4 5 4 4 5 7 9 9 9 9 9 10 17 29 46 49 46 46 46 47 48 50 68 42 36 33 33 35
0 0 1 2 1 1 1 1 1 1 1 1 0 0 0 0 0 0 0 0 0 0 0 0 0 0 1 1 0 0 0 0 0 0 2 2 2 2 2 2 1 0 0 1 1 1 2 2 2 2 2 2 3 4 4 4 4 6 7 10 11 11 10 9 11 14 24 33 42 40 42 43 45 49 49 52 42 35 34 35 37
0 1 2 2 2 1 1 1 1 1 1 1 0 0 0 0 0 0 0 0 0 0 0 0 0 0 1 1 0 0 0 0 0 0 1 2 2 2 2 1 1 0 0 0 1 2 2 2 2 2 1 2 3 5 5 5 5 7 7 8 10 10 8 8 9 11 24 55 36 36 39 41 43 44 47 46 38 35 35 39 39
0 1 1 2 1 1 1 1 1 1 1 1 0 0 0 0 0 0 0 0 0 0 0 0 0 0 0 1 0 0 0 0 0 1 1 2 2 1 1 1 1 1 1 1 2 2 3 2 2 2 2 3 3 4 4 3 6 8 7 8 8 8 7 6 8 10 17 25 26 32 36 39 42 44 43 40 36 34 36 41 40
0 1 1 1 1 1 1 1 1 1 1 1 1 0 0 0 0 0 0 0 0 0 0 0 0 0 0 0 1 1 1 1 1 1 1 2 2 2 0 1 1 1 1 2 2 3 3 2 3 3 3 3 3 3 4 5 6 7 6 7 7 7 6 7 9 10 16 27 20 26 30 36 41 41 39 34 33 33 36 40 41
0 1 1 1 1 1 1 1 1 1 1 1 1 0 0 0 0 0 0 0 0 0 0 0 0 0 0 0 1 1 1 1 2 2 2 2 2 2 1 1 1 1 2 2 3 4 3 2 3 3 3 4 3 4 5 5 6 6 6 7 5 6 6 6 8 9 11 17 19 24 28 34 36 33 32 30 30 32 36 40 41
0 1 1 1 1 1 1 1 1 1 1 1 1 0 0 0 0 0 0 0 0 0 0 0 0 0 0 0 1 1 1 2 2 2 2 2 2 2 2 2 1 1 2 4 4 4 3 3 3 4 5 5 4 5 6 6 7 6 6 5 5 4 4 5 6 7 9 26 21 26 28 32 30 28 30 29 28 30 34 40 42
0 1 1 1 1 1 1 1 1 1 1 1 1 1 0 0 0 0 0 0 0 0 0 0 0 0 0 0 1 1 1 2 2 2 2 2 2 3 2 2 2 2 2 3 4 3 3 3 3 5 5 5 4 4 5 5 6 6 6 5 5 4 5 5 5 6 11 24 28 28 28 30 25 26 29 29 28 29 33 40 43
0 1 1 1 1 1 1 1 1 1 1 1 1 1 0 0 0 0 0 0 0 0 0 0 0 0 0 0 1 1 1 2 2 2 2 2 2 3 2 1 1 1 2 4 4 4 3 4 5 5 5 5 5 5 4 5 5 6 6 6 6 6 6 6 5 7 18 32 43 52 36 27 25 26 26 26 27 28 31 39 44
0 0 1 1 1 1 1 1 1 1 1 1 1 1 0 0 0 0 0 0 0 0 0 0 0 0 0 0 1 1 1 2 2 2 2 2 2 2 1 1 1 2 3 4 4 4 4 6 5 5 5 5 5 5 5 5 6 7 9 9 11 10 8 6 6 9 35 51 60 51 26 23 25 26 26 26 26 26 28 34 43
0 0 1 1 1 1 1 1 1 1 1 1 1 1 0 0 0 0 0 0 0 0 0 0 0 0 0 0 1 1 1 2 2 2 2 2 2 2 2 1 1 3 3 4 4 4 5 6 6 5 5 5 5 5 5 6 8 11 15 17 17 17 10 7 7 13 36 51 45 25 23 24 26 26 29 29 27 26 27 29 -32768
0 0 1 1 1 1 1 1 1 1 1 1 1 1 0 0 0 0 0 0 0 0 0 0 0 0 0 0 1 1 1 2 2 2 3 3 3 3 2 2 2 2 5 5 3 4 5 5 5 5 5 7 7 6 6 9 15 17 21 19 17 14 11 8 7 16 40 41 40 27 25 24 25 27 32 29 27 26 27 27 -32768
0 0 1 1 1 1 1 1 1 1 1 1 1 1 0 0 0 0 0 0 0 0 0 0 0 0 0 0 0 1 1 2 2 2 3 3 3 4 3 2 3 3 5 5 5 5 5 6 5 5 6 8 8 8 9 11 14 14 17 21 20 16 12 10 9 21 38 48 32 25 23 24 26 29 29 27 26 26 27 26 -32768
0 0 1 1 1 1 1 1 1 1 1 1 1 1 0 0 1 0 0 0 0 0 0 0 0 0 0 0 0 1 1 2 2 2 2 2 3 4 4 3 4 5 5 5 5 6 6 6 7 7 9 12 11 9 10 11 12 15 17 23 19 16 13 12 12 21 31 34 26 22 24 25 28 28 25 25 26 26 26 27 27
1 1 2 2 1 1 1 1 1 1 1 1 2 2 1 1 1 1 1 0 0 0 0 0 0 0 0 0 0 1 1 2 2 3 3 2 2 3 5 5 5 5 5 5 6 7 7 7 8 10 12 13 11 10 11 12 12 14 15 17 15 14 14 14 15 19 23 20 23 23 26 27 26 24 23 24 24 24 26 26 26
1 1 2 2 2 2 2 2 2 2 2 2 2 2 1 1 1 1 1 1 0 0 0 0 0 0 0 0 0 1 1 2 3 3 3 2 2 2 4 5 6 6 7 7 7 7 7 8 9 11 10 10 10 10 12 12 12 13 14 15 14 14 14 15 15 17 19 20 22 23 25 23 22 21 22 22 23 24 25 25 24
1 1 2 2 2 2 2 2 2 2 2 2 2 2 2 2 1 1 1 1 1 0 0 0 0 0 0 0 1 1 1 2 3 3 3 3 2 3 3 5 5 6 7 6 7 7 8 9 9 10 10 9 8 10 11 11 11 11 14 14 15 13 13 14 15 14 15 16 20 20 21 21 20 20 20 21 22 23 24 23 22
1 2 2 2 2 2 2 2 2 2 2 2 2 2 2 2 2 2 2 2 2 1 1 1 1 1 1 1 1 1 1 2 2 3 3 3 3 3 3 4 5 5 6 6 6 7 7 8 8 9 9 9 10 10 9 9 11 13 14 15 14 13 14 15 13 11 13 13 17 17 17 18 17 18 19 19 21 22 24 23 23
1 2 2 2 2 2 2 2 2 2 2 2 2 2 2 2 2 2 2 2 2 2 2 1 1 1 1 1 1 1 2 2 2 2 2 2 3 3 3 3 4 4 4 5 6 7 6 6 7 8 8 8 9 9 9 10 11 13 16 16 17 16 13 12 12 12 11 11 13 14 14 15 15 16 17 18 20 21 23 24 24
1 2 2 2 2 2 2 2 2 2 2 2 2 2 3 3 3 3 3 2 2 2 2 2 1 1 1 1 1 2 3 3 3 3 2 2 1 1 2 2 2 3 4 4 6 6 6 6 6 6 7 7 7 8 9 10 11 13 15 18 19 18 14 13 13 12 11 11 11 11 13 13 15 16 17 18 19 20 22 22 23
1 2 2 2 2 2 2 2 2 2 2 2 3 3 3 3 3 3 3 3 3 2 2 2 2 1 1 1 3 3 3 3 3 3 3 2 2 2 2 1 1 1 4 4 5 5 5 7 6 6 6 6 6 8 8 10 12 15 15 16 18 17 14 13 12 11 10 9 10 10 11 12 13 15 16 16 18 20 21 22 23
3 2 2 2 2 2 2 2 2 2 2 3 3 3 3 3 3 3 3 3 3 3 3 2 2 2 1 2 3 3 3 3 3 3 3 3 2 2 1 1 0 1 2 4 4 5 5 6 7 6 6 6 8 8 9 9 11 15 14 13 15 15 12 10 10 9 8 8 8 8 9 11 12 13 15 16 17 19 21 22 23
