Part_1_SDMs/env_data/future_climate_2070_RCP_8.5/bioclim_3.asc
NCOLS 444 
NROWS 438 
XLLCORNER -19 
YLLCORNER -35 
CELLSIZE 0.166666666666667 
NODATA_value -32768 
[rows 216 to 251 of 438, columns 249 to 331 of 444]
81 80 81 81 80 80 81 81 81 81 81 81 81 81 80 80 80 81 81 80 81 81 80 80 81 81 81 81 81 81 81 82 82 82 82 83 83 84 84 83 83 83 83 83 83 84 83 83 82 81 79 79 80 80 79 79 78 77 77 77 78 78 77 77 78 78 78 79 80 81 82 83 84 85 85 84 84 85 86 85 86 86 86
81 81 81 82 82 81 81 82 82 82 81 81 81 81 81 81 81 81 81 80 81 81 81 81 81 81 81 81 81 81 81 82 83 83 83 83 84 83 83 83 83 83 83 83 83 84 84 83 83 81 80 81 84 82 81 80 79 78 78 78 78 78 78 78 78 77 78 78 79 80 81 83 84 84 85 85 85 84 86 86 86 86 86
81 82 82 82 82 82 82 82 82 82 82 82 82 82 82 82 82 82 81 82 82 82 82 82 82 82 82 81 82 82 82 83 83 83 83 83 83 84 83 84 83 83 83 82 83 85 86 85 83 81 82 82 81 81 80 80 80 80 80 80 80 79 78 78 77 76 77 77 79 80 81 83 84 85 86 86 85 86 86 86 86 86 87
82 82 82 82 83 82 83 82 82 82 82 83 82 82 82 83 83 83 83 82 82 82 82 82 83 82 83 82 82 82 83 83 83 84 84 83 84 84 84 84 84 83 83 83 83 85 86 85 84 83 82 81 80 80 80 81 81 81 82 81 81 80 80 79 77 77 77 78 79 79 81 83 85 86 87 87 87 85 86 86 86 86 87
83 83 82 82 82 82 83 83 82 82 82 82 82 83 83 83 83 83 83 83 83 83 83 83 82 83 83 82 83 83 83 84 84 84 84 85 84 85 85 85 85 85 84 84 85 85 86 85 84 83 82 81 80 81 82 82 82 83 83 83 83 82 81 79 79 79 78 78 79 79 80 83 82 86 88 87 86 82 84 86 86 86 86
82 82 83 82 82 82 83 83 82 82 82 83 84 84 83 84 84 84 84 84 83 84 84 83 84 83 83 83 83 83 83 84 84 84 85 85 84 85 85 85 86 85 86 85 86 86 87 86 85 84 83 82 82 83 83 84 83 84 84 84 84 83 83 82 81 80 80 79 79 79 80 84 80 86 89 89 87 83 85 86 86 86 86
81 82 83 82 83 82 83 82 82 82 82 84 85 84 85 84 85 84 85 84 85 85 84 85 84 84 84 84 84 84 84 84 85 85 85 85 85 86 86 87 86 87 87 87 87 86 87 86 86 85 84 83 83 83 84 84 84 85 85 85 85 84 85 84 83 82 82 80 80 80 81 85 85 88 90 89 89 87 87 87 86 86 86
82 82 82 82 83 82 82 82 82 81 81 81 83 84 84 84 84 84 85 85 85 85 86 86 85 85 85 85 85 85 85 85 85 85 85 85 86 86 87 88 88 88 89 88 87 87 86 86 87 85 85 84 83 84 85 85 86 85 86 85 85 86 85 86 85 84 84 82 83 82 84 86 88 89 89 90 89 88 87 87 87 86 86
82 81 82 82 82 83 83 82 82 81 81 81 83 83 84 85 85 84 85 85 85 85 86 87 86 86 85 85 85 85 86 85 85 86 86 86 86 86 87 88 89 90 90 89 88 86 86 86 87 86 86 85 84 85 86 86 86 87 87 86 87 86 86 86 86 86 85 85 85 85 86 86 88 89 89 89 89 87 87 88 87 86 86
82 82 82 82 82 83 82 82 82 82 82 82 83 83 84 84 84 84 85 85 85 86 85 86 87 86 86 86 86 86 86 86 87 87 86 87 87 87 88 88 90 90 91 88 83 86 87 88 87 87 86 85 86 86 87 87 87 87 88 87 86 86 86 87 87 87 86 85 86 87 87 87 88 89 89 89 89 87 87 88 87 86 86
82 82 83 83 82 82 82 82 82 82 82 83 83 84 84 84 84 84 85 85 85 86 87 87 87 87 87 87 87 87 86 87 87 88 87 88 88 88 89 86 85 88 91 88 85 86 86 87 88 88 87 87 88 87 87 87 88 89 89 88 86 87 86 87 88 87 87 87 87 87 87 88 88 88 89 88 88 86 86 87 87 86 85
82 83 83 82 83 83 83 83 83 82 83 83 84 84 84 84 83 84 85 85 86 86 87 86 87 87 87 87 88 86 87 88 88 88 88 88 89 89 89 88 85 87 91 89 88 86 87 88 88 88 88 88 87 87 87 87 88 88 88 89 89 88 88 87 88 88 87 87 87 87 87 87 87 88 89 88 87 85 82 87 86 85 83
82 82 82 83 83 84 84 84 84 84 84 85 84 85 84 84 84 84 84 85 86 85 86 86 87 87 87 87 86 87 87 87 88 88 88 89 89 88 89 88 87 88 91 90 88 88 88 89 89 89 88 88 87 86 86 87 87 88 88 88 88 89 89 89 88 88 88 88 87 87 87 87 87 87 88 87 87 86 83 84 85 84 80
83 83 83 83 83 83 83 84 84 85 84 85 85 84 85 85 84 84 84 85 85 85 85 85 86 86 86 86 86 87 87 87 88 88 88 88 89 89 88 88 89 90 91 90 89 89 89 90 89 88 88 89 87 87 86 85 86 87 87 87 87 88 88 88 89 89 88 88 88 87 87 87 87 87 87 87 87 87 83 83 84 83 80
83 83 83 83 83 83 83 84 84 84 84 83 84 85 84 84 84 84 84 84 84 85 85 85 85 86 86 86 87 87 87 87 87 88 88 88 88 88 89 91 91 92 91 90 89 89 88 88 87 87 87 87 87 87 86 86 86 87 86 87 87 87 87 88 88 87 88 88 88 87 87 88 87 87 87 85 86 85 82 80 81 83 81
84 84 84 84 84 84 84 84 84 83 84 83 84 84 84 83 84 84 84 84 85 85 85 85 86 86 86 87 87 87 87 87 88 89 88 88 88 89 90 90 90 91 91 90 89 88 88 87 86 85 85 85 85 85 86 86 86 86 86 85 86 86 86 87 86 87 87 87 88 88 88 88 87 86 84 83 83 84 83 80 78 81 80
84 84 84 84 84 84 83 83 84 83 83 83 83 84 84 84 84 84 84 84 85 85 85 86 85 86 86 86 86 88 88 88 89 88 88 88 88 88 90 89 89 90 90 89 88 88 87 87 86 84 82 84 84 84 84 86 86 86 86 85 86 86 85 86 86 86 86 87 87 87 87 87 87 86 84 83 83 84 84 82 79 77 79
84 84 84 84 84 84 84 84 84 82 82 83 83 84 84 84 84 84 84 84 84 84 84 86 85 86 86 87 87 88 89 89 89 89 88 88 88 89 89 89 89 90 89 87 88 88 88 87 86 83 83 84 84 83 85 85 86 86 86 85 85 84 84 85 85 85 85 85 85 85 85 87 87 85 84 83 84 85 85 84 82 77 78
84 84 84 84 84 84 83 83 83 83 83 84 83 84 84 83 83 83 84 84 84 84 85 86 86 86 87 87 87 88 88 89 89 88 88 88 88 89 89 89 88 89 88 87 88 88 87 86 85 84 84 84 84 85 86 86 87 86 85 85 84 84 83 84 84 84 83 84 83 83 83 86 87 85 84 85 85 85 86 87 85 81 79
84 84 84 84 84 84 83 83 83 83 83 84 83 84 84 84 84 83 83 84 85 84 85 85 86 86 87 86 87 88 88 89 89 88 89 89 89 89 89 88 87 88 85 86 87 87 87 85 85 85 85 84 85 86 87 88 87 86 85 84 84 82 81 82 82 82 82 82 82 83 83 85 86 86 84 85 85 85 86 86 84 81 79
84 84 84 84 84 84 84 84 84 83 83 83 84 83 84 84 84 83 84 84 85 85 85 85 85 86 87 87 88 89 89 90 89 89 89 90 90 88 88 86 85 84 83 84 85 86 84 84 84 84 85 85 85 85 87 87 86 85 85 83 81 81 81 81 81 80 81 80 81 82 82 84 85 85 85 85 85 84 84 84 82 80 78
85 85 85 84 84 84 84 84 84 84 84 84 84 83 84 84 84 84 84 85 85 85 85 86 86 87 88 88 88 90 90 89 89 89 89 89 88 87 87 88 85 83 83 83 83 84 83 83 84 84 84 84 85 85 86 86 85 84 83 82 81 80 80 79 79 79 79 79 80 80 81 82 83 84 83 83 83 82 82 80 80 79 78
84 84 84 85 84 84 85 85 85 85 85 84 84 84 85 84 84 84 85 85 85 85 85 86 86 87 88 89 89 88 88 87 87 88 87 87 87 87 85 86 86 83 83 83 83 82 82 83 84 83 84 84 84 84 84 84 83 81 81 80 79 78 78 78 77 77 77 77 79 79 80 80 81 81 81 81 80 80 79 78 77 78 78
84 84 85 85 86 85 85 86 86 85 85 85 84 85 85 84 85 84 85 85 85 85 86 87 87 87 89 89 88 87 87 87 87 86 87 86 86 84 84 85 85 83 82 82 81 81 81 82 82 82 82 82 82 82 81 82 80 79 79 78 77 77 76 76 75 75 75 76 77 78 77 78 79 79 80 79 78 77 77 77 76 77 77
85 85 85 86 86 86 86 86 86 86 86 85 85 85 85 85 85 85 84 84 86 86 86 87 87 88 89 88 88 87 87 86 86 86 86 85 85 84 84 83 83 82 82 81 81 80 80 80 81 80 81 81 81 81 79 79 78 78 77 77 76 75 75 74 74 74 74 74 75 75 76 76 77 77 78 77 76 76 75 76 76 77 76
84 85 85 87 87 87 87 87 87 86 86 85 86 85 85 85 85 85 84 84 85 85 86 87 88 88 88 88 87 87 86 86 86 85 85 85 84 82 81 82 81 80 81 80 81 80 78 78 79 79 79 79 79 79 78 77 77 76 76 75 75 74 74 74 72 72 72 73 73 74 74 74 75 75 75 75 74 74 73 75 76 76 75
84 85 85 86 87 87 87 87 87 86 86 86 86 85 86 85 85 85 85 85 85 86 87 87 87 88 88 88 86 86 86 85 85 85 84 84 82 81 80 79 79 79 79 80 80 79 78 77 78 78 79 78 79 78 77 77 76 75 74 74 73 73 74 72 71 70 70 71 71 72 72 73 73 73 73 73 72 72 73 75 76 75 74
83 85 86 86 86 87 88 87 87 86 86 86 86 86 86 86 85 85 85 85 85 86 86 87 88 88 88 87 86 86 85 85 84 84 83 83 81 81 79 79 79 78 77 77 79 78 77 78 77 77 78 78 79 78 77 76 75 74 74 73 72 71 70 69 69 69 69 69 70 70 70 71 71 72 72 71 71 71 73 73 74 72 72
83 84 86 86 87 86 87 88 87 87 87 86 86 87 86 86 85 85 85 85 85 86 87 87 87 88 87 87 87 86 85 85 84 83 83 81 80 79 79 79 79 79 78 78 78 77 77 77 77 77 77 77 77 77 75 75 75 73 73 71 70 69 68 67 67 67 68 68 68 68 69 69 70 70 70 70 70 70 71 70 72 72 71
83 84 85 86 87 87 87 88 88 87 87 87 86 87 86 86 85 85 85 85 85 86 86 86 87 87 87 87 86 85 85 84 83 82 81 80 79 80 78 78 78 79 78 78 77 76 77 76 76 76 76 76 75 75 75 74 74 73 71 70 69 68 67 66 66 66 66 67 67 67 68 68 69 69 69 70 70 70 69 66 68 72 69
83 84 85 86 87 87 87 88 88 88 87 87 87 86 86 86 85 84 85 85 85 86 86 86 87 87 87 86 86 85 84 83 82 81 80 79 79 79 78 77 77 77 77 76 76 75 75 75 76 75 75 75 74 74 74 73 73 72 70 69 68 67 66 65 65 65 66 65 65 66 67 67 68 68 68 68 69 69 67 65 68 72 72
83 84 85 86 87 87 87 88 88 87 87 87 87 87 86 86 85 84 85 85 85 85 85 86 86 87 87 86 85 84 83 82 81 80 79 78 77 78 78 76 74 75 76 75 75 74 73 74 74 74 74 73 74 74 73 73 73 71 69 68 67 66 65 65 64 64 64 64 65 65 66 66 67 67 67 68 68 65 66 67 69 71 69
83 84 85 86 87 88 88 88 88 87 87 86 86 85 85 84 85 84 84 84 83 83 84 85 85 86 85 86 85 83 82 81 80 79 78 77 76 76 76 76 72 74 75 74 73 73 73 71 71 72 72 72 72 73 73 72 72 70 69 68 67 66 65 64 64 64 63 64 65 65 66 66 67 67 67 68 71 69 68 69 70 69 69
83 84 85 86 88 87 87 87 87 87 87 86 86 85 84 84 83 83 83 82 83 83 83 83 83 84 84 84 84 82 81 80 79 78 76 77 75 75 75 74 72 74 74 73 71 71 69 67 69 71 72 71 71 72 72 71 70 69 67 67 66 65 65 64 63 63 63 64 64 65 66 66 67 67 68 69 70 70 68 69 70 70 70
83 84 84 86 87 87 87 86 87 86 86 85 85 84 84 84 83 82 83 82 82 81 81 82 82 82 83 82 83 82 80 79 78 77 76 76 75 74 74 73 72 72 72 71 70 69 67 66 68 70 70 71 71 71 71 70 69 68 66 66 65 64 64 64 63 63 63 64 64 64 66 66 66 67 68 69 70 68 66 69 70 70 69
84 84 85 85 87 87 86 86 86 85 85 85 84 84 83 82 82 81 82 81 80 81 80 81 81 81 81 82 82 82 80 79 77 76 76 75 74 74 72 72 71 70 70 70 69 67 66 66 67 69 70 70 70 70 69 69 68 66 66 65 64 64 64 64 63 63 63 64 64 65 65 66 67 67 68 68 69 66 66 69 70 69 69
