Part_1_SDMs/env_data/future_climate_2070_RCP_8.5/bioclim_19.asc
NCOLS 444 
NROWS 438 
XLLCORNER -19 
YLLCORNER -35 
CELLSIZE 0.166666666666667 
NODATA_value -32768 
[rows 108 to 143 of 438, columns 320 to 399 of 444]
0 0 0 0 0 0 0 0 1 1 0 0 1 2 4 2 2 3 -32768 -32768 -32768 -32768 -32768 -32768 -32768 -32768 -32768 -32768 -32768 -32768 -32768 -32768 -32768 -32768 47 -32768 45 46 45 46 45 43 41 40 36 33 29 24 20 17 16 16 15 13 13 13 12 12 12 12 12 11 11 10 10 10 10 10 10 10 10 10 11 12 12 12 12 13 14 15
0 0 0 0 0 0 0 0 1 1 0 0 1 2 2 2 2 2 -32768 -32768 -32768 -32768 -32768 -32768 -32768 -32768 -32768 -32768 -32768 -32768 -32768 -32768 -32768 -32768 -32768 -32768 -32768 48 48 48 48 48 44 41 39 36 33 27 23 20 19 18 17 15 14 14 14 13 13 12 12 11 11 11 10 10 10 10 10 10 10 11 11 12 12 12 12 14 14 15
0 0 0 0 0 0 0 0 1 1 1 0 0 1 1 2 2 2 -32768 -32768 -32768 -32768 -32768 -32768 -32768 -32768 -32768 -32768 -32768 -32768 -32768 -32768 -32768 -32768 -32768 -32768 -32768 52 52 50 50 50 48 46 42 40 36 30 27 24 21 20 19 17 15 14 15 15 14 13 13 11 11 11 11 11 11 11 11 11 11 11 11 12 12 12 13 14 14 15
0 0 0 0 0 0 0 0 0 1 1 0 1 1 2 2 2 2 -32768 -32768 -32768 -32768 -32768 -32768 -32768 -32768 -32768 -32768 -32768 -32768 -32768 -32768 -32768 -32768 -32768 -32768 -32768 -32768 -32768 54 52 52 52 51 47 43 41 36 31 28 25 22 20 18 17 15 16 16 15 14 14 12 11 11 11 12 11 11 11 11 11 11 12 12 12 13 13 14 14 14
0 0 0 0 0 0 0 0 0 1 1 1 3 1 3 1 1 3 -32768 -32768 9 -32768 -32768 -32768 -32768 -32768 -32768 -32768 -32768 -32768 -32768 -32768 -32768 -32768 -32768 -32768 -32768 -32768 -32768 57 55 54 54 54 53 48 47 42 35 30 27 24 22 12 11 10 9 9 9 15 14 14 13 12 11 12 11 11 11 11 11 12 12 13 13 13 14 14 14 15
0 0 0 0 0 0 0 0 0 0 1 1 2 3 3 2 3 3 4 8 -32768 -32768 -32768 -32768 -32768 -32768 -32768 -32768 -32768 -32768 -32768 -32768 -32768 -32768 -32768 -32768 -32768 -32768 -32768 59 56 57 57 57 57 54 49 47 40 33 30 17 15 13 12 10 10 9 9 15 15 15 14 13 12 13 12 11 11 11 12 13 13 13 13 13 14 14 15 16
0 0 0 0 0 0 0 0 0 0 1 1 2 5 9 9 7 5 5 -32768 -32768 -32768 28 28 -32768 -32768 -32768 -32768 -32768 -32768 -32768 -32768 -32768 -32768 -32768 -32768 -32768 -32768 -32768 -32768 59 58 59 60 61 58 52 54 46 37 18 17 15 14 12 11 10 10 9 9 7 15 14 13 13 13 13 12 12 13 13 13 13 13 13 14 14 15 15 16
0 0 0 0 0 0 0 0 0 0 0 0 2 7 11 18 35 9 8 11 14 23 24 28 -32768 -32768 -32768 -32768 -32768 -32768 -32768 -32768 -32768 -32768 -32768 -32768 -32768 -32768 -32768 -32768 -32768 60 60 61 62 58 54 59 52 42 19 17 15 13 12 12 11 11 10 9 8 16 15 14 13 14 14 12 12 13 13 13 13 13 13 14 15 15 15 16
0 0 0 0 0 0 0 0 0 0 0 0 1 4 10 18 32 14 10 12 17 23 -32768 -32768 -32768 -32768 -32768 -32768 -32768 -32768 -32768 -32768 -32768 -32768 -32768 -32768 -32768 -32768 -32768 -32768 70 62 62 63 65 60 56 59 61 49 20 17 16 14 13 13 12 12 10 10 8 8 16 15 15 13 14 13 13 13 13 13 13 13 14 15 15 15 16 16
0 0 0 0 0 0 0 0 1 1 0 0 0 3 9 21 28 14 24 29 38 25 31 -32768 -32768 -32768 -32768 -32768 -32768 -32768 -32768 -32768 -32768 -32768 -32768 -32768 -32768 -32768 -32768 -32768 71 69 64 67 67 64 59 62 70 60 20 18 16 15 13 12 13 12 11 11 10 9 8 8 8 8 14 14 14 13 13 13 13 13 14 14 14 14 16 17
0 0 0 0 0 0 0 0 1 1 0 0 0 3 9 20 30 23 26 30 41 29 37 44 51 -32768 -32768 -32768 -32768 -32768 -32768 -32768 -32768 -32768 -32768 -32768 -32768 -32768 -32768 -32768 -32768 -32768 66 67 66 67 63 66 79 76 22 19 18 16 14 13 13 12 11 11 10 9 9 9 9 8 8 8 8 13 13 13 13 13 14 14 14 15 16 17
0 0 0 0 0 0 0 0 0 0 0 0 1 3 8 19 21 22 28 32 27 34 45 50 54 59 -32768 -32768 -32768 -32768 -32768 -32768 -32768 -32768 -32768 -32768 -32768 -32768 -32768 -32768 -32768 -32768 -32768 65 63 59 55 56 60 56 24 21 20 19 16 14 14 12 11 11 11 10 9 9 9 9 8 8 8 8 8 13 13 14 14 14 14 15 16 17
0 0 0 0 0 0 0 0 0 0 0 0 1 3 6 11 14 19 24 33 48 40 49 58 60 62 -32768 -32768 -32768 -32768 -32768 -32768 -32768 -32768 -32768 -32768 -32768 -32768 -32768 -32768 -32768 -32768 -32768 63 61 57 51 47 47 47 44 38 20 19 18 17 15 13 12 11 10 10 10 10 9 9 9 9 8 8 8 8 8 13 13 14 15 16 16 17
0 0 0 0 0 0 0 0 0 0 0 0 1 2 5 7 11 17 22 32 44 45 52 79 67 67 67 -32768 -32768 -32768 -32768 -32768 -32768 -32768 -32768 -32768 -32768 -32768 -32768 -32768 -32768 -32768 -32768 -32768 57 53 47 44 39 40 36 34 20 18 18 16 14 13 13 12 11 11 10 10 10 9 9 9 9 8 8 8 9 10 10 14 15 16 16 17
0 0 0 0 0 0 0 0 0 0 0 0 0 2 4 6 9 15 20 29 38 37 32 53 70 71 70 70 -32768 -32768 -32768 -32768 -32768 -32768 -32768 -32768 -32768 -32768 -32768 -32768 -32768 -32768 -32768 -32768 -32768 -32768 44 40 36 32 33 39 21 18 18 17 15 13 13 12 11 10 11 10 10 9 9 9 9 9 8 9 10 10 11 11 15 16 17 18
0 0 0 0 0 0 0 0 0 0 0 0 0 2 3 5 8 13 18 24 32 33 29 42 82 72 73 72 -32768 -32768 -32768 -32768 -32768 -32768 -32768 -32768 -32768 -32768 -32768 -32768 -32768 -32768 -32768 -32768 -32768 -32768 -32768 36 33 29 27 29 33 19 19 17 16 14 12 12 12 11 10 10 10 10 9 9 9 9 10 10 10 11 11 11 12 16 17 18
0 0 0 0 0 0 0 0 0 0 0 0 0 1 2 4 6 11 16 21 28 21 29 31 58 87 74 74 -32768 -32768 -32768 -32768 -32768 -32768 -32768 -32768 -32768 -32768 -32768 -32768 -32768 -32768 -32768 -32768 -32768 -32768 -32768 35 31 26 24 22 24 19 20 17 16 15 14 12 12 12 12 10 10 10 9 9 10 10 10 11 11 11 11 12 12 13 15 18
0 0 0 0 0 0 0 0 0 0 0 0 0 1 2 3 5 8 13 16 20 24 33 31 40 71 74 77 78 -32768 -32768 -32768 -32768 -32768 -32768 -32768 -32768 -32768 -32768 -32768 -32768 -32768 -32768 -32768 53 48 -32768 -32768 28 24 21 19 20 20 21 18 16 16 15 13 12 11 12 11 11 11 9 9 10 10 11 11 11 11 11 12 12 14 15 19
0 0 0 0 0 0 0 0 0 0 0 0 0 0 1 2 3 6 10 13 16 22 26 22 22 54 94 80 82 -32768 -32768 -32768 -32768 -32768 -32768 -32768 -32768 -32768 -32768 -32768 -32768 -32768 -32768 57 52 44 39 -32768 26 21 19 17 18 20 21 20 17 15 15 14 14 13 12 10 11 11 10 10 10 10 11 11 11 11 11 12 12 14 15 19
0 0 0 0 0 0 0 0 0 0 0 0 0 0 0 1 2 4 6 7 13 16 15 10 11 47 94 86 89 -32768 -32768 -32768 -32768 -32768 -32768 -32768 -32768 -32768 -32768 -32768 -32768 -32768 -32768 56 47 41 35 32 -32768 20 18 16 15 15 20 18 17 15 15 15 15 13 12 11 10 10 10 10 10 10 10 10 10 11 12 12 13 14 15 16
0 0 0 0 0 0 0 0 0 0 0 0 0 0 0 0 2 3 5 4 6 11 13 12 8 56 101 96 97 101 -32768 -32768 -32768 -32768 105 105 -32768 -32768 -32768 -32768 -32768 -32768 -32768 -32768 -32768 40 33 31 -32768 -32768 17 16 14 14 18 16 16 16 14 12 14 14 13 11 10 11 9 10 10 9 9 10 11 12 12 12 13 14 16 16
0 0 0 0 0 0 0 0 0 0 0 0 0 0 0 0 0 2 3 2 2 6 7 11 7 48 112 109 108 105 -32768 114 -32768 111 105 104 -32768 -32768 -32768 -32768 -32768 -32768 -32768 -32768 -32768 36 -32768 26 -32768 -32768 16 14 13 12 15 15 15 16 14 13 11 13 13 12 10 10 10 9 9 9 9 10 10 11 11 12 13 14 15 17
0 0 0 0 0 0 0 0 0 0 0 0 0 0 0 0 0 0 1 1 2 1 2 6 8 38 114 146 119 111 -32768 -32768 114 110 107 104 -32768 -32768 -32768 -32768 -32768 -32768 -32768 -32768 -32768 32 -32768 23 22 20 14 13 12 12 16 16 14 14 14 12 9 8 9 9 11 10 10 9 9 9 9 9 10 10 11 11 13 14 15 16
0 0 0 0 0 0 0 0 0 0 0 0 0 0 0 0 0 0 0 1 1 0 0 2 7 48 119 176 137 119 111 -32768 -32768 109 106 103 -32768 -32768 -32768 -32768 -32768 -32768 -32768 -32768 -32768 -32768 -32768 -32768 19 -32768 14 12 11 11 16 14 13 15 15 13 11 9 8 8 8 8 8 9 9 9 9 9 10 10 10 11 11 12 13 14
0 0 0 0 0 0 0 0 0 0 0 0 0 0 0 0 0 0 0 0 0 1 0 0 5 22 72 215 149 125 107 105 -32768 105 105 112 103 94 -32768 -32768 -32768 -32768 -32768 -32768 -32768 -32768 -32768 -32768 -32768 -32768 11 11 10 10 16 13 13 17 16 15 13 13 9 8 8 8 8 8 8 8 8 9 9 9 9 10 11 11 12 14
0 0 0 0 0 0 0 0 0 0 0 0 0 0 0 0 0 0 0 0 0 0 5 13 9 29 80 251 181 128 102 -32768 -32768 103 119 110 103 90 81 -32768 -32768 -32768 -32768 -32768 -32768 -32768 -32768 19 15 13 10 9 9 10 11 14 16 17 16 15 14 16 11 8 7 8 8 8 8 8 8 9 9 9 9 9 10 11 11 13
0 0 0 0 0 0 0 0 0 0 0 0 0 0 0 0 0 0 0 0 0 1 8 25 45 58 63 208 262 191 107 93 -32768 118 115 108 103 91 78 67 63 -32768 -32768 -32768 32 30 -32768 17 16 12 9 9 8 8 10 14 19 17 15 13 15 16 12 10 9 8 8 7 7 8 8 8 9 9 9 9 9 9 11 12
0 0 0 0 0 0 0 0 0 0 0 0 0 0 0 0 0 0 0 0 0 2 10 28 62 59 25 44 302 322 220 177 120 120 116 -32768 100 84 78 73 59 -32768 -32768 -32768 -32768 -32768 -32768 -32768 14 10 8 7 7 9 15 15 16 17 15 13 16 16 14 11 10 8 7 7 7 7 7 7 7 8 8 9 9 10 12 13
0 0 0 0 0 0 0 0 0 0 0 0 0 0 0 0 0 0 0 0 0 3 10 27 56 41 13 17 126 269 274 148 121 119 114 106 -32768 -32768 -32768 -32768 -32768 49 -32768 -32768 -32768 -32768 22 -32768 -32768 10 9 8 8 8 11 11 12 17 17 14 14 14 13 11 9 7 7 7 7 7 7 7 7 7 7 8 9 11 13 14
0 0 0 0 0 0 0 0 0 0 0 0 0 0 0 0 0 0 0 538 0 3 7 17 29 30 15 26 61 72 164 264 165 141 119 105 95 88 -32768 -32768 -32768 -32768 -32768 -32768 -32768 -32768 19 19 -32768 -32768 -32768 8 8 6 7 10 14 13 12 14 15 13 12 11 10 9 7 7 6 6 6 6 7 7 7 8 10 12 12 13
0 0 0 0 0 0 0 0 0 0 0 0 0 0 0 0 0 0 0 0 0 4 12 17 20 16 16 42 69 56 74 187 229 148 125 106 93 82 74 -32768 -32768 -32768 -32768 -32768 -32768 -32768 -32768 -32768 -32768 -32768 -32768 8 7 6 8 9 10 10 10 14 12 10 11 9 9 9 7 7 7 6 6 6 6 6 7 8 9 10 11 12
0 0 0 0 0 0 0 0 0 0 0 0 0 0 0 0 0 0 0 598 605 9 13 16 23 25 23 41 92 93 47 121 216 144 106 98 96 80 70 60 -32768 -32768 -32768 -32768 -32768 -32768 -32768 -32768 -32768 -32768 -32768 7 5 5 5 11 11 11 12 12 12 11 9 8 8 8 7 6 6 6 7 6 6 6 6 8 9 10 11 11
0 0 0 0 0 0 0 0 0 0 0 0 0 0 0 0 0 0 626 635 625 654 12 17 23 23 34 50 83 89 43 110 202 167 104 85 83 78 73 62 51 43 -32768 -32768 -32768 -32768 -32768 -32768 -32768 -32768 -32768 6 4 4 5 11 12 10 11 12 12 13 11 8 8 9 9 8 6 5 5 6 6 6 6 8 9 10 10 11
0 0 0 0 0 0 0 0 0 0 0 0 0 0 0 0 0 0 5 645 640 663 713 14 22 29 42 37 42 54 39 77 203 161 132 74 72 73 82 74 58 43 35 -32768 -32768 -32768 -32768 -32768 -32768 -32768 -32768 6 4 4 4 7 10 12 9 12 14 13 11 10 8 9 9 8 8 5 5 5 6 6 7 8 8 8 8 8
0 0 0 0 0 0 0 0 0 0 0 0 0 0 0 0 0 644 634 649 650 645 719 774 16 19 22 17 21 28 28 44 116 165 144 71 63 61 71 77 65 48 33 27 -32768 -32768 -32768 -32768 -32768 -32768 -32768 -32768 5 4 4 8 9 9 8 14 15 13 13 10 9 8 8 8 8 8 5 5 5 6 7 7 7 7 8 7
0 0 0 0 0 0 0 0 461 468 490 518 545 569 591 618 650 669 683 629 636 658 719 792 13 14 15 18 23 40 42 36 81 147 129 71 57 52 53 64 67 50 33 26 -32768 -32768 -32768 -32768 -32768 -32768 9 -32768 5 5 5 6 7 10 12 15 15 13 11 10 9 8 8 9 9 9 5 5 6 6 6 6 7 7 8 7
