Part_1_SDMs/env_data/future_climate_2070_RCP_8.5/bioclim_12.asc
NCOLS 444 
NROWS 438 
XLLCORNER -19 
YLLCORNER -35 
CELLSIZE 0.166666666666667 
NODATA_value -32768 
[rows 238 to 271 of 438, columns 231 to 307 of 444]
2090 2116 2135 2152 2168 2185 2193 2202 2213 2219 2223 2225 2215 2210 2195 2182 2167 2145 2127 2115 2106 2098 2091 2081 2070 2054 2043 2036 2022 2028 2020 2023 2017 2013 2028 2046 2069 2089 2125 2164 2203 2239 2285 2221 2196 2149 2156 2128 2043 1952 1868 1730 1715 1581 1677 1716 1785 1339 1227 1559 1316 1221 1148 1022 929 862 897 934 942 975 1166 1256 1317 1507 1578 1591 1581
2061 2086 2112 2130 2148 2165 2181 2188 2195 2206 2211 2214 2211 2203 2194 2174 2156 2133 2115 2103 2095 2090 2084 2070 2055 2038 2024 2014 2004 2007 2005 2001 1992 1989 1999 2019 2040 2065 2114 2164 2213 2256 2272 2248 2239 2227 2177 2177 2101 1984 1926 1780 1733 1648 1751 1823 1718 1382 1197 1436 1292 1177 1090 977 910 880 882 911 946 978 1156 1219 1277 1368 1420 1439 1436
2029 2057 2084 2108 2125 2147 2166 2172 2182 2188 2199 2207 2208 2200 2191 2172 2147 2122 2100 2086 2080 2082 2079 2066 2040 2020 2005 1994 1984 1979 1984 1983 1966 1966 1971 1989 2007 2035 2086 2159 2219 2269 2300 2284 2246 2219 2218 2180 2088 1964 1894 1828 1727 1712 1630 1783 1609 1391 1197 1303 1239 1185 1062 954 899 877 885 893 945 987 1145 1231 1275 1277 1303 1308 1294
1996 2022 2051 2078 2103 2120 2141 2159 2173 2177 2179 2189 2195 2199 2189 2171 2139 2107 2077 2065 2057 2064 2081 2057 2022 1998 1984 1973 1965 1956 1955 1948 1942 1937 1938 1952 1966 1989 2042 2125 2230 2302 2311 2293 2273 2219 2166 2113 2052 1891 1862 1847 1735 1701 1758 1763 1444 1320 1373 1426 1218 1167 1072 979 897 873 882 888 925 981 1100 1142 1243 1226 1219 1210 1175
1966 1994 2022 2051 2075 2097 2116 2134 2152 2159 2164 2178 2188 2197 2195 2171 2130 2087 2051 2033 2029 2027 2035 2025 1994 1973 1961 1953 1944 1938 1926 1921 1912 1906 1910 1913 1921 1931 1973 2057 2200 2318 2308 2291 2287 2251 2215 2112 1992 1892 1775 1786 1719 1694 1775 1706 1418 1459 1605 1526 1260 1168 1111 1007 926 884 884 897 913 978 1045 1083 1122 1117 1116 1113 1120
1938 1965 1992 2019 2044 2068 2091 2111 2128 2139 2146 2154 2164 2177 2187 2165 2113 2065 2020 1995 1993 1992 1984 1981 1967 1949 1940 1934 1928 1922 1904 1899 1886 1879 1878 1876 1876 1873 1892 1971 2118 2221 2262 2253 2236 2225 2200 2133 2005 1874 1752 1743 1659 1662 1739 1687 1481 1364 1620 1583 1285 1157 1120 1037 975 918 908 902 914 952 980 1004 1016 991 994 1021 1047
1916 1943 1971 1995 2016 2038 2061 2080 2098 2115 2124 2136 2143 2147 2149 2128 2085 2035 1992 1958 1956 1960 1960 1949 1939 1932 1923 1915 1909 1904 1886 1877 1865 1854 1850 1845 1842 1838 1847 1912 2017 2101 2185 2220 2188 2184 2155 2081 1953 1845 1719 1669 1661 1523 1521 1686 1392 1120 1471 1623 1315 1174 1130 1085 1059 980 929 911 915 938 965 973 967 919 932 973 1016
1893 1920 1947 1974 1998 2019 2037 2054 2071 2085 2099 2112 2115 2114 2108 2087 2051 2010 1971 1933 1915 1922 1933 1928 1921 1921 1911 1903 1897 1891 1870 1859 1843 1829 1822 1816 1812 1811 1820 1878 1941 2009 2062 2090 2104 2087 2064 2016 1919 1798 1690 1650 1557 1482 1525 1887 1544 1034 1204 1495 1422 1229 1171 1128 1112 1013 987 939 924 936 965 967 968 968 987 996 998
1865 1894 1917 1943 1969 1993 2010 2030 2041 2049 2067 2076 2080 2077 2070 2050 2023 1994 1963 1933 1921 1923 1929 1934 1925 1919 1907 1895 1887 1874 1855 1840 1820 1804 1798 1793 1788 1787 1793 1841 1886 1938 1967 1990 2007 1993 1968 1947 1886 1755 1704 1641 1540 1579 1792 1939 1854 1252 1008 1187 1479 1228 1192 1146 1132 1075 1059 986 957 943 955 974 991 1035 1063 1018 1000
1837 1865 1887 1905 1936 1956 1970 1987 2002 2018 2029 2039 2045 2033 2031 2017 1997 1977 1955 1934 1928 1930 1949 1958 1945 1925 1907 1891 1879 1863 1847 1823 1799 1784 1774 1765 1760 1763 1774 1814 1841 1882 1910 1935 1946 1899 1875 1885 1820 1751 1632 1470 1485 1643 1784 1851 1949 1484 921 1091 1415 1206 1187 1179 1171 1166 1120 1062 997 966 967 979 991 1014 1028 1002 982
1804 1827 1857 1878 1898 1918 1936 1955 1971 1979 1992 1999 2005 2001 1998 1990 1978 1961 1948 1940 1939 1948 1969 1988 1962 1931 1906 1884 1864 1845 1833 1806 1779 1764 1753 1741 1734 1733 1741 1777 1808 1829 1870 1944 1869 1815 1801 1820 1744 1637 1523 1455 1560 1548 1646 1816 1935 1505 893 1200 1485 1227 1157 1189 1222 1195 1137 1100 1046 1004 979 982 986 985 986 961 947
1796 1821 1846 1863 1887 1910 1926 1943 1948 1962 1969 1971 1974 1974 1972 1963 1955 1950 1942 1935 1937 1947 1965 1978 1956 1925 1899 1870 1850 1834 1816 1781 1767 1749 1736 1723 1711 1704 1706 1725 1740 1769 1791 1815 1779 1745 1714 1679 1629 1550 1503 1524 1603 1576 1635 1743 1881 1543 924 1358 1565 1257 1190 1204 1225 1178 1168 1151 1088 1008 985 985 971 954 946 918 910
1791 1817 1835 1853 1865 1894 1917 1928 1935 1952 1962 1961 1960 1965 1962 1957 1949 1942 1938 1934 1936 1942 1950 1950 1937 1910 1887 1868 1843 1817 1795 1766 1757 1738 1716 1700 1685 1674 1672 1668 1683 1700 1718 1724 1715 1696 1692 1644 1600 1518 1532 1560 1568 1626 1620 1721 1774 1227 969 1342 1403 1299 1258 1241 1214 1173 1173 1128 1060 1020 988 972 952 940 914 891 888
1759 1787 1805 1838 1865 1880 1899 1913 1921 1917 1926 1942 1947 1936 1934 1934 1932 1924 1925 1928 1928 1929 1933 1930 1917 1900 1881 1856 1840 1810 1786 1760 1737 1719 1698 1680 1658 1647 1629 1630 1660 1665 1661 1672 1672 1672 1608 1572 1567 1591 1492 1480 1508 1506 1499 1629 1451 1186 1019 1074 1290 1367 1272 1232 1182 1148 1153 1125 1082 1039 990 963 944 925 901 882 877
1737 1755 1788 1810 1843 1854 1868 1870 1884 1907 1911 1908 1910 1923 1927 1920 1915 1914 1910 1910 1909 1908 1909 1904 1893 1881 1865 1848 1833 1803 1773 1749 1724 1704 1681 1657 1633 1614 1590 1573 1587 1599 1613 1616 1617 1611 1634 1549 1507 1466 1414 1333 1390 1369 1416 1642 1241 1141 1077 1062 1270 1380 1243 1188 1172 1159 1104 1080 1061 1042 991 962 945 924 904 877 873
1736 1770 1769 1782 1817 1816 1842 1868 1877 1893 1903 1906 1908 1907 1908 1918 1914 1909 1906 1906 1904 1892 1892 1885 1877 1864 1847 1833 1822 1805 1773 1743 1714 1690 1672 1638 1613 1583 1555 1530 1526 1540 1555 1567 1580 1578 1546 1510 1488 1428 1367 1305 1274 1302 1417 1563 1180 1105 1142 1131 1142 1296 1241 1190 1187 1125 1105 1066 1062 1032 990 966 949 929 914 900 900
1730 1756 1763 1781 1797 1822 1839 1850 1869 1870 1879 1890 1910 1905 1897 1893 1900 1908 1907 1898 1894 1884 1877 1875 1871 1857 1838 1823 1803 1796 1777 1740 1705 1674 1659 1623 1594 1558 1528 1504 1506 1509 1528 1538 1542 1532 1509 1493 1437 1396 1378 1303 1238 1212 1385 1373 1232 1135 1129 1123 1089 1321 1278 1267 1198 1128 1074 1055 1044 1031 994 972 961 949 937 930 935
1728 1737 1756 1761 1800 1806 1828 1830 1833 1845 1859 1879 1890 1903 1893 1887 1884 1888 1893 1894 1889 1874 1860 1864 1864 1851 1836 1823 1796 1781 1775 1736 1695 1669 1653 1612 1582 1541 1510 1485 1487 1484 1485 1493 1537 1526 1487 1442 1416 1435 1339 1285 1236 1187 1229 1251 1301 1179 1083 1076 1061 1319 1196 1245 1120 1098 1057 1033 1037 1042 1001 983 974 970 964 965 965
1740 1728 1754 1757 1792 1792 1820 1828 1826 1828 1833 1854 1879 1899 1888 1880 1872 1881 1876 1877 1885 1864 1846 1858 1851 1830 1823 1815 1790 1771 1765 1739 1696 1660 1635 1604 1571 1529 1497 1475 1467 1462 1466 1476 1471 1463 1445 1432 1433 1413 1371 1317 1233 1184 1154 1229 1413 1257 1060 1037 1049 1091 1119 1132 1068 1047 1054 1021 1015 1020 1000 993 993 992 994 999 1010
1758 1727 1748 1756 1776 1788 1813 1818 1799 1795 1811 1831 1860 1870 1870 1870 1860 1872 1878 1875 1874 1859 1841 1829 1819 1804 1810 1808 1791 1768 1756 1746 1706 1659 1629 1597 1548 1506 1472 1464 1451 1439 1439 1452 1434 1442 1433 1410 1393 1376 1382 1316 1262 1204 1158 1167 1431 1373 1047 1011 983 989 1040 1067 1060 1025 1035 1021 1000 1002 1005 1010 1015 1017 1024 1034 1041
1765 1724 1754 1755 1765 1775 1802 1810 1812 1779 1777 1799 1819 1830 1850 1849 1848 1853 1862 1869 1863 1845 1827 1817 1819 1800 1788 1801 1790 1760 1763 1743 1717 1650 1604 1576 1526 1489 1454 1442 1427 1412 1422 1432 1386 1398 1371 1377 1337 1336 1321 1288 1270 1232 1160 1168 1249 1348 1032 1005 978 966 1018 1026 1026 1011 1010 1009 1006 1016 1020 1027 1033 1037 1048 1074 1076
1771 1760 1752 1755 1746 1774 1787 1763 1760 1763 1746 1758 1774 1802 1827 1830 1839 1854 1843 1854 1855 1833 1826 1800 1806 1797 1767 1780 1777 1746 1762 1749 1702 1635 1569 1531 1498 1470 1425 1419 1397 1380 1387 1377 1350 1348 1332 1319 1329 1351 1356 1287 1241 1252 1170 1167 1217 1288 1042 1009 986 972 1006 1019 1091 1076 1050 1032 1032 1031 1034 1042 1048 1054 1067 1085 1086
1782 1791 1752 1740 1755 1780 1791 1754 1732 1739 1749 1744 1780 1786 1798 1820 1833 1838 1848 1843 1853 1844 1813 1791 1789 1790 1751 1755 1750 1733 1740 1711 1666 1600 1546 1520 1464 1442 1398 1382 1367 1350 1359 1368 1309 1293 1286 1285 1291 1307 1297 1250 1205 1213 1198 1155 1234 1285 1182 1013 996 992 1031 1091 1152 1126 1085 1081 1072 1068 1064 1059 1065 1072 1074 1079 1079
1789 1789 1755 1734 1736 1753 1748 1745 1730 1746 1761 1755 1784 1803 1824 1812 1822 1828 1843 1846 1845 1834 1813 1772 1778 1768 1747 1750 1735 1706 1697 1664 1608 1558 1530 1487 1440 1393 1369 1359 1338 1312 1324 1299 1253 1261 1246 1253 1250 1249 1241 1199 1186 1214 1231 1167 1231 1185 1232 1028 1007 996 1064 1046 1049 1108 1137 1138 1111 1085 1083 1074 1076 1081 1077 1072 1065
1790 1779 1748 1730 1734 1748 1732 1722 1725 1753 1757 1766 1782 1808 1837 1823 1828 1834 1841 1848 1850 1830 1790 1754 1774 1736 1742 1734 1719 1682 1649 1597 1561 1521 1482 1426 1384 1352 1330 1335 1298 1266 1248 1232 1212 1211 1213 1221 1233 1209 1193 1183 1189 1185 1210 1210 1183 1148 1095 1037 1017 1005 1017 1079 1072 1104 1133 1143 1118 1104 1102 1093 1084 1077 1070 1062 1051
1794 1757 1723 1716 1746 1740 1704 1732 1721 1734 1760 1778 1782 1815 1849 1854 1854 1860 1871 1865 1853 1810 1764 1745 1777 1695 1690 1697 1697 1655 1602 1559 1513 1455 1409 1389 1349 1319 1287 1285 1278 1240 1221 1197 1183 1182 1185 1200 1181 1185 1187 1181 1172 1165 1153 1155 1173 1126 1067 1042 1024 1014 1013 1089 1120 1154 1164 1165 1148 1136 1129 1107 1090 1079 1066 1053 1040
1762 1712 1714 1721 1745 1727 1693 1719 1724 1737 1763 1779 1782 1819 1857 1874 1920 1942 1913 1882 1854 1805 1756 1758 1722 1662 1654 1679 1667 1630 1572 1514 1450 1417 1399 1344 1309 1277 1243 1260 1260 1219 1184 1167 1156 1158 1160 1166 1168 1168 1177 1180 1171 1166 1151 1178 1230 1158 1071 1041 1026 1083 1106 1116 1132 1144 1179 1165 1171 1170 1150 1122 1095 1074 1062 1045 1030
1707 1708 1722 1723 1737 1705 1701 1684 1719 1747 1745 1771 1778 1816 1851 1876 1921 1929 1898 1863 1837 1796 1766 1744 1693 1663 1663 1658 1610 1585 1542 1476 1432 1390 1340 1313 1310 1228 1236 1251 1225 1184 1157 1142 1136 1137 1145 1160 1174 1160 1172 1183 1176 1166 1169 1144 1198 1203 1108 1031 1018 1076 1180 1096 1116 1141 1146 1162 1184 1193 1155 1122 1094 1067 1054 1038 1022
1705 1693 1730 1720 1744 1719 1709 1670 1693 1724 1724 1757 1771 1803 1833 1861 1884 1878 1866 1835 1807 1777 1767 1708 1676 1650 1592 1573 1546 1533 1514 1466 1423 1367 1327 1304 1315 1231 1247 1234 1182 1150 1132 1119 1111 1121 1136 1162 1165 1167 1151 1159 1158 1157 1173 1137 1155 1188 1157 1031 999 998 1035 1047 1083 1106 1136 1140 1154 1175 1128 1099 1094 1063 1047 1034 1017
1740 1696 1731 1723 1752 1718 1709 1686 1685 1687 1713 1739 1759 1788 1818 1828 1841 1838 1831 1803 1779 1755 1752 1710 1689 1623 1596 1543 1504 1483 1459 1412 1400 1352 1308 1274 1300 1273 1274 1223 1156 1128 1107 1105 1100 1110 1133 1162 1168 1168 1163 1145 1127 1125 1144 1131 1112 1164 1164 1068 973 975 981 994 1029 1074 1105 1117 1114 1113 1091 1067 1075 1063 1044 1031 1016
1738 1721 1720 1731 1737 1721 1722 1702 1703 1693 1697 1705 1741 1760 1786 1791 1799 1807 1789 1785 1760 1756 1766 1739 1715 1632 1604 1539 1487 1463 1401 1359 1377 1333 1308 1267 1268 1312 1286 1224 1148 1109 1097 1110 1098 1107 1130 1147 1156 1161 1148 1133 1115 1103 1097 1107 1073 1130 1137 1027 960 946 956 969 990 1018 1049 1067 1070 1063 1056 1048 1058 1065 1039 1025 1014
1727 1737 1686 1714 1725 1742 1723 1741 1712 1699 1698 1692 1706 1742 1755 1759 1767 1767 1761 1777 1775 1776 1783 1808 1768 1713 1639 1560 1508 1453 1408 1358 1402 1368 1337 1319 1270 1303 1330 1240 1152 1109 1113 1114 1107 1114 1145 1156 1161 1163 1130 1116 1103 1081 1071 1066 1059 1098 1057 974 1034 925 928 942 961 978 1003 1031 1039 1031 1030 1027 1047 1049 1036 1021 1011
1711 1731 1681 1706 1712 1737 1726 1760 1711 1709 1667 1687 1680 1681 1698 1711 1720 1730 1726 1751 1775 1782 1788 1822 1814 1814 1690 1572 1514 1500 1494 1433 1444 1420 1382 1334 1320 1308 1317 1263 1155 1114 1136 1146 1114 1126 1170 1188 1176 1148 1124 1112 1087 1061 1058 1045 1064 1107 1047 931 1012 922 931 913 929 940 958 1008 1029 1018 1014 1012 1013 1023 1029 1018 1012
1703 1716 1671 1691 1709 1730 1736 1755 1707 1694 1641 1640 1659 1647 1670 1693 1689 1706 1706 1717 1763 1778 1778 1811 1810 1801 1679 1603 1578 1554 1540 1514 1466 1424 1381 1389 1412 1329 1301 1267 1164 1126 1148 1142 1118 1134 1186 1212 1203 1152 1118 1106 1092 1059 1052 1053 1081 1054 1024 930 1000 990 1136 990 908 913 934 980 1017 1023 1020 1008 1007 1012 1019 1020 1018
