Part_1_SDMs/env_data/future_climate_2070_RCP_8.5/bioclim_2.asc
NCOLS 444 
NROWS 438 
XLLCORNER -19 
YLLCORNER -35 
CELLSIZE 0.166666666666667 
NODATA_value -32768 
[rows 252 to 287 of 438, columns 240 to 319 of 444]
98 99 100 101 102 103 104 104 105 105 106 106 106 107 107 107 106 106 105 105 105 104 104 103 103 103 103 104 104 105 106 106 107 108 108 109 109 108 108 108 107 106 105 102 101 100 98 101 102 102 103 108 111 115 118 120 122 123 123 122 121 121 120 119 119 118 117 116 116 114 114 113 113 112 111 110 110 110 110 110
98 99 101 102 103 103 104 104 105 105 106 106 107 107 107 107 106 106 106 105 105 104 104 104 104 104 104 105 105 106 107 108 109 109 110 110 110 110 110 108 108 107 105 104 102 100 98 100 100 101 102 104 109 112 115 117 119 120 121 121 121 121 121 120 120 119 119 118 117 116 115 114 113 112 111 111 111 111 111 109
99 100 101 102 103 104 104 105 105 105 106 106 106 107 107 106 106 106 106 106 105 105 105 105 105 105 105 105 106 107 108 109 110 111 112 112 112 112 111 110 109 107 105 104 103 100 99 99 99 99 100 101 106 109 112 115 116 118 119 120 120 121 121 121 121 121 120 119 118 117 116 115 113 113 112 111 111 111 111 110
100 101 102 103 104 104 105 105 105 106 106 106 106 107 107 107 106 106 106 106 106 105 105 105 105 106 106 106 107 108 109 110 111 113 114 114 114 114 113 111 108 108 106 104 103 100 99 98 98 97 98 98 104 105 109 111 114 116 118 119 120 121 122 122 122 122 122 121 119 118 117 115 114 113 112 112 112 112 112 111
101 102 103 104 105 105 105 105 105 106 106 106 106 107 107 107 107 107 107 107 107 106 106 106 106 106 106 107 107 108 110 111 113 114 115 116 116 116 114 111 109 107 105 104 103 101 98 98 97 96 95 96 98 102 106 109 112 114 116 118 119 121 122 123 123 124 124 122 120 119 117 116 114 114 113 113 113 113 113 112
102 103 104 105 105 105 105 105 105 105 106 106 106 107 107 107 107 107 107 107 107 107 107 107 107 107 107 107 108 109 110 112 114 115 116 118 118 117 115 112 110 107 105 103 102 100 98 98 97 95 94 94 96 100 104 107 110 113 115 117 119 120 122 123 124 125 125 124 121 119 117 116 115 114 114 113 114 114 114 113
103 104 104 105 105 105 106 105 105 105 106 106 107 107 107 108 108 108 108 108 108 108 108 107 107 107 107 108 108 110 111 113 115 116 117 119 119 118 115 114 111 108 106 103 101 100 98 96 97 94 94 94 96 99 102 106 109 111 114 116 118 120 122 123 125 126 126 125 122 120 117 116 115 115 114 114 114 115 115 114
104 104 105 105 106 105 105 105 105 105 106 106 107 107 108 108 108 109 109 108 109 108 108 108 108 108 108 108 109 110 111 113 115 117 118 120 119 118 116 113 110 107 106 104 101 100 97 96 96 94 94 95 96 99 102 105 108 111 113 115 117 120 121 123 125 126 126 124 122 120 118 117 116 115 115 115 114 115 115 115
105 105 106 106 106 106 105 105 105 105 106 106 107 108 108 109 109 109 109 109 109 109 109 109 109 109 109 109 109 111 112 114 116 117 117 120 120 118 116 114 111 108 106 105 102 99 97 96 96 95 95 95 97 99 102 106 108 110 113 115 117 119 121 122 124 125 125 124 122 121 119 118 117 116 116 115 115 115 115 115
106 106 106 106 106 105 105 105 105 105 106 107 107 108 109 110 110 110 110 110 110 110 110 110 110 110 110 110 111 112 113 115 116 117 118 120 119 118 116 115 112 109 108 105 102 99 97 96 95 95 95 96 98 100 102 105 107 110 112 114 116 118 120 122 123 123 124 123 122 121 120 118 117 117 117 116 116 115 115 116
107 107 107 107 106 106 105 105 104 105 106 107 108 109 110 111 111 111 111 111 111 111 111 111 111 110 111 111 112 113 113 115 117 118 119 120 119 118 117 115 113 111 108 105 103 100 98 96 95 94 95 97 99 101 103 105 107 109 112 114 116 118 120 121 122 123 123 122 122 121 120 119 118 117 117 116 116 116 116 116
109 108 108 108 107 106 106 105 105 105 106 107 109 110 111 112 113 113 113 112 112 112 112 112 112 112 112 112 113 114 115 115 117 118 119 120 119 118 117 116 114 111 109 106 104 101 99 97 95 95 96 98 100 101 103 105 107 109 111 114 116 117 119 120 121 122 122 122 122 121 120 119 119 118 117 116 116 116 116 116
110 110 109 109 108 108 107 106 106 106 107 108 110 111 112 113 114 114 113 113 113 113 113 113 113 112 113 113 114 115 115 116 117 119 119 120 120 119 118 116 115 112 110 107 104 102 100 98 97 97 98 99 101 102 104 106 108 109 111 114 116 117 119 120 121 121 122 122 121 121 120 120 119 119 118 117 116 116 116 117
112 111 111 110 110 109 109 108 108 108 109 110 111 112 113 115 115 115 115 115 114 114 114 114 113 113 114 114 115 115 115 116 118 119 120 120 120 119 118 117 115 113 110 108 105 103 101 100 99 99 100 101 102 103 105 107 108 110 112 114 116 117 118 120 121 121 122 122 121 121 121 120 120 119 118 118 117 116 117 118
114 113 113 112 111 111 110 110 110 110 110 111 112 113 114 115 116 117 116 116 115 115 114 114 114 114 114 114 115 115 116 117 119 120 120 121 121 120 118 117 116 114 112 109 107 104 103 101 101 101 102 103 104 105 107 108 109 111 113 115 116 118 119 119 121 121 121 122 121 121 121 120 120 119 119 118 117 117 118 118
116 115 114 114 113 113 112 112 112 112 112 112 113 114 115 116 117 117 118 117 116 116 115 115 114 114 115 114 115 115 116 118 119 120 121 121 121 121 119 118 117 115 113 111 109 106 104 103 102 102 103 105 106 107 108 109 110 112 113 115 117 118 119 119 120 121 121 122 121 121 121 121 120 120 119 119 118 118 118 119
117 117 117 116 115 115 114 114 114 114 114 114 114 115 115 116 117 118 118 118 117 117 116 115 115 115 115 115 115 116 117 119 120 121 121 122 122 122 121 120 118 117 115 113 111 108 106 105 104 104 105 106 108 108 110 111 112 113 114 116 117 118 119 120 120 121 121 122 122 121 121 121 121 120 120 119 119 118 118 119
119 119 118 118 117 116 116 116 116 115 115 115 115 116 116 116 117 118 118 118 118 117 117 115 115 115 115 116 115 115 117 119 121 121 122 123 124 123 123 122 120 118 116 114 112 110 108 106 105 105 106 106 109 110 111 112 113 114 115 116 118 119 119 120 121 121 122 122 122 122 122 121 121 121 120 120 120 119 119 119
121 121 120 120 119 119 118 118 117 117 117 117 117 117 116 117 117 118 118 118 118 117 116 115 115 115 116 116 116 116 117 120 121 121 121 124 125 125 124 124 122 120 118 116 114 111 109 107 106 106 107 107 109 111 112 113 114 115 116 117 118 119 120 121 121 122 122 122 122 122 122 122 121 121 121 120 120 120 120 120
123 123 122 122 121 121 120 120 120 119 119 118 118 118 117 117 117 118 118 118 117 117 116 116 116 116 116 116 117 117 118 120 121 121 122 124 125 126 126 124 123 121 119 116 115 113 110 108 108 108 109 108 109 109 112 115 115 116 117 118 119 120 120 121 122 122 122 122 122 122 122 122 121 121 121 120 120 120 120 120
125 125 124 124 123 123 122 122 121 121 121 120 119 119 118 118 118 118 118 118 117 117 116 116 116 116 116 116 117 118 119 120 121 122 123 125 125 126 126 124 123 121 120 117 115 113 110 109 109 109 110 109 110 109 111 116 116 117 118 118 119 120 120 121 122 122 122 122 122 122 122 122 122 122 121 120 120 120 120 120
127 127 127 126 125 125 124 124 123 123 122 121 121 120 120 119 119 119 118 118 117 117 116 116 116 116 117 117 118 119 119 120 121 122 124 125 125 125 124 124 123 121 120 118 114 113 111 111 111 111 111 110 110 110 111 116 117 118 118 118 120 121 121 121 122 122 122 123 122 122 122 121 121 121 120 120 119 120 121 121
129 129 129 128 128 127 126 126 125 125 124 123 122 122 121 120 120 119 119 118 117 117 116 116 116 116 117 118 119 119 120 120 120 121 123 124 125 124 123 122 121 118 120 119 116 115 113 112 113 112 111 110 110 111 113 117 118 119 119 119 120 122 122 122 122 122 122 123 122 122 122 121 121 121 120 120 120 120 120 121
132 131 131 130 130 129 128 128 127 126 126 125 124 123 122 122 120 120 119 119 118 117 116 116 116 116 118 119 119 120 120 121 121 122 123 125 125 124 121 119 118 119 120 119 117 117 116 114 114 114 112 111 112 113 115 117 119 119 120 120 120 122 123 123 122 122 122 122 122 122 122 121 121 121 121 121 120 120 121 122
134 133 133 132 132 131 130 130 129 128 128 127 126 125 124 123 122 121 120 119 118 117 116 116 116 116 117 118 120 121 121 122 123 124 124 125 125 122 118 115 115 119 119 118 116 118 118 116 116 115 113 113 114 115 116 117 118 120 120 121 120 121 123 122 120 121 122 122 121 121 121 121 121 121 122 122 120 122 123 123
136 136 135 135 134 133 132 132 131 130 129 128 127 126 125 124 123 122 121 120 119 118 117 116 116 115 115 116 119 121 121 122 124 125 125 125 123 120 116 115 115 118 118 117 116 116 117 117 117 115 113 115 117 117 118 118 118 120 121 121 121 121 122 121 122 121 121 121 121 121 121 121 121 121 122 122 122 123 125 124
139 138 137 137 136 136 134 134 133 132 131 130 129 128 127 125 124 123 122 121 120 118 117 116 116 115 116 118 120 120 122 124 125 125 125 122 118 113 113 114 114 116 116 118 118 118 117 118 118 116 116 118 119 119 119 119 120 121 121 121 121 120 120 120 119 120 119 120 120 120 120 120 120 120 121 121 123 125 126 126
141 140 139 139 138 138 137 136 135 134 133 132 131 129 128 127 126 125 123 122 120 119 118 117 116 116 117 118 119 119 123 125 126 126 126 118 111 111 112 113 115 117 118 119 119 118 117 119 119 117 117 119 120 120 120 120 120 121 121 121 122 120 119 118 118 119 118 119 119 119 119 119 119 120 119 119 123 124 126 127
143 142 142 141 140 140 139 138 137 136 134 133 132 131 130 128 127 126 125 123 122 120 119 118 118 118 119 119 120 122 125 126 127 126 125 114 111 111 112 113 117 119 118 120 119 118 120 120 120 118 119 120 120 120 120 120 120 120 119 119 122 119 117 116 117 117 117 117 118 117 116 116 117 117 115 116 121 123 124 125
145 144 144 143 142 142 141 140 139 138 137 135 134 133 131 130 129 128 126 125 123 122 120 119 119 120 120 121 123 126 127 127 128 126 125 115 112 112 116 120 119 117 117 121 121 122 122 122 120 119 120 121 121 121 120 121 120 119 118 119 118 117 115 116 117 116 116 116 115 116 114 114 114 116 112 112 113 113 119 119
147 146 146 145 144 144 143 142 141 140 139 137 136 135 133 132 131 129 128 126 125 123 122 122 121 122 124 125 126 127 128 128 127 125 126 118 117 122 124 120 116 116 118 123 123 123 123 122 121 121 121 120 120 120 120 121 121 120 121 120 118 116 116 116 116 116 115 114 113 113 113 112 111 111 110 111 109 107 112 114
149 148 148 147 146 146 145 144 143 142 141 139 138 136 135 134 132 131 130 128 126 125 125 124 124 125 125 127 127 129 129 128 125 124 128 122 127 128 127 117 117 117 121 125 125 124 124 122 122 121 121 120 120 119 119 120 121 121 122 122 118 118 118 117 117 116 115 114 112 111 111 110 110 109 109 113 114 112 111 112
151 150 150 149 148 148 147 146 145 144 143 141 140 138 137 135 134 133 131 130 128 128 127 127 127 127 128 128 129 130 130 127 122 123 127 132 132 132 127 121 119 120 123 127 127 126 125 122 120 121 121 120 119 119 120 120 121 121 121 122 121 120 119 119 118 116 114 113 111 109 108 108 109 109 109 111 109 108 113 115
152 152 151 151 150 150 149 148 147 146 145 144 142 141 139 137 136 134 133 132 131 130 129 129 129 128 129 130 130 131 130 125 124 127 131 135 137 135 130 124 122 124 126 128 128 127 126 123 120 120 121 121 121 121 121 121 122 122 123 124 123 122 122 121 119 116 114 112 109 107 106 106 107 108 109 108 105 104 105 113
154 153 153 153 152 152 151 150 149 148 147 146 144 143 141 139 138 136 135 134 133 132 132 131 130 130 130 131 131 130 128 126 129 133 135 137 138 137 133 126 124 126 130 130 130 129 127 124 121 121 122 122 121 121 121 121 122 122 124 125 126 125 124 123 120 117 114 111 107 105 103 104 105 107 108 108 104 101 102 104
154 155 155 154 154 154 153 152 151 150 149 147 146 144 143 141 139 138 137 135 134 134 133 132 132 132 132 132 130 130 128 130 133 135 137 138 139 139 137 133 127 128 132 132 131 130 129 125 122 123 122 121 121 121 121 121 122 124 125 127 128 128 127 124 122 118 115 110 106 102 101 103 105 106 107 108 103 99 100 102
