Part_1_SDMs/env_data/future_climate_2070_RCP_8.5/bioclim_18.asc
NCOLS 444 
NROWS 438 
XLLCORNER -19 
YLLCORNER -35 
CELLSIZE 0.166666666666667 
NODATA_value -32768 
[rows 245 to 279 of 438, columns 158 to 236 of 444]
-32768 -32768 -32768 -32768 -32768 -32768 -32768 -32768 -32768 -32768 -32768 -32768 -32768 -32768 -32768 -32768 603 591 575 572 561 535 549 557 567 545 526 525 532 527 556 583 599 613 614 617 636 663 677 683 687 685 687 672 647 611 582 627 671 608 609 578 540 522 515 494 482 477 470 460 448 440 457 480 476 468 460 455 455 456 462 467 475 484 492 501 509 517 523
-32768 -32768 -32768 -32768 -32768 -32768 -32768 -32768 -32768 -32768 -32768 -32768 -32768 -32768 -32768 -32768 -32768 584 573 567 567 561 540 545 544 544 517 510 506 502 503 543 568 576 584 588 605 623 650 660 656 662 665 660 656 641 623 607 619 639 666 602 540 513 501 492 485 482 481 480 475 467 470 474 470 461 451 444 442 445 450 456 465 474 484 492 501 509 516
-32768 -32768 -32768 -32768 -32768 -32768 -32768 -32768 -32768 -32768 -32768 -32768 -32768 -32768 -32768 -32768 -32768 -32768 570 567 572 587 587 553 527 530 526 513 486 472 471 484 516 529 553 571 578 602 625 630 629 638 648 652 652 649 638 651 639 640 632 576 531 503 511 503 497 494 495 499 497 484 476 472 463 452 442 433 428 429 437 446 456 466 476 484 491 501 508
-32768 -32768 -32768 -32768 -32768 -32768 -32768 -32768 -32768 -32768 -32768 -32768 -32768 -32768 -32768 -32768 -32768 -32768 -32768 568 570 572 590 589 569 523 516 533 493 456 442 446 472 513 536 546 563 569 592 597 604 614 627 633 639 645 644 644 646 634 600 555 517 507 514 506 502 503 503 508 505 493 479 467 455 441 431 423 418 420 427 436 446 457 466 477 485 493 500
-32768 -32768 -32768 -32768 -32768 -32768 -32768 -32768 -32768 -32768 -32768 -32768 -32768 -32768 -32768 -32768 -32768 -32768 -32768 -32768 568 560 555 557 571 557 525 518 508 468 439 430 437 455 494 525 535 546 549 565 578 583 595 610 620 632 645 632 632 609 573 544 509 510 515 509 504 506 507 506 505 495 481 470 454 435 420 407 398 410 424 435 445 457 467 477 485 493 501
-32768 -32768 -32768 -32768 -32768 -32768 -32768 -32768 -32768 -32768 -32768 -32768 -32768 -32768 -32768 -32768 -32768 -32768 -32768 -32768 -32768 553 551 544 543 550 545 526 500 477 458 444 426 422 442 483 515 512 517 528 534 548 566 593 609 615 623 629 613 593 570 530 520 521 519 515 512 511 510 506 505 499 486 470 453 436 420 406 396 407 420 434 447 460 470 478 486 491 501
-32768 -32768 -32768 -32768 -32768 -32768 -32768 -32768 -32768 -32768 -32768 -32768 -32768 -32768 -32768 -32768 -32768 -32768 -32768 -32768 -32768 -32768 561 552 543 540 542 544 527 498 489 465 428 399 413 446 463 477 474 485 500 515 528 571 576 582 595 590 592 577 553 528 532 527 526 523 517 512 514 512 511 505 496 476 455 438 424 417 411 416 425 435 444 457 468 475 487 496 503
-32768 -32768 -32768 -32768 -32768 -32768 -32768 -32768 -32768 -32768 -32768 -32768 -32768 -32768 -32768 -32768 -32768 -32768 -32768 -32768 -32768 -32768 -32768 557 556 547 538 537 535 541 526 491 448 394 385 429 438 442 445 455 475 489 519 544 555 541 547 527 532 535 555 545 531 531 530 524 518 521 521 519 522 516 507 487 467 443 431 429 428 430 434 444 452 458 465 477 485 496 502
-32768 -32768 -32768 -32768 -32768 -32768 -32768 -32768 -32768 -32768 -32768 -32768 -32768 -32768 -32768 -32768 -32768 -32768 -32768 -32768 -32768 -32768 -32768 -32768 561 559 546 536 551 554 534 519 471 432 404 426 442 441 437 439 464 487 512 520 536 524 508 494 504 507 552 548 540 537 531 530 527 531 530 525 532 528 517 501 484 462 445 445 446 446 448 453 462 466 476 477 482 495 496
-32768 -32768 -32768 -32768 -32768 -32768 -32768 -32768 -32768 -32768 -32768 -32768 -32768 -32768 -32768 -32768 -32768 -32768 -32768 -32768 -32768 -32768 -32768 -32768 -32768 562 553 540 534 536 524 502 495 456 442 432 446 460 481 472 484 498 505 511 490 490 505 509 505 533 549 550 545 539 538 536 534 533 530 533 540 535 527 517 501 485 466 461 460 462 465 462 472 472 479 481 487 493 501
-32768 -32768 -32768 -32768 -32768 -32768 -32768 -32768 -32768 -32768 -32768 -32768 -32768 -32768 -32768 -32768 -32768 -32768 -32768 -32768 -32768 -32768 -32768 -32768 -32768 -32768 557 548 521 506 509 495 484 482 467 457 445 445 464 490 483 482 481 478 474 466 479 497 508 527 560 551 547 542 541 540 537 538 534 542 546 538 534 523 515 502 489 479 476 481 480 474 480 479 480 484 485 496 498
-32768 -32768 -32768 -32768 -32768 -32768 -32768 -32768 -32768 -32768 -32768 -32768 -32768 -32768 -32768 -32768 -32768 -32768 -32768 -32768 -32768 -32768 -32768 -32768 -32768 -32768 547 526 492 480 477 476 483 477 489 480 469 459 443 454 465 446 439 436 448 461 494 508 516 528 556 553 547 542 545 539 541 541 544 551 552 543 542 531 530 519 513 501 493 496 492 486 188 490 483 487 486 495 495
-32768 -32768 -32768 -32768 -32768 -32768 -32768 -32768 -32768 -32768 -32768 -32768 -32768 -32768 -32768 -32768 -32768 -32768 -32768 -32768 -32768 -32768 -32768 -32768 -32768 -32768 -32768 473 447 448 451 465 477 491 497 502 499 479 453 437 428 424 424 436 449 478 504 529 534 539 574 553 546 541 546 544 550 550 551 558 556 550 548 544 541 538 529 514 509 512 179 182 187 115 487 489 489 492 493
-32768 -32768 -32768 -32768 -32768 -32768 -32768 -32768 -32768 -32768 -32768 -32768 -32768 -32768 -32768 -32768 -32768 -32768 -32768 -32768 -32768 -32768 -32768 -32768 -32768 -32768 -32768 -32768 404 424 442 451 482 490 494 487 490 477 473 442 437 431 456 475 489 504 523 548 552 556 561 554 545 538 540 548 564 560 564 569 565 556 553 552 552 557 543 525 525 515 180 122 117 115 489 294 490 490 490
-32768 -32768 -32768 -32768 -32768 -32768 -32768 -32768 -32768 -32768 -32768 -32768 -32768 -32768 -32768 -32768 -32768 -32768 -32768 -32768 -32768 -32768 -32768 -32768 -32768 -32768 -32768 -32768 436 438 439 447 467 487 496 483 471 453 442 435 445 455 470 498 499 526 539 559 566 571 561 555 546 536 540 552 572 569 581 586 575 573 573 561 570 563 545 530 532 176 129 122 185 188 189 494 491 486 491
-32768 -32768 -32768 -32768 -32768 -32768 -32768 -32768 -32768 -32768 -32768 -32768 -32768 -32768 -32768 -32768 -32768 -32768 -32768 -32768 -32768 -32768 -32768 -32768 -32768 -32768 -32768 -32768 -32768 463 457 450 468 480 488 481 463 443 448 443 450 462 489 495 504 534 557 554 563 572 598 557 552 546 551 563 581 581 592 591 583 589 588 575 578 562 539 539 177 177 178 181 185 186 188 495 488 490 494
-32768 -32768 -32768 -32768 -32768 -32768 -32768 -32768 -32768 -32768 -32768 -32768 -32768 -32768 -32768 -32768 -32768 -32768 -32768 -32768 -32768 -32768 -32768 -32768 -32768 -32768 -32768 -32768 443 448 459 454 448 451 467 460 456 434 449 453 462 475 488 505 519 543 548 548 558 580 594 558 559 559 568 580 593 595 592 596 593 588 593 588 583 570 553 553 538 180 182 182 184 184 185 496 488 486 488
-32768 -32768 -32768 -32768 -32768 -32768 -32768 -32768 -32768 -32768 -32768 -32768 -32768 -32768 -32768 -32768 -32768 -32768 -32768 -32768 -32768 -32768 -32768 -32768 -32768 -32768 -32768 -32768 444 439 441 432 419 400 421 435 433 432 456 461 471 497 511 515 523 536 534 539 551 575 584 583 561 564 575 586 598 602 594 599 599 589 596 594 587 568 565 556 537 180 181 182 182 182 182 494 488 487 489
-32768 -32768 -32768 -32768 -32768 -32768 -32768 -32768 -32768 -32768 -32768 -32768 -32768 -32768 -32768 -32768 -32768 -32768 -32768 -32768 -32768 -32768 -32768 -32768 -32768 -32768 -32768 -32768 -32768 425 424 417 402 382 387 404 422 434 449 461 482 511 529 529 529 527 517 524 542 558 569 571 556 563 571 581 594 601 593 599 600 590 599 597 591 579 569 558 541 176 179 179 179 179 177 489 486 493 491
-32768 -32768 -32768 -32768 -32768 -32768 -32768 -32768 -32768 -32768 -32768 -32768 -32768 -32768 -32768 -32768 -32768 -32768 -32768 -32768 -32768 -32768 -32768 -32768 -32768 -32768 -32768 -32768 -32768 446 427 418 409 401 405 414 433 449 465 462 487 503 533 538 539 525 513 518 536 548 559 569 579 559 569 574 580 593 596 591 598 596 596 598 593 584 571 558 357 364 369 175 174 173 355 489 490 496 491
-32768 -32768 -32768 -32768 -32768 -32768 -32768 -32768 -32768 -32768 -32768 -32768 -32768 -32768 -32768 -32768 -32768 -32768 -32768 -32768 -32768 -32768 -32768 -32768 -32768 -32768 -32768 -32768 -32768 450 446 443 433 428 420 422 438 458 465 466 472 500 517 527 542 531 524 526 536 548 558 532 584 556 564 571 569 587 593 581 595 596 594 596 592 582 571 348 352 358 364 365 357 348 346 348 495 498 490
-32768 -32768 -32768 -32768 -32768 -32768 -32768 -32768 -32768 -32768 -32768 -32768 -32768 -32768 -32768 -32768 -32768 -32768 -32768 -32768 -32768 -32768 -32768 -32768 -32768 -32768 -32768 -32768 -32768 -32768 441 444 437 441 430 441 446 468 460 442 458 485 499 509 536 530 413 417 458 481 564 529 544 553 615 569 560 571 586 576 584 590 588 591 586 577 337 339 344 348 354 352 345 338 333 338 498 506 500
-32768 -32768 -32768 -32768 -32768 -32768 -32768 -32768 -32768 -32768 -32768 -32768 -32768 -32768 -32768 -32768 -32768 -32768 -32768 -32768 -32768 -32768 -32768 -32768 -32768 -32768 -32768 -32768 -32768 -32768 439 433 439 436 430 454 457 461 452 426 445 458 471 481 487 408 411 430 451 474 492 515 543 550 559 631 553 562 579 579 574 581 583 580 580 321 326 329 334 336 340 338 334 333 323 326 322 325 507
-32768 -32768 -32768 -32768 -32768 -32768 -32768 -32768 -32768 -32768 -32768 -32768 -32768 -32768 -32768 -32768 -32768 -32768 -32768 -32768 -32768 -32768 -32768 -32768 -32768 -32768 -32768 -32768 -32768 -32768 -32768 428 429 422 428 455 467 454 440 402 412 421 436 450 465 472 402 429 449 469 487 512 534 549 553 562 546 556 564 470 566 565 288 572 306 312 315 318 323 324 326 325 326 320 315 311 310 308 303
-32768 -32768 -32768 -32768 -32768 -32768 -32768 -32768 -32768 -32768 -32768 -32768 -32768 -32768 -32768 -32768 -32768 -32768 -32768 -32768 -32768 -32768 -32768 -32768 -32768 -32768 -32768 -32768 -32768 -32768 -32768 -32768 416 410 424 433 439 425 407 367 372 384 403 420 448 473 390 427 449 468 481 508 521 543 543 552 544 538 421 443 456 456 276 285 293 302 303 307 310 312 312 312 311 306 305 293 293 291 290
-32768 -32768 -32768 -32768 -32768 -32768 -32768 -32768 -32768 -32768 -32768 -32768 -32768 -32768 -32768 -32768 -32768 -32768 -32768 -32768 -32768 -32768 -32768 -32768 -32768 -32768 -32768 -32768 -32768 -32768 -32768 -32768 -32768 398 402 402 398 397 379 330 332 343 365 395 433 482 408 433 450 473 475 498 509 538 532 539 392 390 415 431 442 443 465 274 281 289 293 297 298 300 299 298 298 292 292 279 279 274 273
-32768 -32768 -32768 -32768 -32768 -32768 -32768 -32768 -32768 -32768 -32768 -32768 -32768 -32768 -32768 -32768 -32768 -32768 -32768 -32768 -32768 -32768 -32768 -32768 -32768 -32768 -32768 -32768 -32768 -32768 -32768 -32768 -32768 380 376 372 367 357 350 292 290 302 328 366 425 478 411 437 454 464 474 493 494 497 528 365 383 383 395 411 430 439 440 251 269 277 284 286 287 288 287 286 284 280 278 266 264 261 258
-32768 -32768 -32768 -32768 -32768 -32768 -32768 -32768 -32768 -32768 -32768 -32768 -32768 -32768 -32768 -32768 -32768 -32768 -32768 -32768 -32768 -32768 -32768 -32768 -32768 -32768 -32768 -32768 -32768 -32768 -32768 -32768 -32768 358 351 344 335 322 263 253 243 247 277 324 419 512 564 436 454 463 471 484 476 521 517 355 368 381 378 396 416 432 432 236 251 264 273 277 278 278 277 274 271 269 264 253 249 248 244
-32768 -32768 -32768 -32768 -32768 -32768 -32768 -32768 -32768 -32768 -32768 -32768 -32768 -32768 -32768 -32768 -32768 -32768 -32768 -32768 -32768 -32768 -32768 -32768 -32768 -32768 -32768 -32768 -32768 -32768 -32768 -32768 -32768 340 330 322 315 302 281 225 207 202 216 271 384 524 592 427 445 453 465 477 475 518 337 349 353 364 374 382 403 420 426 226 233 243 252 270 268 270 267 264 260 257 252 241 236 235 231
-32768 -32768 -32768 -32768 -32768 -32768 -32768 -32768 -32768 -32768 -32768 -32768 -32768 -32768 -32768 -32768 -32768 -32768 -32768 -32768 -32768 -32768 -32768 -32768 -32768 -32768 -32768 -32768 -32768 -32768 -32768 -32768 -32768 -32768 306 306 304 294 274 208 186 155 189 248 350 470 544 406 428 442 454 469 478 481 321 332 347 356 368 378 392 406 417 221 225 232 243 259 262 262 259 255 250 246 240 230 226 222 218
-32768 -32768 -32768 -32768 -32768 -32768 -32768 -32768 -32768 -32768 -32768 -32768 -32768 -32768 -32768 -32768 -32768 -32768 -32768 -32768 -32768 -32768 -32768 -32768 -32768 -32768 -32768 -32768 -32768 -32768 -32768 -32768 -32768 -32768 302 306 310 304 284 210 186 155 193 263 364 447 489 481 405 425 441 458 473 473 343 348 346 347 356 373 377 392 204 215 220 227 238 250 256 255 252 247 241 235 229 222 215 212 206
-32768 -32768 -32768 -32768 -32768 -32768 -32768 -32768 -32768 -32768 -32768 -32768 -32768 -32768 -32768 -32768 -32768 -32768 -32768 -32768 -32768 -32768 -32768 -32768 -32768 -32768 -32768 -32768 -32768 -32768 -32768 -32768 -32768 -32768 -32768 316 326 329 315 242 217 198 227 322 393 439 466 454 382 403 427 448 468 486 351 344 332 335 347 363 369 376 193 204 213 225 238 249 252 249 245 238 232 225 219 211 205 201 198
-32768 -32768 -32768 -32768 -32768 -32768 -32768 -32768 -32768 -32768 -32768 -32768 -32768 -32768 -32768 -32768 -32768 -32768 -32768 -32768 -32768 -32768 -32768 -32768 -32768 -32768 -32768 -32768 -32768 -32768 -32768 -32768 -32768 -32768 -32768 327 348 370 362 342 283 296 340 389 435 460 470 452 364 389 409 438 461 468 317 316 327 324 332 354 362 371 190 197 208 220 233 249 249 244 237 231 224 217 209 202 195 192 189
-32768 -32768 -32768 -32768 -32768 -32768 -32768 -32768 -32768 -32768 -32768 -32768 -32768 -32768 -32768 -32768 -32768 -32768 -32768 -32768 -32768 -32768 -32768 -32768 -32768 -32768 -32768 -32768 -32768 -32768 -32768 -32768 -32768 -32768 -32768 -32768 375 417 418 403 352 384 458 502 509 502 493 470 358 374 394 419 452 310 309 311 312 315 333 347 354 363 180 193 205 215 228 238 241 238 231 224 216 209 201 194 187 183 179
-32768 -32768 -32768 -32768 -32768 -32768 -32768 -32768 -32768 -32768 -32768 -32768 -32768 -32768 -32768 -32768 -32768 -32768 -32768 -32768 -32768 -32768 -32768 -32768 -32768 -32768 -32768 -32768 -32768 -32768 -32768 -32768 -32768 -32768 -32768 -32768 385 428 444 445 460 454 550 566 564 542 521 493 350 368 380 395 425 310 317 314 310 322 339 349 352 171 178 185 197 212 222 227 228 228 224 217 209 202 194 187 180 176 170
