Part_1_SDMs/env_data/future_climate_2070_RCP_8.5/bioclim_8.asc
NCOLS 444 
NROWS 438 
XLLCORNER -19 
YLLCORNER -35 
CELLSIZE 0.166666666666667 
NODATA_value -32768 
[rows 280 to 314 of 438, columns 316 to 394 of 444]
260 264 267 264 260 258 254 242 242 251 255 268 288 307 309 308 294 261 278 297 295 299 297 289 285 273 276 285 285 295 295 298 299 302 302 -32768 -32768 -32768 -32768 -32768 -32768 -32768 -32768 -32768 -32768 -32768 -32768 -32768 -32768 -32768 -32768 -32768 -32768 -32768 -32768 -32768 -32768 -32768 -32768 -32768 -32768 -32768 -32768 -32768 -32768 -32768 -32768 -32768 -32768 -32768 -32768 -32768 -32768 -32768 -32768 -32768 -32768 -32768 -32768
212 211 238 236 247 245 238 237 248 255 263 280 301 308 308 305 284 260 290 295 292 297 295 287 283 277 281 286 289 294 296 297 298 301 305 305 -32768 -32768 -32768 -32768 -32768 -32768 -32768 -32768 -32768 -32768 -32768 -32768 -32768 -32768 -32768 -32768 -32768 -32768 -32768 -32768 -32768 -32768 -32768 -32768 -32768 -32768 -32768 -32768 -32768 -32768 -32768 -32768 -32768 -32768 -32768 -32768 -32768 -32768 -32768 -32768 -32768 -32768 -32768
197 176 197 205 213 231 225 227 243 252 266 287 299 306 304 294 285 283 291 291 289 299 295 291 285 275 288 291 291 290 292 295 294 297 303 305 -32768 -32768 -32768 -32768 -32768 -32768 -32768 -32768 -32768 -32768 -32768 -32768 -32768 -32768 -32768 -32768 -32768 -32768 -32768 -32768 -32768 -32768 -32768 -32768 -32768 -32768 -32768 -32768 -32768 -32768 -32768 -32768 -32768 -32768 -32768 -32768 -32768 -32768 -32768 -32768 -32768 -32768 -32768
242 224 190 186 197 211 215 223 230 239 260 282 299 303 295 269 268 276 284 293 298 297 292 290 289 289 291 292 288 287 289 295 295 291 299 303 -32768 -32768 -32768 -32768 -32768 -32768 -32768 -32768 -32768 -32768 -32768 -32768 -32768 -32768 -32768 -32768 -32768 -32768 -32768 -32768 -32768 -32768 -32768 -32768 -32768 -32768 -32768 -32768 -32768 -32768 -32768 -32768 -32768 -32768 -32768 -32768 -32768 -32768 -32768 -32768 -32768 -32768 -32768
280 283 227 208 191 201 205 220 226 234 253 289 295 294 284 271 277 286 293 297 292 294 289 285 284 290 295 290 285 287 289 291 294 288 296 303 -32768 -32768 -32768 -32768 -32768 -32768 -32768 -32768 -32768 -32768 -32768 -32768 -32768 -32768 -32768 -32768 -32768 -32768 -32768 -32768 -32768 -32768 -32768 -32768 -32768 -32768 -32768 -32768 -32768 -32768 -32768 -32768 -32768 -32768 -32768 -32768 -32768 -32768 -32768 297 297 297 -32768
289 294 287 237 206 198 202 219 226 240 272 274 275 278 272 272 290 292 293 290 292 291 286 279 280 289 294 292 286 287 288 290 298 300 300 301 304 -32768 -32768 -32768 -32768 -32768 -32768 -32768 -32768 -32768 -32768 -32768 -32768 -32768 -32768 -32768 -32768 -32768 -32768 -32768 -32768 -32768 -32768 -32768 -32768 -32768 -32768 -32768 -32768 -32768 -32768 -32768 -32768 -32768 -32768 -32768 -32768 -32768 -32768 -32768 -32768 -32768 -32768
278 294 293 285 233 210 213 228 240 241 249 260 276 270 277 281 291 291 288 287 291 289 287 279 279 289 293 295 294 291 291 296 296 292 291 296 303 -32768 -32768 -32768 -32768 -32768 -32768 -32768 -32768 -32768 -32768 -32768 -32768 -32768 -32768 -32768 -32768 -32768 -32768 -32768 -32768 -32768 -32768 -32768 -32768 -32768 -32768 -32768 -32768 -32768 -32768 -32768 -32768 -32768 -32768 -32768 -32768 -32768 -32768 -32768 298 298 -32768
279 293 293 293 274 223 231 238 253 263 264 273 276 270 276 285 288 286 286 290 293 291 280 275 281 289 295 297 297 296 296 294 285 278 285 296 301 -32768 -32768 -32768 -32768 -32768 -32768 -32768 -32768 -32768 -32768 -32768 -32768 -32768 -32768 -32768 -32768 -32768 -32768 -32768 -32768 -32768 -32768 -32768 -32768 -32768 -32768 -32768 -32768 -32768 -32768 -32768 -32768 -32768 -32768 -32768 -32768 -32768 -32768 -32768 -32768 -32768 -32768
266 284 295 295 295 258 240 236 259 275 273 273 273 269 278 283 282 280 285 292 289 288 279 278 285 290 295 298 301 300 293 288 268 268 284 301 299 304 306 -32768 -32768 -32768 -32768 -32768 -32768 -32768 -32768 -32768 -32768 -32768 -32768 -32768 -32768 -32768 -32768 -32768 -32768 -32768 -32768 -32768 -32768 -32768 -32768 -32768 -32768 -32768 -32768 -32768 -32768 -32768 -32768 -32768 -32768 -32768 -32768 -32768 -32768 -32768 -32768
248 261 291 295 295 274 258 268 282 282 281 279 272 270 279 280 276 279 290 289 287 283 280 283 288 294 298 300 301 298 287 285 275 284 294 302 295 302 303 304 303 -32768 -32768 -32768 -32768 -32768 -32768 -32768 -32768 -32768 -32768 -32768 -32768 -32768 -32768 -32768 -32768 -32768 -32768 -32768 -32768 -32768 -32768 -32768 -32768 -32768 -32768 -32768 -32768 -32768 -32768 -32768 -32768 -32768 -32768 -32768 -32768 -32768 -32768
219 217 273 293 295 286 279 277 278 272 276 272 270 269 278 276 275 284 287 285 288 288 289 288 292 298 300 300 300 297 292 293 294 285 283 290 295 295 297 299 301 299 -32768 -32768 -32768 -32768 -32768 -32768 -32768 -32768 -32768 -32768 -32768 -32768 -32768 -32768 -32768 -32768 -32768 -32768 -32768 -32768 -32768 -32768 -32768 -32768 -32768 -32768 -32768 -32768 -32768 -32768 -32768 -32768 -32768 -32768 -32768 -32768 -32768
202 203 246 293 295 295 261 269 271 267 271 268 269 276 281 280 278 283 283 288 293 295 293 293 297 299 299 301 303 301 302 299 274 272 283 283 289 292 295 299 298 297 -32768 -32768 -32768 -32768 -32768 -32768 -32768 -32768 -32768 -32768 -32768 -32768 -32768 -32768 -32768 -32768 -32768 -32768 -32768 -32768 -32768 -32768 -32768 -32768 -32768 -32768 -32768 -32768 -32768 -32768 -32768 -32768 -32768 -32768 -32768 -32768 -32768
218 203 252 290 295 296 266 252 264 271 271 267 273 277 284 283 280 280 284 288 294 296 299 297 301 304 302 303 306 306 301 300 290 279 278 286 290 295 298 294 294 296 -32768 -32768 -32768 -32768 -32768 -32768 -32768 -32768 -32768 -32768 -32768 -32768 -32768 -32768 -32768 -32768 -32768 -32768 -32768 -32768 -32768 -32768 -32768 -32768 -32768 -32768 -32768 -32768 -32768 -32768 -32768 -32768 -32768 -32768 -32768 -32768 -32768
247 244 244 284 292 295 259 242 253 273 270 274 282 283 286 287 284 285 288 292 294 295 298 303 305 307 307 307 307 309 306 306 302 281 283 295 298 297 295 293 295 296 296 -32768 -32768 -32768 -32768 -32768 -32768 -32768 -32768 -32768 -32768 -32768 -32768 -32768 -32768 -32768 -32768 -32768 -32768 -32768 -32768 -32768 -32768 -32768 -32768 -32768 -32768 -32768 -32768 -32768 -32768 -32768 -32768 -32768 -32768 -32768 -32768
258 254 235 281 292 292 263 234 254 275 276 280 286 290 290 287 289 293 294 291 291 295 295 305 308 310 311 310 310 310 312 311 310 301 302 298 292 294 296 295 297 297 295 -32768 -32768 -32768 -32768 -32768 -32768 -32768 -32768 -32768 -32768 -32768 -32768 -32768 -32768 -32768 -32768 -32768 -32768 -32768 -32768 -32768 -32768 -32768 -32768 -32768 -32768 -32768 -32768 -32768 -32768 -32768 -32768 -32768 -32768 -32768 -32768
256 254 243 282 291 292 291 262 255 273 284 287 291 293 293 292 292 296 299 292 293 299 302 307 309 313 314 315 314 314 314 311 310 304 280 286 288 293 296 298 298 296 296 -32768 -32768 -32768 -32768 -32768 -32768 -32768 -32768 -32768 -32768 -32768 -32768 -32768 -32768 -32768 -32768 -32768 -32768 -32768 -32768 -32768 -32768 -32768 -32768 -32768 -32768 -32768 -32768 -32768 -32768 -32768 -32768 -32768 -32768 -32768 -32768
253 249 245 272 290 292 295 285 247 270 289 291 294 295 295 296 296 298 303 299 302 304 308 310 312 311 313 316 317 314 310 306 305 292 267 273 283 289 294 297 299 -32768 -32768 -32768 -32768 -32768 -32768 -32768 -32768 -32768 -32768 -32768 -32768 -32768 -32768 -32768 -32768 279 268 -32768 -32768 -32768 -32768 -32768 -32768 -32768 -32768 -32768 -32768 -32768 -32768 -32768 -32768 -32768 -32768 -32768 -32768 -32768 -32768
241 244 269 282 289 292 297 290 247 277 290 292 293 293 298 299 300 303 306 308 308 309 311 312 312 312 313 314 316 312 307 304 303 290 270 267 285 295 294 295 298 -32768 -32768 -32768 -32768 -32768 -32768 -32768 -32768 -32768 -32768 -32768 -32768 -32768 -32768 -32768 -32768 275 264 -32768 -32768 -32768 -32768 -32768 -32768 -32768 -32768 -32768 -32768 -32768 -32768 -32768 -32768 -32768 -32768 -32768 -32768 -32768 -32768
234 249 277 287 290 294 299 290 263 287 288 289 287 291 296 301 302 305 306 308 310 311 312 312 311 313 315 316 316 311 306 300 298 295 293 282 276 292 302 298 297 -32768 -32768 -32768 -32768 -32768 -32768 -32768 -32768 -32768 -32768 -32768 -32768 -32768 -32768 -32768 -32768 263 224 -32768 -32768 -32768 -32768 -32768 -32768 -32768 -32768 -32768 -32768 -32768 -32768 -32768 -32768 -32768 -32768 -32768 -32768 -32768 -32768
232 251 282 289 291 296 299 290 275 286 285 286 284 288 296 299 300 301 304 306 310 311 311 311 309 312 313 315 316 311 304 300 299 300 298 299 291 301 302 295 296 298 -32768 -32768 -32768 -32768 -32768 -32768 -32768 -32768 -32768 -32768 -32768 -32768 -32768 -32768 -32768 287 272 288 -32768 -32768 -32768 -32768 -32768 -32768 -32768 -32768 -32768 -32768 -32768 -32768 -32768 -32768 -32768 -32768 -32768 -32768 -32768
234 249 286 290 292 294 294 283 283 283 280 282 280 288 294 297 299 297 302 305 308 308 308 306 309 312 313 315 315 310 303 304 304 305 303 304 304 296 296 298 296 298 -32768 -32768 -32768 -32768 -32768 -32768 -32768 -32768 -32768 -32768 -32768 -32768 -32768 -32768 -32768 -32768 -32768 -32768 -32768 -32768 -32768 -32768 276 292 -32768 -32768 -32768 -32768 -32768 -32768 -32768 -32768 -32768 -32768 -32768 -32768 -32768
239 261 290 291 291 292 285 279 278 279 272 275 278 288 290 293 296 294 299 303 306 307 308 310 313 314 315 315 311 307 303 303 304 304 303 301 301 297 292 296 297 296 -32768 -32768 -32768 -32768 -32768 -32768 -32768 -32768 -32768 -32768 -32768 -32768 -32768 -32768 -32768 -32768 -32768 283 278 292 -32768 281 259 281 -32768 -32768 -32768 -32768 -32768 -32768 -32768 -32768 -32768 -32768 -32768 -32768 -32768
242 264 287 290 290 291 283 276 275 266 265 274 269 279 278 289 291 286 297 304 308 310 311 312 312 312 312 312 310 305 303 303 304 307 302 299 300 302 301 297 296 296 -32768 -32768 -32768 -32768 -32768 -32768 -32768 -32768 -32768 -32768 -32768 -32768 -32768 -32768 -32768 -32768 -32768 291 280 287 -32768 -32768 273 280 -32768 -32768 -32768 -32768 -32768 -32768 -32768 -32768 -32768 -32768 -32768 -32768 -32768
256 265 282 289 289 290 288 281 265 255 266 270 254 270 275 284 290 298 302 305 307 310 310 310 308 310 310 309 310 306 306 306 307 304 301 302 305 305 306 304 301 300 -32768 -32768 -32768 -32768 -32768 -32768 -32768 -32768 -32768 -32768 -32768 -32768 -32768 -32768 -32768 -32768 -32768 -32768 -32768 -32768 -32768 -32768 -32768 -32768 -32768 -32768 295 -32768 -32768 -32768 -32768 -32768 -32768 -32768 -32768 -32768 -32768
262 258 274 288 288 289 289 264 248 246 264 265 250 263 276 285 292 298 302 305 306 305 306 305 305 306 306 306 304 304 305 302 304 303 304 305 306 307 304 305 303 305 -32768 -32768 -32768 -32768 -32768 -32768 -32768 -32768 -32768 -32768 -32768 -32768 -32768 -32768 -32768 -32768 -32768 -32768 -32768 -32768 -32768 -32768 -32768 -32768 -32768 -32768 291 291 -32768 -32768 -32768 -32768 -32768 -32768 -32768 -32768 -32768
261 258 275 286 288 289 287 256 244 250 261 260 245 264 279 282 287 296 299 300 301 302 302 298 299 301 303 303 304 305 302 298 300 302 301 301 305 305 305 309 310 309 -32768 -32768 -32768 -32768 -32768 -32768 -32768 -32768 -32768 -32768 -32768 -32768 -32768 -32768 -32768 -32768 -32768 -32768 -32768 -32768 -32768 -32768 -32768 -32768 -32768 -32768 291 293 -32768 -32768 -32768 -32768 -32768 -32768 -32768 -32768 -32768
263 263 275 286 289 290 288 257 257 250 256 255 254 265 282 285 289 294 295 294 297 298 296 289 291 294 299 302 302 301 300 299 298 299 302 304 305 305 305 307 310 308 -32768 -32768 -32768 -32768 -32768 -32768 -32768 -32768 -32768 -32768 -32768 -32768 -32768 -32768 -32768 -32768 -32768 -32768 -32768 -32768 -32768 -32768 -32768 -32768 -32768 -32768 -32768 -32768 -32768 -32768 -32768 -32768 -32768 -32768 -32768 -32768 -32768
261 257 273 287 290 291 290 270 261 247 250 254 263 276 285 288 291 292 291 292 290 290 284 286 291 296 298 299 297 298 298 299 300 303 304 305 306 307 307 306 306 307 -32768 -32768 -32768 -32768 -32768 -32768 -32768 -32768 -32768 -32768 -32768 -32768 -32768 -32768 -32768 -32768 -32768 -32768 -32768 -32768 -32768 -32768 -32768 -32768 -32768 -32768 -32768 -32768 -32768 -32768 -32768 -32768 -32768 -32768 -32768 -32768 -32768
254 246 272 293 292 292 292 285 268 254 254 260 272 280 284 288 290 288 285 283 282 280 280 286 289 293 295 295 295 296 298 301 303 303 304 305 305 306 307 306 307 307 -32768 -32768 -32768 -32768 -32768 -32768 -32768 -32768 -32768 -32768 -32768 -32768 -32768 -32768 -32768 -32768 -32768 -32768 -32768 -32768 -32768 -32768 -32768 -32768 -32768 -32768 -32768 -32768 -32768 -32768 -32768 -32768 -32768 -32768 -32768 -32768 -32768
251 245 270 291 298 294 294 295 286 259 259 268 272 279 285 288 286 284 278 275 275 276 280 286 290 292 295 294 296 299 303 305 306 307 307 306 306 305 303 302 303 305 -32768 -32768 -32768 -32768 -32768 -32768 -32768 -32768 -32768 -32768 -32768 -32768 -32768 -32768 -32768 -32768 -32768 -32768 -32768 -32768 -32768 -32768 -32768 -32768 -32768 -32768 -32768 -32768 -32768 -32768 -32768 -32768 -32768 -32768 -32768 -32768 -32768
252 250 261 284 296 299 300 299 294 260 261 269 271 280 285 288 285 280 273 272 275 281 285 290 293 295 297 299 300 302 305 308 310 309 309 307 305 300 296 296 300 303 -32768 -32768 -32768 -32768 -32768 -32768 -32768 -32768 -32768 -32768 -32768 -32768 -32768 -32768 -32768 -32768 -32768 -32768 -32768 -32768 -32768 -32768 -32768 -32768 -32768 -32768 -32768 -32768 -32768 -32768 -32768 -32768 -32768 -32768 -32768 -32768 -32768
261 258 256 266 289 299 300 301 299 261 257 271 281 280 287 286 285 283 283 282 283 289 289 290 293 296 298 301 304 306 307 309 311 311 308 303 300 297 297 297 299 301 -32768 -32768 -32768 -32768 -32768 -32768 -32768 -32768 -32768 -32768 -32768 -32768 -32768 -32768 -32768 -32768 -32768 -32768 -32768 -32768 -32768 -32768 -32768 -32768 -32768 -32768 -32768 -32768 -32768 -32768 -32768 -32768 -32768 -32768 -32768 -32768 -32768
260 255 248 247 267 297 300 299 302 280 263 273 281 290 293 291 283 285 288 289 288 289 292 291 293 295 300 303 305 307 309 310 310 308 304 302 302 301 298 297 298 299 -32768 -32768 -32768 -32768 -32768 -32768 -32768 -32768 -32768 -32768 -32768 -32768 -32768 -32768 -32768 -32768 -32768 -32768 -32768 -32768 -32768 -32768 -32768 -32768 -32768 -32768 -32768 -32768 -32768 -32768 -32768 -32768 -32768 -32768 -32768 -32768 -32768
257 252 247 242 252 294 299 295 300 296 268 275 286 292 293 291 291 294 289 290 291 291 292 293 295 297 299 301 304 307 308 308 307 305 304 302 301 300 300 298 298 299 299 -32768 -32768 -32768 -32768 -32768 -32768 -32768 -32768 -32768 -32768 -32768 -32768 -32768 -32768 -32768 -32768 -32768 -32768 -32768 -32768 -32768 -32768 -32768 -32768 -32768 -32768 -32768 -32768 -32768 -32768 -32768 -32768 -32768 -32768 -32768 -32768
255 253 249 244 245 283 295 287 288 300 273 278 289 293 294 293 296 299 300 292 291 291 291 292 292 293 293 298 302 303 302 305 304 305 301 300 298 296 297 297 297 300 301 302 -32768 -32768 -32768 -32768 -32768 -32768 -32768 -32768 -32768 -32768 -32768 -32768 -32768 -32768 -32768 -32768 -32768 -32768 -32768 -32768 -32768 -32768 -32768 -32768 -32768 -32768 -32768 -32768 -32768 -32768 -32768 -32768 -32768 -32768 -32768
