Part_1_SDMs/env_data/future_climate_2070_RCP_8.5/bioclim_10.asc
NCOLS 444 
NROWS 438 
XLLCORNER -19 
YLLCORNER -35 
CELLSIZE 0.166666666666667 
NODATA_value -32768 
[rows 280 to 314 of 438, columns 237 to 315 of 444]
286 284 286 285 283 281 284 282 284 282 281 282 286 279 279 278 279 278 278 278 283 281 277 277 277 277 277 280 283 286 284 287 291 303 304 304 299 295 259 250 259 263 263 272 278 276 285 282 276 291 294 292 281 286 295 296 292 292 289 290 289 272 274 299 271 251 245 247 254 262 264 287 278 268 269 277 266 245 251
281 283 282 284 282 281 283 283 285 282 281 282 286 279 279 278 278 278 278 280 281 281 280 278 277 277 276 279 283 284 287 292 303 304 304 301 293 289 253 245 255 268 276 276 265 266 282 283 290 293 293 289 284 289 294 292 291 288 286 276 267 262 265 258 252 245 248 252 253 258 267 269 285 264 254 252 260 234 227
280 281 280 283 281 280 282 283 285 282 281 281 288 280 279 279 278 278 278 281 283 280 278 277 277 277 278 280 286 291 294 298 303 304 302 293 283 287 259 257 275 284 272 256 255 265 285 290 292 292 291 290 290 289 287 285 282 279 279 277 270 274 270 255 245 245 247 252 255 257 267 264 273 273 256 245 237 228 226
279 280 279 283 281 280 282 283 283 281 281 281 284 283 280 279 278 278 279 282 283 281 278 278 278 279 282 284 288 291 297 298 303 300 289 276 269 283 265 280 287 284 253 249 253 270 289 291 291 291 285 286 287 283 281 274 268 266 272 274 272 271 270 250 248 249 249 257 263 270 274 273 264 265 262 250 232 228 261
277 279 278 282 279 280 281 283 282 281 282 281 282 288 284 281 280 280 280 282 281 280 279 279 282 284 285 290 291 292 294 296 296 294 275 255 257 271 286 289 291 278 257 252 257 270 289 291 291 290 282 276 280 279 275 268 266 267 265 262 260 261 262 254 250 253 255 260 263 272 277 279 274 266 261 262 260 234 271
277 278 278 280 279 280 281 281 284 282 282 282 282 287 286 284 285 284 281 282 280 280 281 282 285 285 288 289 287 290 293 291 291 283 260 253 263 278 288 293 293 277 258 253 261 272 287 290 291 290 281 268 271 276 276 274 272 269 265 261 260 259 263 256 256 257 264 265 267 276 279 281 279 276 271 267 268 263 278
276 277 277 278 278 279 281 281 284 285 283 283 283 286 288 288 286 286 284 283 282 281 283 283 285 288 288 287 284 286 291 288 278 267 251 266 278 285 290 292 293 279 258 251 259 282 288 290 290 289 278 269 273 276 275 272 267 261 260 257 256 258 260 260 259 263 268 271 275 278 281 281 282 280 278 280 276 265 275
275 276 277 277 278 280 281 282 283 285 285 284 284 286 287 289 286 284 285 282 281 280 282 283 284 288 284 285 285 287 283 269 265 254 262 276 282 286 289 291 292 290 276 254 262 282 287 289 290 288 275 270 274 274 268 261 263 261 257 259 262 262 263 262 262 265 268 273 276 279 280 280 284 283 288 291 275 260 275
274 275 276 277 277 279 280 282 283 285 288 286 286 286 288 288 286 283 283 282 279 279 279 280 281 286 281 281 283 283 264 252 251 248 260 276 282 285 287 289 291 286 264 251 260 281 285 288 288 284 271 271 274 269 264 261 262 265 265 266 268 269 268 267 263 265 269 271 274 279 278 273 281 281 296 297 264 250 256
273 274 275 276 277 278 280 282 284 286 289 287 286 286 288 287 285 282 281 278 276 276 276 278 278 284 278 278 280 278 255 245 246 249 258 273 280 281 284 288 289 288 267 252 255 276 284 287 288 280 270 274 272 269 264 264 266 268 270 267 267 267 272 270 267 267 270 274 277 279 279 276 277 294 302 300 263 257 260
272 273 273 275 276 278 280 283 285 286 289 288 286 287 286 285 283 280 278 276 273 274 275 275 279 279 276 278 278 270 259 251 251 247 260 271 271 271 279 284 285 288 266 252 252 275 284 284 286 279 270 273 270 270 269 270 271 270 271 272 271 271 272 273 273 273 274 276 277 277 277 278 282 302 305 299 263 269 262
271 273 273 275 276 278 280 283 286 288 290 288 285 284 284 282 282 280 279 277 274 272 273 273 275 277 276 276 270 266 267 264 256 255 264 272 271 272 274 277 282 286 279 254 258 278 281 282 283 277 272 271 270 270 273 273 272 272 273 274 273 274 273 274 274 275 275 273 274 272 274 276 284 305 307 299 281 277 257
272 272 273 275 276 277 280 282 284 286 288 286 283 282 282 280 278 276 274 274 275 272 270 270 271 274 274 273 265 262 265 266 262 263 258 264 267 271 272 274 277 280 279 274 269 273 279 279 280 275 271 270 269 271 274 275 274 273 274 274 274 274 274 274 274 273 270 268 268 270 276 282 292 306 305 300 291 281 255
273 273 273 275 276 277 279 281 283 284 284 282 280 279 277 275 272 271 270 270 269 268 267 268 267 270 272 270 264 262 264 266 261 259 257 257 261 266 272 274 274 272 273 277 276 271 277 278 278 271 268 267 268 271 272 274 275 275 274 273 274 274 274 274 271 267 264 261 264 269 277 281 295 306 307 304 285 283 269
272 273 274 275 276 277 278 279 280 280 280 279 277 275 273 272 271 270 269 269 269 270 266 265 266 267 269 267 264 263 266 262 260 256 253 254 262 267 272 272 272 272 273 274 276 274 278 278 276 270 269 268 268 272 273 274 274 275 275 275 274 274 273 271 270 267 261 257 259 270 273 281 295 304 307 304 286 283 279
272 273 274 274 275 276 277 277 277 277 277 276 274 273 271 270 270 271 271 271 270 266 261 262 263 263 263 263 260 261 265 261 259 255 252 255 259 268 270 269 268 269 272 273 275 275 275 277 275 270 268 268 269 272 274 274 274 274 274 275 275 274 271 269 266 262 258 258 262 275 283 294 300 305 306 302 289 280 276
274 274 274 274 275 275 275 275 275 275 274 273 272 271 270 268 270 271 271 271 266 258 257 259 260 261 262 260 258 258 262 263 260 257 255 256 260 268 267 267 266 269 273 275 275 276 276 276 270 265 265 267 272 272 273 274 274 274 274 274 274 273 270 268 266 261 254 257 266 274 290 299 304 306 305 296 281 277 268
274 274 274 273 273 273 273 273 273 272 272 271 270 270 269 269 271 271 271 270 266 261 259 260 261 261 260 258 256 259 261 261 259 256 255 256 261 267 266 264 266 270 273 274 275 276 275 276 270 264 264 270 273 272 272 273 274 274 274 274 274 272 270 266 266 262 251 263 271 281 294 304 307 306 300 287 278 273 262
272 274 273 273 272 271 271 271 270 270 270 269 269 269 269 269 269 269 267 266 264 260 259 262 260 259 257 257 257 258 260 258 258 257 256 256 260 263 265 263 265 266 271 273 274 275 275 276 272 267 269 274 275 274 272 273 273 274 274 274 274 272 270 268 264 264 262 276 280 298 303 307 307 303 293 281 276 270 261
273 274 273 272 271 270 269 268 268 267 267 267 267 268 267 267 268 266 265 264 260 258 261 264 261 262 259 259 262 260 262 260 257 256 255 254 257 260 261 263 264 265 268 272 273 273 274 275 276 275 275 276 275 273 272 273 273 274 274 274 273 272 270 268 266 262 268 288 288 303 307 308 305 297 286 277 273 268 260
273 274 273 271 270 268 267 266 265 265 264 265 266 267 267 267 264 263 258 259 258 260 264 266 261 264 263 265 267 264 264 263 258 259 257 257 258 259 261 263 264 265 267 269 269 272 272 275 274 276 275 274 273 272 272 273 274 274 273 273 273 270 268 264 262 259 274 303 301 305 308 307 302 293 283 276 269 265 253
271 272 272 270 269 267 265 264 263 262 262 262 264 265 267 267 266 261 263 263 261 261 266 268 261 266 267 272 270 266 266 263 260 260 260 260 261 262 261 263 264 266 266 266 267 270 267 272 274 273 277 276 272 272 274 273 273 273 273 273 271 269 267 261 258 260 287 308 307 309 310 307 301 292 282 273 268 262 253
270 271 270 269 267 265 263 262 260 259 259 260 261 263 266 265 266 264 265 268 266 265 267 271 264 270 274 272 269 268 267 265 263 261 263 263 266 265 264 263 265 265 267 267 267 267 266 267 272 272 271 272 272 273 273 273 273 273 272 271 270 266 263 259 260 274 305 309 310 312 311 306 298 287 279 271 267 259 253
268 269 269 267 266 264 262 260 258 257 256 257 259 263 265 267 267 267 268 273 271 270 270 274 275 275 274 271 272 271 270 268 266 264 264 266 267 266 264 264 266 266 267 266 265 267 268 267 269 271 269 270 272 272 272 272 272 271 272 270 265 261 260 259 263 288 305 308 313 314 311 304 294 285 276 269 266 263 263
270 269 268 267 265 263 261 259 257 255 253 253 257 263 264 267 271 274 277 277 275 276 277 275 276 275 276 274 274 272 271 269 267 266 267 266 268 266 266 266 269 268 269 267 267 268 270 267 268 269 269 270 271 272 271 269 270 270 269 264 265 259 257 259 268 291 309 312 315 315 311 303 293 284 275 273 272 268 268
269 269 267 266 265 263 261 259 257 254 252 251 258 266 271 276 280 282 283 282 282 280 278 276 277 278 277 276 273 271 268 268 267 265 267 269 270 269 270 269 271 271 272 269 269 270 271 269 268 269 268 269 271 270 268 265 268 268 265 260 259 254 254 258 267 304 310 315 317 315 309 301 291 286 279 277 276 273 270
268 267 267 266 265 264 262 260 258 257 256 257 263 272 280 286 288 289 288 287 284 283 282 281 281 279 277 275 272 270 268 265 265 263 266 268 272 272 273 272 274 273 272 273 271 273 273 271 271 268 265 270 270 267 264 264 266 263 261 254 252 253 255 257 294 312 313 318 319 315 308 300 294 288 284 281 277 271 266
267 267 267 266 265 265 263 262 261 261 261 264 270 278 287 294 297 296 293 290 288 286 284 283 281 277 276 275 274 272 270 267 267 266 268 272 274 274 274 275 276 276 275 277 276 276 275 274 273 270 268 269 269 266 260 262 262 260 258 258 260 267 268 274 314 317 319 316 319 317 312 304 296 293 287 282 279 274 270
270 269 268 267 266 265 265 264 264 265 267 271 276 283 292 302 304 301 297 293 290 287 285 283 280 277 278 276 275 272 271 268 268 266 270 272 275 274 274 277 278 278 278 279 279 278 275 274 274 270 267 265 265 269 259 255 258 261 265 270 282 292 291 301 319 321 321 309 322 319 309 303 297 292 289 286 281 277 270
271 268 267 267 266 266 267 268 268 270 272 276 281 288 294 303 307 303 299 296 292 289 286 283 281 279 279 278 276 275 273 272 269 270 273 276 274 272 275 279 280 280 280 279 276 276 275 273 272 270 270 270 270 268 262 260 264 261 265 281 302 307 294 308 321 319 316 307 318 306 301 298 291 281 288 287 282 277 268
271 270 269 268 268 268 269 270 272 274 277 280 285 290 296 301 304 303 301 298 293 291 286 284 281 281 281 280 279 277 276 274 273 274 276 277 274 273 275 278 281 282 282 279 277 276 276 273 273 274 275 275 272 268 265 264 270 272 279 301 312 306 308 322 318 313 311 310 312 303 297 294 289 281 282 285 282 275 267
271 271 269 269 269 269 270 272 275 277 280 284 288 293 297 301 303 303 301 298 295 292 289 287 285 284 282 281 279 278 278 279 278 276 278 278 277 276 276 277 281 283 283 283 282 281 279 277 275 273 275 277 274 269 268 268 271 281 303 315 308 306 320 313 304 301 305 304 304 292 290 291 289 285 288 284 280 273 270
274 273 272 272 272 272 272 275 278 281 284 287 291 294 298 301 303 303 302 299 296 292 289 287 285 284 282 281 280 280 281 281 280 279 279 280 277 275 276 280 283 284 284 285 284 282 281 280 278 275 277 279 273 271 270 275 281 304 317 310 304 322 312 305 302 301 296 296 294 289 292 290 295 291 294 285 279 272 271
274 272 272 273 274 275 276 279 281 284 286 290 293 296 299 302 303 302 301 299 297 294 290 287 284 283 282 282 281 281 281 282 283 282 282 282 281 279 279 283 285 286 286 286 285 284 282 283 282 278 277 280 277 273 268 271 290 315 313 311 325 315 313 302 296 294 288 288 292 294 294 293 299 289 295 290 277 264 270
275 274 274 275 274 276 278 281 284 287 289 292 295 298 301 303 303 303 302 301 299 296 291 288 285 282 281 282 280 280 279 280 282 283 283 282 282 283 284 285 286 286 286 286 286 285 282 282 283 282 279 282 279 275 273 271 297 319 302 320 319 308 306 296 295 293 289 290 291 294 299 302 304 300 297 294 286 270 262
