Part_1_SDMs/env_data/future_climate_2070_RCP_8.5/bioclim_3.asc
NCOLS 444 
NROWS 438 
XLLCORNER -19 
YLLCORNER -35 
CELLSIZE 0.166666666666667 
NODATA_value -32768 
[rows 108 to 143 of 438, columns 332 to 414 of 444]
48 48 48 46 45 44 -32768 -32768 -32768 -32768 -32768 -32768 -32768 -32768 -32768 -32768 -32768 -32768 -32768 -32768 -32768 -32768 55 -32768 56 56 56 57 57 56 56 53 52 52 51 50 49 48 48 47 47 47 47 47 47 47 46 47 47 47 46 46 46 46 46 45 45 45 45 44 44 44 44 44 44 44 44 44 44 44 44 44 44 44 44 44 45 45 45 45 45 45 45
49 48 47 45 44 44 -32768 -32768 -32768 -32768 -32768 -32768 -32768 -32768 -32768 -32768 -32768 -32768 -32768 -32768 -32768 -32768 -32768 -32768 -32768 56 56 57 57 57 57 56 54 52 51 51 50 49 48 48 47 47 47 47 47 47 47 47 47 46 46 46 46 46 45 45 45 45 44 44 44 44 44 44 44 44 44 44 44 44 44 44 44 45 44 45 45 45 45 45 45 45 45
49 48 47 46 44 43 -32768 -32768 -32768 -32768 -32768 -32768 -32768 -32768 -32768 -32768 -32768 -32768 -32768 -32768 -32768 -32768 -32768 -32768 -32768 57 57 57 58 58 58 57 56 53 52 51 50 50 49 48 48 47 47 47 47 47 47 47 47 46 46 46 46 46 46 45 45 45 45 44 44 44 44 44 44 44 44 44 44 44 44 44 45 45 45 45 45 45 45 45 45 45 45
49 48 47 46 45 44 -32768 -32768 -32768 -32768 -32768 -32768 -32768 -32768 -32768 -32768 -32768 -32768 -32768 -32768 -32768 -32768 -32768 -32768 -32768 -32768 -32768 57 58 58 58 58 57 55 52 52 51 50 50 49 48 48 48 47 47 47 47 47 47 47 46 46 46 46 46 45 45 45 45 45 45 44 44 44 44 44 44 45 45 45 45 45 45 45 45 45 45 45 46 46 45 46 46
50 49 48 46 45 44 -32768 -32768 45 -32768 -32768 -32768 -32768 -32768 -32768 -32768 -32768 -32768 -32768 -32768 -32768 -32768 -32768 -32768 -32768 -32768 -32768 58 58 58 59 59 58 57 53 52 52 51 50 50 49 49 48 48 48 47 47 47 47 46 46 46 46 46 46 45 45 45 45 45 45 45 45 45 45 45 45 44 45 45 45 45 45 45 45 45 46 46 46 46 46 46 46
50 49 48 47 46 45 45 45 -32768 -32768 -32768 -32768 -32768 -32768 -32768 -32768 -32768 -32768 -32768 -32768 -32768 -32768 -32768 -32768 -32768 -32768 -32768 57 58 58 58 59 59 58 55 53 52 51 51 50 50 49 49 48 48 48 48 47 47 47 46 46 46 46 46 46 46 45 45 45 45 45 45 45 45 45 45 45 45 45 45 45 45 46 46 46 46 46 46 46 46 46 46
51 49 48 47 47 46 45 -32768 -32768 -32768 47 47 -32768 -32768 -32768 -32768 -32768 -32768 -32768 -32768 -32768 -32768 -32768 -32768 -32768 -32768 -32768 -32768 58 58 58 59 59 59 56 53 53 52 51 51 50 50 49 49 49 48 48 48 47 47 47 46 46 46 46 46 46 46 46 46 46 46 45 46 45 45 45 45 45 45 45 45 45 46 46 46 46 46 46 46 46 47 46
52 50 49 47 46 47 46 46 46 47 47 47 -32768 -32768 -32768 -32768 -32768 -32768 -32768 -32768 -32768 -32768 -32768 -32768 -32768 -32768 -32768 -32768 -32768 58 58 59 59 59 57 54 53 52 52 52 51 50 50 49 49 49 48 48 47 47 47 47 46 46 46 46 46 46 46 46 46 46 46 46 46 46 45 45 46 45 45 46 46 46 46 46 46 46 46 46 46 47 47
53 52 50 48 47 48 47 47 47 47 -32768 -32768 -32768 -32768 -32768 -32768 -32768 -32768 -32768 -32768 -32768 -32768 -32768 -32768 -32768 -32768 -32768 -32768 57 58 58 58 58 58 57 55 53 53 53 52 52 51 51 50 50 49 49 48 48 47 47 47 47 46 47 47 47 47 47 46 46 46 46 46 46 46 46 46 46 46 46 46 46 46 46 46 46 46 46 46 46 47 47
55 53 52 50 48 49 48 48 48 48 48 -32768 -32768 -32768 -32768 -32768 -32768 -32768 -32768 -32768 -32768 -32768 -32768 -32768 -32768 -32768 -32768 -32768 56 57 58 58 58 57 57 55 54 53 54 53 53 52 52 51 51 50 49 49 49 48 48 47 47 47 47 47 47 47 47 47 47 47 47 47 47 46 46 46 46 46 46 46 46 46 46 46 46 46 46 46 46 47 47
56 55 52 51 50 50 50 49 48 49 49 50 50 -32768 -32768 -32768 -32768 -32768 -32768 -32768 -32768 -32768 -32768 -32768 -32768 -32768 -32768 -32768 -32768 -32768 57 58 58 57 56 55 54 53 54 54 53 53 52 52 52 51 50 49 49 49 49 48 48 48 48 48 48 47 47 47 47 47 47 47 47 47 46 46 46 46 46 46 46 46 46 46 46 46 46 46 47 47 47
57 55 54 52 51 51 51 50 50 50 50 50 50 51 -32768 -32768 -32768 -32768 -32768 -32768 -32768 -32768 -32768 -32768 -32768 -32768 -32768 -32768 -32768 -32768 -32768 58 57 57 56 56 55 54 54 54 54 54 53 53 52 51 51 50 50 49 49 49 49 48 48 48 48 48 48 48 48 47 47 47 47 47 47 46 46 47 46 46 46 46 46 46 46 46 46 46 46 46 47
57 56 55 54 53 52 51 51 51 51 50 51 51 51 -32768 -32768 -32768 -32768 -32768 -32768 -32768 -32768 -32768 -32768 -32768 -32768 -32768 -32768 -32768 -32768 -32768 57 57 56 56 55 55 55 54 54 54 54 54 54 53 52 51 50 50 50 50 50 49 49 49 49 49 49 49 48 48 48 48 48 47 47 47 47 47 47 46 47 46 46 46 46 46 46 46 46 46 46 46
58 57 56 55 54 53 53 52 51 51 51 51 51 52 51 -32768 -32768 -32768 -32768 -32768 -32768 -32768 -32768 -32768 -32768 -32768 -32768 -32768 -32768 -32768 -32768 -32768 56 56 56 55 55 54 54 53 53 54 55 54 53 52 52 51 51 50 50 50 50 50 50 50 49 49 49 48 48 48 48 48 48 48 48 47 47 47 47 47 46 46 46 46 46 46 46 46 46 46 47
58 58 57 56 55 54 54 52 52 52 53 52 52 52 52 52 -32768 -32768 -32768 -32768 -32768 -32768 -32768 -32768 -32768 -32768 -32768 -32768 -32768 -32768 -32768 -32768 -32768 -32768 55 55 54 53 54 54 54 54 55 55 54 53 53 52 51 51 51 51 51 51 50 50 50 49 49 49 49 49 48 48 48 48 48 48 47 47 47 47 47 46 46 46 46 46 46 46 46 47 47
58 58 57 57 56 55 54 54 53 53 54 53 53 53 52 53 -32768 -32768 -32768 -32768 -32768 -32768 -32768 -32768 -32768 -32768 -32768 -32768 -32768 -32768 -32768 -32768 -32768 -32768 -32768 54 54 54 53 54 55 55 56 55 55 54 53 53 52 52 52 51 51 51 50 50 50 50 49 49 49 49 48 48 48 48 48 48 48 48 48 48 47 47 46 46 47 46 47 47 47 47 47
58 58 58 58 57 56 55 55 54 55 54 54 54 53 53 53 -32768 -32768 -32768 -32768 -32768 -32768 -32768 -32768 -32768 -32768 -32768 -32768 -32768 -32768 -32768 -32768 -32768 -32768 -32768 54 54 53 53 53 53 54 57 55 55 55 55 54 53 52 52 52 52 51 51 51 50 50 50 49 49 49 49 49 49 49 48 48 48 48 48 48 48 47 47 47 47 47 47 47 47 47 48
59 59 59 58 58 57 57 56 55 56 55 55 55 55 54 53 53 -32768 -32768 -32768 -32768 -32768 -32768 -32768 -32768 -32768 -32768 -32768 -32768 -32768 -32768 -32768 55 54 -32768 -32768 53 53 53 52 53 55 57 57 56 56 56 55 54 53 53 52 52 52 51 51 50 50 50 50 50 49 49 49 49 49 49 48 48 49 49 49 48 48 48 48 48 48 48 48 48 48 48
59 59 59 59 59 58 58 57 57 57 56 56 56 56 55 54 54 -32768 -32768 -32768 -32768 -32768 -32768 -32768 -32768 -32768 -32768 -32768 -32768 -32768 -32768 55 55 54 53 -32768 53 53 53 52 52 56 57 58 57 56 56 55 56 55 54 53 52 52 51 51 51 51 50 50 50 50 49 49 49 49 49 49 49 49 49 49 49 49 48 48 48 49 49 49 49 49 50
59 59 59 60 60 59 59 59 59 58 58 58 58 57 56 55 53 -32768 -32768 -32768 -32768 -32768 -32768 -32768 -32768 -32768 -32768 -32768 -32768 -32768 -32768 55 55 54 53 53 -32768 53 52 52 52 53 57 57 57 57 57 57 57 56 54 53 53 52 52 52 51 51 50 50 50 50 50 50 49 49 49 50 50 50 50 49 49 50 49 49 49 49 50 50 50 50 50
59 59 60 60 60 60 60 61 61 60 60 59 60 58 57 55 54 53 -32768 -32768 -32768 -32768 52 52 -32768 -32768 -32768 -32768 -32768 -32768 -32768 -32768 -32768 54 53 53 -32768 -32768 52 52 52 53 55 57 57 58 56 56 57 56 55 55 54 53 52 52 52 51 51 51 51 50 50 50 50 50 50 50 50 50 50 50 50 50 50 50 50 50 51 51 51 51 51
60 60 60 60 60 61 61 62 62 62 62 62 61 60 58 56 54 53 -32768 51 -32768 51 52 52 -32768 -32768 -32768 -32768 -32768 -32768 -32768 -32768 -32768 54 -32768 53 -32768 -32768 52 52 52 53 55 57 57 59 58 57 56 57 56 55 55 54 53 53 52 52 51 51 51 51 50 50 50 51 51 51 51 50 50 50 50 51 51 51 51 51 51 51 52 52 52
60 60 60 61 61 61 62 62 63 64 64 64 64 62 60 57 54 53 -32768 -32768 51 51 51 51 -32768 -32768 -32768 -32768 -32768 -32768 -32768 -32768 -32768 53 -32768 52 52 51 52 51 52 53 56 58 58 59 59 57 56 55 55 55 55 54 54 53 53 52 52 51 51 51 50 50 51 51 51 51 51 51 51 51 51 51 51 51 51 52 52 52 52 53 53
60 60 61 61 62 62 62 62 63 65 65 65 65 64 62 58 56 53 51 -32768 -32768 51 51 51 -32768 -32768 -32768 -32768 -32768 -32768 -32768 -32768 -32768 -32768 -32768 -32768 52 -32768 52 52 52 53 57 58 59 60 60 59 58 57 56 55 55 54 54 54 53 53 52 51 51 51 51 51 51 50 50 51 51 51 51 51 51 51 52 52 52 52 52 53 53 53 54
61 61 61 62 62 62 63 63 63 64 66 66 65 65 65 60 57 54 52 50 -32768 51 52 52 52 53 -32768 -32768 -32768 -32768 -32768 -32768 -32768 -32768 -32768 -32768 -32768 -32768 52 52 52 53 58 58 59 62 62 61 60 60 57 56 55 55 55 54 54 53 53 52 52 51 51 51 51 51 51 50 51 52 52 52 52 52 52 53 53 53 53 53 54 54 54
61 61 62 62 63 63 63 64 64 65 65 66 66 65 65 61 58 55 52 -32768 -32768 52 52 53 53 53 53 -32768 -32768 -32768 -32768 -32768 -32768 -32768 -32768 52 51 51 51 52 53 54 56 59 62 63 63 63 62 62 59 58 57 56 55 55 54 54 53 53 52 52 51 51 51 51 51 51 51 51 52 52 52 53 53 53 54 54 54 54 54 54 55
61 61 62 63 64 65 65 65 64 65 66 66 66 66 66 64 61 58 53 53 -32768 53 53 53 53 54 53 54 54 -32768 -32768 -32768 53 53 -32768 51 51 51 51 51 53 54 57 61 63 63 63 63 64 63 62 60 59 58 57 56 55 54 54 53 53 52 52 52 51 51 51 52 52 52 53 53 53 54 54 54 54 55 55 55 55 55 55
61 62 63 64 66 66 66 67 66 67 67 67 67 68 69 69 66 65 62 58 55 55 55 -32768 54 54 54 54 54 -32768 -32768 -32768 -32768 -32768 -32768 -32768 50 50 51 51 52 55 61 62 63 63 63 64 63 63 63 62 61 59 58 57 56 55 54 54 53 53 52 52 52 52 53 53 53 53 53 54 54 55 55 55 55 55 55 56 56 56 56
62 63 63 64 65 67 68 69 69 69 69 69 69 69 70 71 69 68 65 59 57 56 56 56 -32768 -32768 -32768 -32768 -32768 54 -32768 -32768 -32768 -32768 52 -32768 -32768 51 51 52 53 54 60 61 62 63 63 63 62 63 63 62 61 60 59 58 57 56 55 54 53 53 53 52 53 53 53 54 54 54 54 55 55 55 55 56 56 56 57 57 57 57 56
63 62 63 64 65 67 69 70 70 69 69 69 69 69 71 71 71 71 70 66 63 60 58 57 57 57 -32768 -32768 -32768 -32768 -32768 -32768 -32768 -32768 52 52 -32768 -32768 -32768 52 52 54 57 61 63 63 63 62 62 62 63 63 62 61 60 58 57 57 56 55 54 53 53 53 54 54 54 54 55 55 55 55 55 56 57 57 56 57 57 57 56 56 56
63 63 63 64 66 67 68 70 70 69 68 68 69 70 72 71 70 70 71 70 67 63 61 59 58 57 57 -32768 -32768 -32768 -32768 -32768 -32768 -32768 -32768 -32768 -32768 -32768 -32768 52 52 54 58 61 63 63 64 61 61 62 63 63 62 62 60 59 58 57 56 55 54 54 54 54 54 55 54 55 55 55 56 56 57 57 57 57 57 56 56 55 56 56 56
64 63 64 65 66 67 68 68 68 68 68 68 68 69 70 70 69 69 70 70 69 64 62 61 60 58 58 58 -32768 -32768 -32768 -32768 -32768 -32768 -32768 -32768 -32768 -32768 -32768 52 53 55 57 62 63 64 62 61 61 61 62 63 62 62 61 59 58 57 57 56 55 54 54 54 55 55 55 55 55 55 56 57 57 57 58 57 55 55 55 55 55 55 56
64 64 64 65 66 67 67 67 68 67 66 67 68 69 69 69 68 68 68 69 70 66 63 61 61 60 59 58 57 56 -32768 -32768 -32768 -32768 -32768 -32768 -32768 -32768 -32768 53 54 55 57 63 64 64 63 61 61 61 61 62 62 61 61 60 58 57 57 56 55 55 55 55 55 55 55 55 55 55 55 55 56 57 57 56 56 55 55 -32768 -32768 -32768 -32768
65 64 64 65 66 66 67 67 67 66 66 67 67 67 67 67 67 67 67 68 70 67 66 61 61 61 62 61 60 57 56 -32768 -32768 -32768 -32768 -32768 -32768 -32768 -32768 54 55 57 59 62 64 64 64 63 62 61 62 62 61 61 60 59 58 57 57 56 56 56 56 55 55 55 55 54 55 55 55 55 55 57 56 55 54 -32768 -32768 -32768 -32768 -32768 -32768
67 67 66 66 66 67 67 67 67 67 66 68 67 67 67 66 66 66 67 68 68 69 67 63 61 61 61 62 61 59 56 55 -32768 -32768 -32768 -32768 -32768 -32768 -32768 -32768 56 58 60 63 64 65 65 63 62 62 61 61 61 60 59 59 58 57 57 57 56 57 56 56 55 55 55 54 54 55 55 54 55 55 54 54 54 -32768 -32768 -32768 -32768 -32768 -32768
70 70 68 68 68 68 68 67 67 66 66 67 68 67 66 66 66 66 67 68 69 70 67 64 62 61 60 61 62 60 57 55 -32768 -32768 -32768 -32768 -32768 -32768 56 -32768 57 58 60 62 63 66 65 63 62 62 62 61 61 60 58 57 57 57 57 57 57 56 56 55 56 56 56 55 54 54 54 54 53 54 54 54 -32768 -32768 -32768 -32768 -32768 -32768 -32768
