Part_1_SDMs/env_data/future_climate_2070_RCP_8.5/bioclim_18.asc
NCOLS 444 
NROWS 438 
XLLCORNER -19 
YLLCORNER -35 
CELLSIZE 0.166666666666667 
NODATA_value -32768 
[rows 140 to 174 of 438, columns 79 to 157 of 444]
70 71 73 74 75 79 79 81 84 87 87 86 87 88 90 91 89 88 87 85 83 80 78 77 76 76 76 76 76 75 75 74 72 70 67 63 59 59 59 57 55 52 52 55 57 59 62 67 69 73 78 81 78 70 63 60 56 51 50 56 65 71 76 79 82 84 85 90 97 96 88 78 68 58 52 51 52 54 53
72 74 75 76 77 82 86 88 90 90 91 90 92 93 95 93 92 92 90 88 87 83 80 79 78 80 82 83 82 82 81 81 81 80 77 70 66 66 65 63 61 58 59 63 65 66 68 72 74 80 87 94 87 78 70 67 62 59 60 66 73 78 80 81 82 87 94 99 105 102 93 81 71 62 55 50 50 50 49
75 78 80 81 80 83 91 94 94 93 92 94 97 98 97 97 97 97 94 93 90 88 85 83 82 85 90 91 90 89 88 89 89 89 87 83 79 77 75 72 68 65 66 71 71 69 70 73 74 81 88 92 88 82 74 67 66 67 68 74 81 85 86 85 85 88 97 105 110 106 93 83 75 67 59 53 53 51 51
81 85 87 89 93 96 99 102 101 97 95 100 101 99 98 100 102 101 99 98 96 94 92 88 86 90 98 100 99 98 97 98 98 100 101 99 94 90 87 84 78 73 69 69 69 68 69 69 75 81 86 86 83 78 69 66 70 73 77 82 89 93 93 93 93 95 100 109 113 107 94 84 79 71 66 63 63 60 60
94 97 98 97 102 106 110 112 110 105 104 107 107 104 103 104 105 105 103 103 103 103 100 97 96 101 107 109 110 109 109 109 108 110 112 111 107 103 100 95 88 81 72 67 66 70 74 78 82 85 87 85 82 80 77 76 78 81 84 89 95 99 101 102 104 108 110 114 116 108 97 87 80 74 72 71 70 69 69
117 122 117 113 113 116 120 122 121 118 115 116 114 110 108 108 108 109 110 112 115 114 112 112 113 116 119 120 120 120 122 122 119 118 119 118 117 114 111 106 101 93 85 81 80 84 89 92 94 93 93 92 92 93 93 89 88 89 92 97 101 106 109 112 114 118 122 121 117 110 100 90 81 75 76 80 81 81 78
145 149 137 129 126 126 130 135 136 132 129 127 120 117 114 113 113 115 119 122 127 128 128 47 48 49 50 51 50 130 134 133 128 125 125 126 126 125 123 118 114 110 105 102 103 106 107 110 110 104 103 104 106 107 107 102 99 98 99 103 109 114 118 121 123 127 128 126 121 114 104 94 85 80 82 86 90 92 87
151 155 149 141 135 134 138 145 147 145 142 136 130 125 121 119 120 46 48 50 51 52 54 57 59 59 59 57 55 55 55 139 134 131 131 133 134 135 133 130 128 127 126 127 125 124 124 127 125 118 116 115 118 114 111 110 106 104 107 111 119 124 128 130 132 133 133 132 127 120 112 103 95 91 91 91 93 98 93
151 157 156 151 144 142 146 154 157 158 155 148 141 133 130 48 51 54 55 56 57 60 63 67 70 69 67 64 60 59 57 56 53 139 139 140 141 141 141 141 140 142 147 151 144 140 138 139 138 132 126 122 124 124 120 117 110 109 115 122 130 136 139 140 140 141 140 137 134 129 122 116 110 105 104 103 102 102 97
152 159 165 162 154 151 155 161 165 167 165 161 151 59 56 57 62 64 63 65 66 69 73 76 78 77 75 70 67 65 64 62 59 59 61 62 61 60 60 60 59 58 58 56 51 50 50 146 148 142 135 127 128 134 133 45 36 34 121 135 145 150 153 152 150 149 148 147 143 139 135 130 126 123 121 121 122 118 109
158 165 170 167 160 159 164 169 174 175 174 172 71 68 67 69 72 72 71 73 77 82 85 85 85 83 80 77 73 71 71 69 68 67 70 68 66 64 63 64 64 64 62 57 50 48 50 49 48 47 49 51 56 60 58 52 33 29 49 66 76 168 168 166 163 159 157 156 154 151 148 146 144 142 142 141 141 139 134
79 79 80 171 164 168 174 179 182 182 80 81 80 80 79 80 80 79 79 81 84 90 90 91 90 88 89 86 81 80 80 79 77 78 78 73 70 69 70 71 71 70 67 63 55 52 55 54 51 52 54 58 61 64 62 58 45 41 62 83 97 99 94 87 176 172 169 68 66 65 63 63 163 164 164 163 162 161 157
83 83 83 80 77 184 189 192 88 84 85 87 90 91 92 89 88 86 86 88 92 90 93 98 96 92 95 99 93 90 88 87 86 83 79 75 75 76 78 79 79 78 77 75 70 66 67 67 62 59 59 60 62 66 66 64 61 64 77 103 126 119 109 99 92 86 81 78 76 76 75 75 76 78 78 77 76 74 180
89 89 90 92 94 101 105 101 93 86 92 97 99 101 102 98 95 92 92 95 102 105 105 105 103 103 103 107 101 97 95 94 92 88 81 78 84 89 90 90 90 89 89 89 85 81 80 76 72 68 67 66 67 69 69 67 66 74 88 111 130 126 117 108 101 95 91 87 86 86 86 88 89 92 94 92 90 87 85
98 99 102 107 109 112 112 108 103 99 104 107 107 109 107 105 102 98 96 100 107 111 114 112 109 109 108 108 106 102 102 102 100 96 87 82 94 104 103 102 101 100 100 100 98 95 91 87 83 79 77 76 74 72 70 69 69 80 93 109 123 125 120 114 108 102 99 96 95 96 97 99 104 108 111 107 103 100 98
106 109 110 114 117 119 118 115 111 109 112 112 114 117 113 113 110 106 103 104 108 112 116 113 111 110 111 112 111 108 107 108 111 111 102 96 106 117 115 112 110 109 109 111 110 108 104 99 95 91 89 86 83 80 78 80 80 88 99 110 119 122 122 118 112 109 106 103 103 104 106 109 114 119 122 120 117 113 111
114 114 116 120 124 126 128 125 119 115 115 113 116 116 123 123 119 117 112 109 109 113 115 114 113 115 118 121 118 113 109 112 119 121 118 114 118 123 122 119 117 116 116 117 119 120 115 111 107 102 100 97 97 97 98 98 94 98 105 113 119 123 123 121 117 114 112 111 112 113 116 118 123 128 131 131 131 128 125
121 121 123 126 128 132 134 133 125 122 120 118 115 118 123 126 128 126 117 111 109 110 112 115 117 119 126 131 129 121 113 118 125 127 124 125 126 127 128 125 123 122 122 123 125 126 121 118 116 115 113 111 111 115 120 116 111 111 115 119 122 124 125 122 120 118 119 118 119 120 124 127 131 137 139 142 142 142 140
132 131 131 132 133 134 135 134 131 130 129 127 121 127 134 133 132 127 115 114 114 113 112 115 120 125 131 136 137 131 125 126 130 129 127 130 131 132 132 129 127 127 127 127 129 128 126 127 127 126 125 124 123 126 131 129 125 123 124 125 126 127 125 124 122 121 123 123 124 128 130 134 138 144 148 153 154 154 154
142 141 138 138 138 139 138 138 137 142 142 138 137 142 145 142 140 130 121 119 120 121 120 118 116 127 137 138 137 138 137 136 135 132 132 136 138 136 136 134 131 130 132 131 133 134 134 138 137 138 138 136 135 137 140 139 137 134 132 132 131 131 130 128 126 125 126 127 130 135 139 142 146 151 155 160 162 167 167
144 144 143 144 143 143 144 147 153 161 155 150 151 152 153 150 148 140 135 132 133 136 136 134 133 138 143 143 139 138 142 147 142 137 138 144 146 144 142 141 136 133 134 137 140 142 145 146 148 149 149 150 151 152 150 149 147 144 142 140 138 136 134 132 130 129 129 132 137 141 146 151 154 157 161 167 172 176 178
146 148 150 151 151 152 155 160 164 165 162 160 160 159 160 160 159 155 150 148 149 156 160 165 164 159 155 146 126 130 142 154 148 142 145 154 155 152 152 57 141 137 141 145 149 152 157 155 157 157 160 165 168 165 162 161 156 152 151 149 145 142 137 136 136 135 137 139 143 148 153 157 161 164 168 173 180 184 185
147 151 155 159 159 161 165 171 170 170 170 168 166 166 165 163 160 164 166 166 169 179 194 202 191 183 175 163 140 125 148 158 156 154 158 168 169 64 66 68 63 58 58 60 64 167 167 164 166 167 170 174 176 176 174 173 169 164 162 159 154 150 145 141 142 143 144 146 150 156 159 163 167 172 177 183 188 190 191
148 155 163 167 169 171 176 177 177 177 175 173 173 172 167 158 151 166 177 179 186 198 214 225 213 198 189 180 168 159 168 171 170 170 174 179 72 73 79 81 75 71 68 74 72 72 65 173 174 175 179 184 186 187 185 185 182 177 174 168 163 158 154 149 149 150 152 154 159 163 167 170 175 178 182 189 195 197 196
155 162 168 173 175 177 182 185 183 183 181 180 180 180 176 167 47 60 76 83 87 91 97 103 96 89 83 80 184 180 181 186 191 193 79 75 70 75 83 85 82 79 84 85 84 80 73 69 66 183 187 193 195 197 198 199 195 191 186 179 172 166 162 160 160 162 163 164 167 171 173 176 180 184 190 195 200 203 203
167 170 176 181 185 190 190 191 191 191 190 189 188 83 80 77 72 74 80 91 96 100 102 105 105 98 91 88 83 80 80 83 81 80 78 75 75 83 87 89 87 87 99 100 97 86 80 76 72 71 71 72 203 208 213 215 209 202 197 190 182 176 172 171 172 172 171 172 175 178 178 181 186 191 195 195 203 207 210
179 181 184 94 101 107 94 195 197 198 100 99 96 95 95 99 98 94 95 102 107 108 108 108 109 104 99 95 91 89 87 86 85 84 85 85 85 88 91 91 88 89 104 104 101 93 89 83 80 77 77 77 79 84 89 90 221 213 208 200 194 188 183 183 183 182 182 182 182 184 186 188 192 196 196 201 206 212 216
96 99 101 99 104 103 94 99 107 110 111 110 108 109 110 111 111 110 110 113 117 117 117 115 114 114 110 105 100 97 96 95 95 94 96 95 94 92 98 97 93 92 97 95 96 97 95 91 87 82 81 79 83 89 96 95 92 87 83 79 74 68 65 195 62 60 192 58 57 56 58 60 61 62 63 65 69 213 219
105 111 115 118 122 112 107 111 121 123 122 120 119 121 121 121 123 124 122 123 126 127 126 122 121 129 120 114 108 107 106 106 108 107 106 103 99 96 97 99 101 107 107 103 104 104 102 98 94 88 85 82 87 93 102 102 97 94 89 85 81 77 72 70 68 67 66 64 64 63 63 65 65 65 66 69 74 79 83
117 123 130 138 139 129 122 123 130 131 131 131 130 133 132 133 133 134 131 132 132 129 129 130 132 131 122 118 116 114 113 114 115 118 117 110 105 100 97 103 113 130 124 118 119 116 111 106 102 97 94 92 95 99 105 106 103 100 97 94 89 85 79 79 76 73 72 70 70 69 68 68 69 70 71 75 79 83 85
128 134 139 147 146 139 133 134 136 138 140 140 139 142 143 144 143 141 138 139 139 135 131 130 139 131 125 125 126 127 126 125 126 128 127 118 112 108 107 117 128 134 136 130 128 125 120 114 108 107 106 105 105 108 112 112 110 108 107 103 98 93 88 87 83 80 78 78 76 75 73 73 73 74 75 78 84 90 92
137 138 139 142 143 142 141 142 144 145 149 148 149 149 153 153 151 150 145 143 143 141 136 134 136 135 131 131 134 137 133 130 133 137 136 130 122 120 126 138 148 152 147 138 133 129 126 119 114 115 120 118 117 118 120 120 118 116 114 111 107 103 97 95 92 89 86 85 83 80 78 78 77 77 81 85 89 94 98
142 140 136 133 136 141 146 149 151 152 154 155 157 157 160 161 159 156 151 149 150 147 144 140 138 137 136 135 138 139 137 135 137 139 139 135 129 130 138 142 155 168 162 142 134 129 125 120 117 120 127 127 127 128 128 128 127 125 122 119 116 110 106 101 99 97 94 92 92 87 85 83 82 83 87 89 90 94 103
149 145 138 131 135 143 152 157 159 163 164 162 164 165 169 169 166 163 157 155 155 153 150 145 144 143 141 142 141 142 140 139 141 141 141 141 134 137 141 138 153 159 159 140 136 132 125 119 115 119 130 134 137 139 139 137 136 135 133 131 129 123 119 113 107 104 101 99 99 97 94 90 90 90 91 94 93 95 102
157 154 149 146 147 154 162 167 170 172 174 173 172 175 179 177 175 173 167 163 163 161 158 156 155 151 148 148 146 147 143 142 143 143 145 144 141 142 140 148 155 164 154 143 139 136 128 122 116 120 137 143 146 147 147 148 147 146 144 141 139 133 128 124 122 117 111 106 103 101 100 98 97 96 95 96 96 100 104
