Part_1_SDMs/env_data/future_climate_2070_RCP_8.5/bioclim_1.asc
NCOLS 444 
NROWS 438 
XLLCORNER -19 
YLLCORNER -35 
CELLSIZE 0.166666666666667 
NODATA_value -32768 
[rows 105 to 139 of 438, columns 0 to 78 of 444]
-32768 -32768 -32768 -32768 -32768 -32768 -32768 -32768 -32768 -32768 -32768 -32768 -32768 -32768 -32768 266 270 275 280 285 291 297 302 307 312 317 320 322 324 326 328 330 330 331 327 321 309 306 311 316 319 322 324 325 326 326 327 328 328 329 329 330 330 330 331 331 331 332 332 333 333 334 334 335 335 335 336 337 337 338 338 339 339 339 339 339 340 340 340
-32768 -32768 -32768 -32768 -32768 -32768 -32768 -32768 -32768 -32768 -32768 -32768 -32768 -32768 -32768 -32768 274 278 283 289 295 301 307 313 318 321 324 327 329 331 332 332 333 334 331 319 317 311 313 316 320 324 326 327 328 329 328 328 329 329 330 330 330 331 331 332 332 333 333 334 334 334 335 336 336 337 337 338 339 339 339 339 340 340 340 340 340 340 340
-32768 -32768 -32768 -32768 -32768 -32768 -32768 -32768 -32768 -32768 -32768 -32768 -32768 -32768 -32768 -32768 276 280 286 292 298 305 311 317 321 325 329 332 335 335 336 336 336 331 326 328 322 320 321 319 322 326 328 329 330 331 328 329 329 330 330 330 330 331 331 332 333 333 334 334 335 336 336 337 337 338 338 339 340 340 340 340 340 340 340 340 340 341 341
-32768 -32768 -32768 -32768 -32768 -32768 -32768 -32768 -32768 -32768 -32768 -32768 -32768 -32768 -32768 273 277 282 288 294 301 307 313 319 324 329 334 336 336 337 339 339 333 334 332 331 329 327 324 322 324 327 330 332 332 331 329 330 330 330 330 330 331 331 332 332 333 334 334 335 336 337 337 338 338 339 339 340 340 341 341 341 341 341 341 341 341 341 341
-32768 -32768 -32768 -32768 -32768 -32768 -32768 -32768 -32768 -32768 -32768 -32768 -32768 -32768 -32768 273 279 283 289 296 302 308 314 321 326 331 336 338 337 338 341 341 341 338 333 335 334 330 329 328 331 331 330 333 332 331 330 330 330 330 330 330 330 331 332 333 333 334 335 336 336 337 338 338 339 340 340 341 341 341 341 341 341 341 341 341 341 341 341
-32768 -32768 -32768 -32768 -32768 -32768 -32768 -32768 -32768 -32768 -32768 -32768 -32768 -32768 270 274 279 285 291 296 302 309 315 321 326 331 335 338 339 340 341 343 344 343 342 341 339 334 337 335 334 334 333 334 332 330 330 330 329 329 329 330 330 331 332 333 334 335 336 336 337 337 338 339 339 340 341 341 341 341 342 342 342 342 342 342 341 341 341
-32768 -32768 -32768 -32768 -32768 -32768 -32768 -32768 -32768 -32768 -32768 -32768 -32768 -32768 272 275 280 285 291 297 303 309 315 321 326 330 334 338 339 341 343 345 345 343 345 346 340 342 343 342 340 337 336 334 330 331 329 328 328 328 328 329 330 331 332 333 334 335 336 337 337 338 339 340 340 341 341 341 342 342 342 342 342 342 342 342 342 341 341
-32768 -32768 -32768 -32768 -32768 -32768 -32768 -32768 -32768 -32768 -32768 -32768 -32768 -32768 -32768 276 280 286 291 297 303 309 314 320 325 329 333 337 339 342 344 345 344 346 347 348 345 346 344 341 340 338 337 333 333 330 327 326 325 326 326 328 329 331 332 333 334 335 336 337 338 339 340 340 341 341 342 342 342 342 342 342 343 343 342 342 342 341 341
-32768 -32768 -32768 -32768 -32768 -32768 -32768 -32768 -32768 -32768 -32768 -32768 -32768 -32768 -32768 -32768 282 286 292 298 303 308 313 318 323 328 332 336 339 341 343 344 345 348 349 348 346 347 347 342 340 340 337 335 331 326 323 322 323 324 325 327 329 331 332 334 335 336 337 338 339 339 340 341 342 342 342 342 343 343 343 343 343 343 343 342 342 342 341
-32768 -32768 -32768 -32768 -32768 -32768 -32768 -32768 -32768 -32768 -32768 -32768 -32768 -32768 -32768 -32768 283 287 292 297 302 307 312 316 321 326 330 334 338 340 343 344 346 348 349 348 348 348 346 344 342 341 337 331 326 323 321 322 322 322 324 327 329 330 332 334 336 337 338 339 340 340 341 342 342 343 343 343 343 343 343 343 343 343 343 343 342 342 341
-32768 -32768 -32768 -32768 -32768 -32768 -32768 -32768 -32768 -32768 -32768 -32768 -32768 -32768 -32768 -32768 -32768 287 292 297 302 306 311 315 320 325 329 333 337 340 343 344 345 347 349 349 349 349 346 344 343 338 332 328 324 320 318 320 321 322 324 327 330 333 335 336 336 337 338 339 340 341 343 343 343 344 344 344 344 344 344 344 344 343 343 343 343 342 342
-32768 -32768 -32768 -32768 -32768 -32768 -32768 -32768 -32768 -32768 -32768 -32768 -32768 -32768 -32768 -32768 -32768 288 292 297 302 306 311 315 319 324 329 333 336 340 342 344 345 347 349 349 349 348 346 345 340 334 329 326 322 321 319 318 320 322 324 329 331 335 338 340 339 338 340 341 342 343 344 346 345 345 345 345 345 345 345 345 345 344 344 343 343 342 342
-32768 -32768 -32768 -32768 -32768 -32768 -32768 -32768 -32768 -32768 -32768 -32768 -32768 -32768 -32768 -32768 -32768 288 292 297 301 306 310 315 319 324 328 332 335 338 341 343 345 347 347 348 348 347 346 345 341 335 331 327 323 321 320 319 320 328 328 330 340 340 340 341 344 346 346 346 345 345 347 348 348 347 346 346 347 347 347 346 346 346 345 344 343 343 342
-32768 -32768 -32768 -32768 -32768 -32768 -32768 -32768 -32768 -32768 -32768 -32768 -32768 -32768 -32768 -32768 -32768 288 292 296 301 306 311 315 320 324 328 331 335 338 340 342 344 345 345 345 345 346 346 345 340 335 330 325 323 321 321 332 335 341 342 341 340 340 341 343 345 347 348 349 351 350 350 350 351 349 347 348 348 348 348 348 347 347 346 345 344 343 342
-32768 -32768 -32768 -32768 -32768 -32768 -32768 -32768 -32768 -32768 -32768 -32768 -32768 -32768 -32768 -32768 -32768 289 292 297 302 307 312 316 320 324 328 331 334 337 339 342 343 344 344 344 345 345 346 345 341 336 331 326 324 329 330 335 337 339 340 341 342 342 344 345 346 347 348 349 350 350 351 352 353 351 349 349 349 349 349 349 348 348 347 346 345 344 343
-32768 -32768 -32768 -32768 -32768 -32768 -32768 -32768 -32768 -32768 -32768 -32768 -32768 -32768 -32768 -32768 -32768 291 294 298 303 308 312 316 320 324 328 331 334 336 339 341 342 343 344 344 345 344 344 345 342 339 333 329 329 333 336 339 340 341 342 342 343 344 346 347 348 349 350 351 351 352 352 353 353 356 355 350 350 350 350 350 349 349 348 347 345 344 343
-32768 -32768 -32768 -32768 -32768 -32768 -32768 -32768 -32768 -32768 -32768 -32768 -32768 -32768 -32768 -32768 -32768 292 295 300 304 309 313 317 321 325 328 331 334 336 338 340 341 342 343 344 343 343 344 345 339 337 333 330 330 331 337 341 342 343 343 344 344 346 347 348 349 350 351 351 352 352 353 353 354 356 359 359 359 352 351 351 350 349 348 347 346 345 343
-32768 -32768 -32768 -32768 -32768 -32768 -32768 -32768 -32768 -32768 -32768 -32768 -32768 -32768 -32768 -32768 -32768 294 297 301 305 310 314 318 322 325 329 332 334 336 338 339 340 341 342 343 343 342 344 341 335 334 331 329 328 333 342 344 345 345 345 344 345 346 347 349 350 351 351 352 353 353 354 355 356 356 356 358 360 357 352 351 350 349 348 347 346 345 343
-32768 -32768 -32768 -32768 -32768 -32768 -32768 -32768 -32768 -32768 -32768 -32768 -32768 -32768 -32768 -32768 -32768 294 298 302 306 311 315 319 323 326 329 332 334 336 337 338 339 339 341 341 341 341 343 343 333 330 328 325 329 342 345 346 346 347 347 345 345 346 348 349 350 351 351 352 353 354 354 355 355 356 356 357 359 359 355 351 350 349 348 347 345 344 343
-32768 -32768 -32768 -32768 -32768 -32768 -32768 -32768 -32768 -32768 -32768 -32768 -32768 -32768 -32768 -32768 292 295 299 303 307 311 316 320 323 327 329 331 333 335 336 338 338 339 340 340 340 341 343 345 341 332 329 336 341 344 346 347 347 347 346 344 345 346 347 348 350 351 351 352 353 354 354 354 355 355 356 357 357 357 357 354 350 349 348 346 345 343 342
-32768 -32768 -32768 -32768 -32768 -32768 -32768 -32768 -32768 -32768 -32768 -32768 -32768 -32768 -32768 -32768 293 296 300 304 308 313 317 321 324 325 328 330 332 335 336 337 338 338 339 339 341 342 343 344 338 339 337 339 342 344 345 347 346 344 343 341 342 343 345 347 349 350 351 351 352 353 353 353 354 354 355 356 357 358 354 350 349 348 346 345 344 342 341
-32768 -32768 -32768 -32768 -32768 -32768 -32768 -32768 -32768 -32768 -32768 -32768 -32768 -32768 -32768 289 292 297 302 306 310 314 318 322 323 325 327 329 332 334 336 337 337 338 338 340 341 343 342 343 342 334 338 337 341 344 344 346 342 341 340 336 339 341 343 346 348 349 350 350 351 352 352 352 352 353 354 355 357 357 349 348 347 346 345 343 342 341 340
-32768 -32768 -32768 -32768 -32768 -32768 -32768 -32768 -32768 -32768 -32768 -32768 -32768 -32768 -32768 288 292 298 304 308 311 315 318 322 323 322 325 329 332 334 335 336 337 338 338 340 343 343 343 342 344 337 331 337 341 342 343 345 341 340 338 334 335 340 342 343 345 348 349 349 350 350 350 350 351 351 352 355 356 356 348 345 345 344 343 342 341 339 338
-32768 -32768 -32768 -32768 -32768 -32768 -32768 -32768 -32768 -32768 -32768 -32768 -32768 -32768 -32768 287 292 299 306 310 311 313 317 320 320 317 322 328 332 333 335 336 337 337 338 339 342 344 343 343 343 340 332 334 340 342 343 344 342 341 340 340 336 342 343 344 344 346 347 347 347 348 348 349 349 351 352 353 354 354 350 343 342 341 341 340 339 338 337
-32768 -32768 -32768 -32768 -32768 -32768 -32768 -32768 -32768 -32768 -32768 -32768 -32768 -32768 -32768 285 291 298 305 309 310 311 313 315 315 315 320 325 330 333 334 336 337 338 338 340 342 343 342 343 343 343 335 335 340 341 342 342 339 335 336 339 341 342 343 344 344 345 345 345 345 346 347 347 347 348 349 349 350 351 349 345 340 339 339 338 337 336 335
-32768 -32768 -32768 -32768 -32768 -32768 -32768 -32768 -32768 -32768 -32768 -32768 -32768 -32768 279 282 289 296 302 306 308 310 311 313 314 316 319 324 328 332 334 336 337 339 340 342 342 342 342 342 342 342 331 329 339 340 340 339 339 334 335 337 340 342 342 342 343 344 344 344 344 344 344 344 345 345 346 346 346 346 345 342 340 337 336 336 335 334 333
-32768 -32768 -32768 -32768 -32768 -32768 -32768 -32768 -32768 -32768 -32768 -32768 -32768 -32768 277 280 287 293 298 302 305 308 310 312 314 316 319 323 327 330 333 336 338 340 340 339 341 341 341 340 340 340 332 330 338 339 338 338 337 332 333 337 339 340 341 341 342 342 342 342 342 342 342 342 342 342 341 342 342 341 339 338 337 335 334 333 332 332 331
-32768 -32768 -32768 -32768 -32768 -32768 -32768 -32768 -32768 -32768 -32768 -32768 -32768 -32768 274 278 284 290 296 300 304 307 310 313 315 318 320 323 325 328 330 332 336 339 339 338 338 339 339 338 338 338 332 336 339 340 337 335 332 330 334 337 339 339 340 340 340 340 340 340 339 339 339 339 339 338 338 338 337 337 336 335 334 333 331 330 329 330 330
-32768 -32768 -32768 -32768 -32768 -32768 -32768 -32768 -32768 -32768 -32768 -32768 -32768 -32768 276 278 283 288 294 299 304 307 310 314 316 319 321 323 325 327 329 331 333 337 339 338 337 337 338 338 338 336 327 334 339 339 335 331 331 332 335 337 337 338 338 338 338 338 338 338 338 337 336 337 336 335 334 333 332 332 332 332 332 331 330 328 327 327 327
-32768 -32768 -32768 -32768 -32768 -32768 -32768 -32768 -32768 -32768 -32768 -32768 -32768 278 278 280 284 288 293 298 303 307 312 316 319 320 321 323 324 326 327 329 331 334 337 337 335 336 337 337 335 335 333 337 339 337 334 329 333 334 335 335 335 336 336 336 337 337 336 336 335 334 334 334 333 332 330 330 329 329 329 329 329 329 327 326 325 325 325
-32768 -32768 -32768 -32768 -32768 -32768 -32768 -32768 -32768 -32768 -32768 -32768 -32768 279 280 283 287 290 295 299 303 308 314 319 320 320 321 322 323 325 326 327 329 330 332 334 334 334 333 333 334 335 334 338 338 336 332 330 332 334 335 334 333 332 333 334 335 335 333 333 333 332 331 330 330 329 328 328 327 326 326 326 326 326 325 324 323 323 323
-32768 -32768 -32768 -32768 -32768 -32768 -32768 -32768 -32768 -32768 -32768 -32768 282 281 284 287 291 293 297 300 304 309 313 318 320 321 321 322 323 324 325 326 326 327 327 329 331 331 331 332 333 333 335 337 336 334 334 332 333 335 335 329 328 327 328 331 331 332 329 329 330 329 328 328 328 327 326 326 325 323 323 323 323 323 324 322 321 320 321
-32768 -32768 -32768 -32768 -32768 -32768 -32768 -32768 -32768 -32768 -32768 283 283 284 288 291 294 296 298 301 304 308 312 315 317 319 320 321 321 322 323 324 325 324 324 324 326 328 330 330 332 333 336 338 338 333 334 335 337 336 334 329 329 328 327 328 328 328 328 327 326 327 327 327 326 326 325 324 323 322 321 322 322 321 322 321 320 320 320
-32768 -32768 -32768 -32768 -32768 -32768 -32768 -32768 -32768 -32768 282 284 284 288 291 295 298 300 300 302 305 308 311 314 316 317 319 319 320 321 322 322 322 322 322 322 322 324 326 328 331 334 337 339 338 335 334 337 336 335 329 326 328 327 328 328 328 328 327 326 326 327 327 326 326 326 325 324 323 322 321 321 321 321 321 320 320 320 320
-32768 -32768 -32768 -32768 -32768 -32768 -32768 -32768 271 276 282 285 287 291 293 298 304 304 302 304 306 308 310 312 314 316 317 318 319 320 320 321 321 320 320 320 320 321 323 327 331 335 339 340 338 336 334 337 336 329 326 324 324 325 325 326 326 325 325 325 326 327 325 326 325 325 324 323 322 321 320 320 320 320 320 320 320 320 320
