Part_1_SDMs/env_data/future_climate_2070_RCP_8.5/bioclim_5.asc
NCOLS 444 
NROWS 438 
XLLCORNER -19 
YLLCORNER -35 
CELLSIZE 0.166666666666667 
NODATA_value -32768 
[rows 210 to 244 of 438, columns 237 to 315 of 444]
364 363 360 356 356 358 358 358 358 358 357 355 355 355 356 356 355 357 356 357 358 361 361 361 361 361 361 358 353 351 352 352 352 352 352 351 352 352 352 353 353 353 354 354 357 358 360 361 360 360 360 358 353 353 350 351 351 352 352 352 346 345 350 368 383 385 376 373 370 370 373 372 378 378 377 375 374 370 362
362 363 362 359 358 356 357 359 358 358 356 355 355 355 354 355 357 357 360 361 359 358 359 360 360 361 361 359 355 353 353 352 351 351 352 351 350 350 350 350 352 352 351 353 354 356 358 358 358 358 359 358 353 349 346 344 343 347 347 346 341 336 343 364 378 382 378 371 370 368 366 368 373 376 376 374 374 371 364
362 362 363 361 361 359 358 357 360 358 356 358 356 357 356 356 356 360 359 355 355 354 357 358 359 359 359 358 353 352 351 351 351 350 350 351 350 349 350 349 349 350 351 351 353 356 356 357 356 356 356 354 352 347 342 339 338 337 337 337 332 324 334 359 368 380 378 372 370 369 365 368 370 373 376 374 373 372 366
365 364 362 359 357 358 358 359 361 360 359 358 357 358 358 357 359 357 354 355 353 354 354 354 357 358 357 356 355 353 350 350 349 349 347 348 349 351 352 349 349 350 350 352 354 355 356 357 356 355 354 350 348 345 341 339 339 337 330 328 317 316 320 340 360 377 379 374 372 370 366 369 371 371 372 375 374 372 371
362 361 362 362 359 359 360 364 363 362 360 359 358 359 358 359 359 356 355 353 352 351 350 351 352 355 356 356 356 354 353 352 352 349 349 350 350 353 353 350 348 348 350 352 354 354 354 354 353 351 349 348 346 345 342 341 342 336 326 319 311 307 305 329 359 376 376 374 368 368 366 368 371 372 371 371 371 372 371
365 365 365 365 363 363 363 363 363 360 360 359 360 360 359 359 356 355 354 353 352 351 352 353 352 352 352 353 354 355 354 352 354 353 354 353 352 353 356 353 348 348 349 352 353 352 350 349 346 347 347 350 347 345 340 339 340 329 317 311 305 297 299 342 367 371 372 369 360 359 363 367 369 370 371 373 370 370 369
364 364 364 364 363 362 361 361 358 356 356 357 358 360 359 359 358 356 354 353 352 353 352 350 349 350 349 353 353 354 355 355 356 355 355 355 354 355 357 358 353 349 351 351 353 353 350 348 345 345 349 350 344 346 343 335 337 331 320 310 302 293 342 365 365 366 362 357 356 357 360 365 367 369 372 373 372 374 372
360 360 360 360 360 360 359 358 356 355 353 354 354 356 358 359 358 357 356 355 354 352 351 351 350 349 350 351 354 355 355 354 355 354 352 354 355 355 356 357 356 357 355 356 355 352 352 350 348 350 352 348 348 347 344 339 339 333 320 312 298 337 366 365 363 353 351 352 353 357 358 361 365 368 370 373 375 377 374
360 360 360 361 360 358 357 358 358 357 356 354 353 353 354 355 358 357 357 356 354 353 351 349 350 350 352 352 353 354 354 353 352 353 352 351 353 353 352 354 356 357 356 354 354 351 350 350 350 351 348 348 349 348 346 346 343 335 324 320 347 365 366 362 350 346 349 351 353 355 357 359 361 364 368 372 375 377 375
360 359 359 359 358 358 357 356 355 355 355 355 356 353 353 353 355 357 356 356 355 353 350 349 350 350 352 352 352 351 351 352 352 350 351 352 351 351 350 350 350 354 357 356 357 356 353 351 351 349 349 349 348 346 346 350 344 329 322 359 364 365 357 347 349 346 350 350 351 352 352 353 356 359 363 368 373 375 373
359 358 358 358 358 357 356 357 357 355 354 353 354 354 352 352 353 355 357 356 355 353 353 352 351 351 350 350 351 351 352 352 352 351 349 349 351 351 351 350 352 351 352 354 357 358 355 354 350 349 350 347 345 348 347 343 331 310 329 362 364 353 338 343 346 347 346 347 347 347 347 347 349 352 357 362 366 368 368
358 358 357 357 357 355 357 355 355 357 355 352 352 354 352 352 351 352 354 355 354 352 349 349 348 347 347 349 351 351 350 350 350 350 349 346 345 346 348 350 350 352 352 350 351 356 350 351 350 351 349 349 348 347 340 338 328 337 357 361 358 339 338 341 341 342 342 342 343 343 341 342 342 346 349 352 356 359 360
359 358 357 356 355 354 354 355 354 355 355 353 352 352 351 349 350 352 353 353 353 352 350 347 347 346 346 349 350 350 350 348 347 350 350 348 347 345 345 348 351 352 353 352 349 353 348 346 346 348 348 346 346 344 335 330 337 355 351 345 328 329 331 335 334 332 335 334 339 339 338 339 338 341 342 344 347 351 353
358 358 356 356 356 355 354 354 353 353 354 353 352 352 352 348 348 348 351 352 352 352 352 350 350 348 349 350 351 351 351 350 351 351 349 349 346 344 343 346 348 350 351 352 351 352 348 346 342 346 344 346 343 340 339 349 350 331 310 309 315 324 329 325 328 325 324 330 325 333 334 334 333 335 336 338 340 343 347
357 357 357 355 355 355 355 354 354 353 353 353 352 350 352 350 347 346 349 350 350 350 351 349 350 351 351 352 352 350 350 350 349 348 349 349 347 345 341 341 345 346 347 351 352 347 347 346 342 335 338 344 342 336 344 349 305 265 304 308 316 321 324 323 322 322 323 323 322 323 328 326 326 329 331 331 332 335 340
358 356 355 355 355 354 353 353 353 353 353 351 350 350 349 348 349 346 348 350 350 351 350 349 348 348 347 350 351 350 349 348 348 346 346 346 344 340 338 339 340 342 346 348 348 346 341 340 340 332 333 329 332 322 339 308 182 273 323 321 321 320 320 320 322 323 322 321 322 318 321 322 322 322 322 323 327 329 332
359 356 355 354 355 354 353 353 354 354 353 352 351 351 350 347 347 347 349 351 351 352 350 349 349 348 347 346 349 350 349 348 347 346 345 338 341 339 339 339 339 340 344 345 345 342 344 342 334 327 330 310 299 307 339 294 213 314 342 324 324 324 324 323 323 322 320 321 318 315 315 315 317 315 317 320 324 327 330
359 357 356 354 354 354 354 354 354 354 354 353 352 350 349 348 346 346 351 351 351 352 350 350 348 348 349 348 349 350 350 348 348 346 345 344 341 339 337 337 336 336 342 345 345 342 343 340 336 329 326 309 289 290 334 308 308 340 343 325 323 322 320 320 319 319 320 319 317 315 314 310 310 312 314 319 321 325 328
361 358 357 354 353 353 352 352 352 353 351 351 350 349 349 348 349 348 350 351 352 352 350 349 349 347 349 349 349 350 351 349 348 347 347 345 341 338 338 334 333 336 341 340 343 340 338 337 331 331 327 298 270 254 333 337 336 342 337 314 317 318 316 317 317 317 318 317 318 316 313 309 309 309 313 316 319 323 327
362 359 357 356 354 353 352 351 351 351 351 349 349 348 350 350 351 352 352 351 352 352 351 350 348 348 349 351 350 350 350 348 347 348 347 346 344 343 342 337 333 335 339 338 340 341 338 333 328 327 310 271 241 283 341 341 338 329 315 297 312 317 314 313 313 315 317 316 317 315 312 311 310 311 313 315 318 321 325
362 359 356 354 354 353 353 353 352 351 350 350 350 351 352 351 352 353 352 351 352 353 355 354 351 351 352 352 351 351 348 348 347 347 345 345 345 345 341 335 335 332 333 334 336 337 332 331 322 307 281 262 262 335 341 341 335 313 307 302 313 316 315 314 311 312 315 315 317 315 312 311 311 312 314 315 318 321 325
360 357 356 354 352 351 351 351 352 352 352 351 350 352 351 351 352 351 351 350 351 353 356 356 354 352 352 351 351 352 350 348 348 347 345 344 343 341 337 333 333 333 327 325 330 331 327 325 314 285 274 276 305 345 342 338 323 304 307 314 318 317 317 314 310 309 314 315 316 314 313 312 312 313 315 316 319 322 325
357 355 354 353 353 352 351 349 349 350 350 351 352 352 352 351 351 351 350 350 352 353 354 356 354 352 352 352 350 351 350 350 349 347 346 344 344 342 333 329 327 326 329 326 322 326 321 317 313 278 280 294 322 344 337 326 308 306 307 310 308 315 319 311 308 309 314 315 314 313 312 312 312 313 316 316 319 322 326
356 354 352 351 350 350 350 350 350 349 348 349 351 351 352 351 351 350 350 350 350 351 353 354 355 353 352 352 351 350 350 349 349 348 345 344 344 343 342 339 338 338 338 334 326 328 326 317 316 299 291 290 321 340 323 304 299 310 314 314 314 313 311 312 307 312 312 312 312 311 312 312 313 314 316 317 320 323 326
353 353 352 351 350 349 349 350 349 349 348 348 349 350 350 351 351 351 351 350 351 350 350 351 353 354 352 352 351 350 350 349 348 346 346 344 341 339 337 339 338 339 335 333 330 326 326 324 311 298 280 295 306 335 306 272 275 292 316 322 325 315 314 316 313 312 311 310 309 310 311 312 313 315 317 318 320 323 326
349 350 350 350 350 350 348 349 350 350 350 349 348 349 349 350 350 349 350 351 350 351 351 350 350 352 353 352 350 350 350 350 346 346 346 344 339 338 338 334 337 338 337 335 332 328 315 310 293 293 278 282 299 320 295 279 273 284 315 324 321 316 311 313 317 313 310 305 308 310 310 312 314 316 318 319 321 323 326
347 348 349 348 348 348 348 348 348 350 351 350 350 350 350 349 350 349 350 350 351 352 350 349 349 351 353 352 350 350 350 349 347 346 345 343 341 339 336 326 327 334 334 335 334 330 313 313 292 277 269 268 270 260 257 280 276 290 324 328 328 323 316 306 315 312 309 305 309 310 311 314 316 317 319 320 322 324 326
347 346 347 347 346 347 347 348 348 348 348 351 350 351 351 350 349 349 350 351 350 350 351 350 351 351 352 352 351 350 349 349 348 345 343 342 335 337 335 331 330 324 328 328 334 331 321 305 289 267 250 292 281 244 280 294 285 290 319 328 324 324 316 306 314 313 305 309 311 313 313 315 317 319 321 322 324 326 328
347 347 346 346 346 345 347 347 348 348 346 349 351 350 350 350 350 349 349 351 350 348 351 348 349 348 350 352 351 350 348 349 348 346 343 339 330 337 335 334 320 311 312 314 313 321 310 317 294 275 246 303 307 255 287 304 298 307 309 321 321 323 314 308 317 313 303 313 315 316 316 318 320 321 323 324 326 328 329
346 347 347 346 346 346 346 347 347 349 348 350 351 352 352 351 350 349 349 350 351 349 350 347 347 348 351 352 352 350 350 349 347 346 344 340 338 338 333 325 322 304 304 311 306 315 309 310 284 253 259 300 314 272 291 313 318 322 320 320 318 324 320 311 320 314 312 318 319 319 320 321 322 323 324 326 328 329 330
344 346 346 347 346 345 345 347 347 347 349 349 349 352 351 352 351 351 350 349 350 349 351 350 347 347 352 351 351 350 350 349 347 345 345 343 338 338 337 333 320 309 312 319 314 309 311 300 300 256 279 297 315 296 304 307 324 329 327 326 316 321 323 315 324 319 319 322 322 323 323 324 325 326 325 328 331 331 334
345 344 344 345 347 347 347 346 347 347 349 349 348 351 351 351 352 351 350 350 349 349 350 351 349 350 352 352 352 351 350 350 347 345 344 343 341 339 337 339 338 332 325 336 322 306 310 302 276 257 293 300 294 279 309 313 327 329 331 328 321 318 322 319 324 317 319 326 325 326 327 328 328 328 328 331 335 337 338
345 345 344 345 347 346 346 344 344 345 349 348 348 350 352 350 351 352 351 350 348 348 351 350 352 352 353 353 351 351 350 350 348 346 343 341 341 339 336 337 333 339 342 338 339 317 312 302 269 267 303 295 266 268 300 316 329 330 330 328 324 321 317 327 327 321 322 328 327 328 326 330 331 330 330 334 340 341 340
345 344 344 344 346 347 348 348 348 346 347 348 347 348 351 351 350 351 352 351 349 349 350 349 353 352 353 353 352 351 350 351 349 346 343 340 337 339 341 341 341 337 339 341 342 324 323 307 279 279 305 314 273 269 299 314 328 328 324 323 321 320 320 329 323 320 325 330 330 330 327 330 334 334 338 342 344 345 345
345 345 345 344 345 346 347 348 349 349 347 346 347 347 349 349 349 351 351 353 352 352 350 349 353 352 353 354 353 351 351 351 351 349 346 345 337 332 340 340 342 342 345 343 346 336 321 332 321 286 322 345 308 276 306 322 327 320 317 323 323 320 324 326 320 321 325 332 332 331 328 334 339 342 350 350 348 347 347
