Part_1_SDMs/env_data/future_climate_2070_RCP_8.5/bioclim_8.asc
NCOLS 444 
NROWS 438 
XLLCORNER -19 
YLLCORNER -35 
CELLSIZE 0.166666666666667 
NODATA_value -32768 
[rows 175 to 209 of 438, columns 158 to 236 of 444]
271 281 286 287 285 290 282 293 297 299 298 299 300 300 300 299 300 300 300 301 301 299 297 295 290 270 266 281 287 289 289 278 273 294 288 287 289 291 293 294 296 295 294 292 290 289 287 287 289 290 290 289 289 291 293 296 296 295 295 294 294 293 294 294 294 293 293 292 292 292 292 292 292 292 292 291 287 288 288
279 285 289 285 289 296 297 295 296 300 300 300 300 300 300 299 300 301 301 300 298 296 297 296 293 276 254 274 285 286 284 264 289 294 284 286 288 290 291 292 294 294 293 293 291 286 285 285 287 289 289 290 291 292 293 295 295 295 295 293 295 294 294 293 293 292 292 291 291 291 291 291 291 291 291 291 284 285 287
291 289 287 286 295 297 294 294 295 297 299 300 299 297 299 299 300 299 299 298 296 296 293 290 294 288 264 265 281 278 290 293 294 291 279 264 278 287 289 289 287 292 290 289 290 288 286 284 286 288 289 291 289 290 292 294 295 294 293 293 294 294 293 293 292 292 291 291 290 290 291 291 291 291 290 290 290 288 287
291 291 292 293 296 293 291 293 296 293 295 297 298 297 298 298 298 297 297 298 297 297 296 293 292 279 268 262 282 289 288 289 291 292 288 279 272 282 286 289 287 288 291 290 287 287 285 283 286 289 289 290 287 289 291 293 294 292 292 294 294 293 293 293 292 291 290 290 290 290 290 290 290 290 290 289 289 290 290
295 295 294 293 294 290 292 294 295 294 295 296 298 297 295 295 297 298 297 297 298 298 296 288 288 284 273 270 284 288 286 286 287 288 290 287 282 282 286 286 284 279 280 278 273 271 277 282 285 285 288 290 286 288 289 292 292 291 293 293 293 292 293 292 291 290 290 290 290 290 290 289 289 289 289 288 288 289 290
288 288 291 294 294 295 295 294 295 295 296 296 295 294 293 294 296 295 297 296 295 298 296 293 291 289 286 277 281 286 283 280 278 277 287 286 278 278 282 269 254 252 254 269 274 274 275 280 282 285 288 287 287 290 292 293 290 290 290 292 292 292 292 291 290 289 289 289 289 289 288 289 288 287 288 288 287 287 289
279 283 284 288 291 294 295 294 295 295 293 291 293 295 293 294 295 295 297 292 277 287 289 287 288 288 287 279 277 284 271 270 246 261 276 277 269 277 276 259 248 251 267 274 278 282 283 282 285 287 287 282 286 289 292 292 290 291 292 292 292 292 292 290 289 288 289 288 288 288 288 288 289 288 286 287 287 288 287
274 272 281 286 289 291 292 291 292 291 297 297 295 294 294 293 295 295 293 286 275 274 279 277 287 280 275 268 272 267 279 270 247 262 268 269 255 248 248 258 264 267 268 274 276 275 276 273 281 283 280 276 285 289 290 289 290 291 291 291 291 291 292 290 289 288 288 288 288 288 287 287 287 288 288 288 288 288 287
276 272 275 282 286 289 290 288 294 292 293 296 295 295 294 295 293 294 292 283 265 268 266 286 290 265 245 246 271 251 270 260 250 259 262 261 254 252 253 251 250 258 257 266 267 268 270 267 279 276 267 268 282 287 288 288 290 290 289 288 291 292 291 290 289 288 288 288 288 288 287 286 286 287 287 287 286 286 286
277 273 279 284 287 293 293 293 294 293 293 294 296 295 294 293 294 293 294 293 283 263 255 288 286 276 250 242 228 220 244 254 255 260 260 257 254 251 250 244 237 235 234 241 256 259 270 272 265 264 262 270 276 281 283 285 288 287 287 289 291 291 290 289 289 289 287 287 287 287 287 284 282 284 285 287 287 285 284
276 271 280 285 293 295 294 295 294 293 292 295 294 293 291 288 294 280 287 293 290 271 233 259 269 264 237 241 243 242 251 255 256 256 256 256 255 249 246 241 236 236 238 247 259 268 263 259 251 254 262 272 274 277 282 285 286 285 285 290 291 289 289 290 290 290 288 287 286 287 286 286 285 284 283 283 286 287 286
272 275 284 292 295 296 294 296 295 294 292 292 293 293 287 283 278 279 270 282 291 267 227 229 234 231 247 257 253 256 258 258 256 249 252 258 256 251 253 251 248 252 259 264 258 248 249 251 250 254 266 270 273 278 280 282 283 284 287 289 289 289 290 291 290 290 289 288 287 287 285 286 284 282 282 281 285 285 285
269 281 286 294 296 297 293 296 295 293 291 288 289 286 286 282 268 268 258 261 279 265 243 234 236 235 250 257 257 261 261 260 258 249 251 260 260 261 259 260 258 255 255 249 246 246 248 248 247 256 261 261 268 272 276 279 281 283 285 287 287 289 291 292 291 291 289 288 286 286 285 284 285 281 280 279 282 282 282
273 283 289 294 296 298 299 298 296 294 289 276 281 286 274 257 248 265 259 252 229 251 242 230 231 245 250 254 259 260 261 262 261 259 260 261 261 261 260 259 256 255 255 257 254 249 252 248 249 252 257 261 260 267 276 279 282 283 284 286 289 291 292 292 292 293 291 286 285 286 285 284 283 282 280 279 282 281 282
275 285 291 292 300 300 301 299 295 289 289 278 258 282 284 267 249 245 239 238 209 235 249 266 265 252 255 259 260 257 259 260 261 261 260 256 259 258 258 257 256 257 259 261 255 253 255 251 254 257 259 263 264 273 278 279 281 285 287 288 289 290 290 290 290 293 291 289 285 284 284 283 282 280 280 282 285 284 285
279 288 293 295 301 301 301 299 295 292 291 290 266 262 257 258 260 240 204 205 204 251 270 271 271 266 262 265 262 261 263 264 265 264 263 259 260 257 256 258 256 258 260 258 253 258 260 253 255 257 260 264 273 276 275 277 279 284 284 284 286 287 286 287 289 290 289 288 284 282 284 284 284 285 283 282 285 286 286
279 291 293 295 297 301 300 299 297 295 294 294 293 263 234 220 245 231 222 225 243 252 268 271 273 270 267 263 261 262 263 264 265 267 263 263 263 263 263 261 259 259 263 259 256 260 268 258 254 255 260 267 271 270 273 274 279 283 283 281 282 282 282 284 286 288 288 285 284 284 285 285 287 284 282 283 283 282 286
284 291 293 295 296 296 296 295 295 295 296 297 291 274 259 232 231 213 244 247 238 259 271 273 272 268 264 264 264 262 267 269 268 267 266 265 264 266 264 261 260 262 262 257 258 257 269 268 272 264 261 264 266 264 269 272 278 281 280 279 279 281 282 282 283 285 287 284 286 285 286 288 287 284 285 284 285 282 283
284 287 288 293 294 291 286 284 293 294 295 296 294 288 272 248 201 230 243 245 243 252 267 273 272 269 267 263 262 260 263 270 270 271 270 268 266 268 266 262 267 260 258 258 258 261 265 274 277 273 268 268 268 267 273 274 279 281 280 277 280 281 282 281 281 282 283 283 285 285 288 288 289 286 285 288 288 282 283
285 286 289 291 290 287 283 271 284 281 289 289 288 292 292 258 200 229 241 246 244 253 270 272 271 268 262 262 260 258 265 269 271 271 271 270 269 270 270 270 266 260 259 259 257 265 272 271 271 276 273 270 274 269 273 274 274 278 278 277 278 280 281 281 281 281 280 281 283 285 289 291 289 285 286 288 289 285 282
283 284 289 290 290 288 287 282 283 272 284 278 286 290 284 235 227 223 229 250 254 263 270 272 274 270 265 270 267 268 270 270 270 270 270 271 271 271 270 269 262 260 261 262 260 267 273 275 270 275 280 271 270 277 277 274 275 274 276 276 278 279 280 282 282 280 280 285 287 286 292 292 291 290 290 290 290 286 283
283 285 286 290 291 290 286 286 282 274 275 279 281 278 251 257 250 227 218 245 255 263 271 272 275 276 275 276 275 275 273 272 273 271 271 271 271 269 269 267 264 263 263 262 262 269 272 276 276 277 282 274 268 270 277 280 275 272 274 275 276 276 277 281 283 283 282 286 289 289 292 293 293 293 292 292 290 290 287
285 286 286 288 290 290 290 288 286 278 253 252 269 250 224 238 256 245 236 242 259 264 272 265 274 278 277 276 276 275 275 274 273 273 272 271 271 269 269 268 265 266 265 266 266 269 272 273 281 280 285 277 273 272 273 278 281 276 274 275 275 276 275 280 282 284 286 287 290 293 294 294 294 294 293 294 292 289 289
287 286 287 287 288 290 289 289 288 282 258 227 267 263 242 250 274 278 274 259 263 269 274 276 282 279 276 275 276 276 275 275 274 274 273 272 270 269 267 269 270 273 268 268 270 271 273 270 274 278 280 284 278 276 274 276 279 280 276 276 275 275 277 278 283 287 289 288 292 294 294 294 292 288 292 294 293 288 286
287 288 288 288 287 288 288 288 288 286 272 252 270 281 271 281 286 286 293 285 263 263 272 281 283 278 274 276 275 275 275 273 274 272 270 271 269 269 268 271 273 274 271 271 272 271 274 275 272 275 277 283 283 279 275 279 279 279 279 275 277 276 279 287 291 292 291 286 288 291 291 287 285 290 293 293 293 292 288
290 288 288 289 287 287 287 286 286 286 284 277 278 287 293 292 291 294 282 272 259 261 277 282 283 279 277 277 276 276 274 271 271 268 269 270 269 270 272 272 274 275 274 273 273 273 273 276 274 274 277 280 283 280 277 278 281 281 281 278 280 281 285 288 289 291 291 288 290 289 287 286 282 282 288 291 290 290 290
289 290 -32768 -32768 -32768 -32768 -32768 285 284 278 261 260 282 286 290 298 294 276 260 265 261 268 282 284 281 282 280 278 276 275 272 271 269 268 267 269 268 271 272 273 273 274 274 274 276 277 278 281 276 275 277 279 282 281 278 277 279 282 283 280 279 282 284 287 290 291 291 289 291 290 288 284 281 282 281 286 285 287 288
-32768 -32768 -32768 -32768 -32768 -32768 -32768 -32768 -32768 273 209 187 275 283 287 290 293 277 268 269 270 276 284 282 277 284 282 280 276 274 270 270 269 269 267 267 269 270 272 273 273 274 275 276 277 279 281 279 281 276 278 279 282 284 280 279 280 277 281 282 282 283 281 286 288 289 290 292 288 286 286 284 288 287 281 284 286 287 286
-32768 -32768 -32768 -32768 -32768 -32768 -32768 -32768 -32768 276 217 244 279 282 284 290 290 283 284 280 280 281 279 276 278 279 278 278 276 275 271 271 270 268 267 267 267 265 267 270 272 273 275 275 276 279 280 281 283 276 278 282 284 283 281 275 278 280 277 282 283 280 279 278 287 288 289 291 292 289 283 286 289 288 284 283 285 283 284
-32768 -32768 -32768 -32768 -32768 -32768 -32768 -32768 -32768 -32768 -32768 274 279 280 282 287 289 286 284 283 280 279 273 274 269 275 274 274 275 275 275 272 270 267 265 266 266 267 268 269 271 273 273 273 274 274 277 280 292 278 280 283 284 283 278 275 277 279 281 279 281 279 278 277 285 286 287 290 292 292 292 291 290 287 285 284 284 284 285
-32768 -32768 -32768 -32768 -32768 -32768 -32768 272 263 252 -32768 -32768 -32768 278 284 286 289 286 287 283 282 276 273 271 272 275 275 276 277 277 275 273 270 268 265 264 264 264 266 270 270 271 271 271 272 272 275 275 287 280 283 280 284 279 277 277 277 276 277 280 281 281 280 280 282 283 285 288 291 291 290 291 290 289 288 287 286 286 285
-32768 -32768 -32768 -32768 -32768 -32768 -32768 261 198 241 -32768 -32768 -32768 281 282 285 287 287 286 283 285 275 273 273 274 276 276 277 275 276 275 274 271 268 267 266 266 265 265 269 271 271 273 274 273 275 276 272 272 276 281 281 286 279 277 278 278 279 279 278 279 279 277 278 282 283 283 287 290 290 290 291 290 289 289 288 286 285 284
-32768 -32768 -32768 -32768 -32768 -32768 240 220 243 274 -32768 -32768 -32768 -32768 282 283 286 285 290 289 278 276 273 274 276 276 276 276 276 277 276 275 273 272 269 268 267 267 267 269 272 271 274 275 276 276 277 276 274 273 274 275 284 280 279 277 280 280 280 280 280 281 278 280 282 282 283 286 289 290 290 291 290 290 287 288 285 285 286
-32768 -32768 -32768 -32768 -32768 -32768 257 238 250 -32768 -32768 -32768 -32768 -32768 -32768 284 284 290 285 271 279 274 272 273 275 276 275 276 277 277 276 274 272 271 270 269 268 269 269 270 271 272 272 273 276 277 276 275 274 272 273 275 282 282 282 278 279 282 282 281 281 282 281 281 283 281 284 286 288 289 290 290 290 289 286 287 287 286 286
-32768 -32768 -32768 -32768 -32768 -32768 -32768 -32768 -32768 -32768 -32768 -32768 -32768 -32768 -32768 288 288 290 287 284 277 272 272 272 274 274 274 275 275 276 276 275 273 273 272 271 271 273 272 271 271 271 271 271 271 276 278 278 274 274 277 283 283 284 282 280 278 279 282 284 282 283 282 284 283 283 286 287 288 288 289 289 289 289 289 288 289 288 287
