Part_1_SDMs/env_data/future_climate_2070_RCP_8.5/bioclim_11.asc
NCOLS 444 
NROWS 438 
XLLCORNER -19 
YLLCORNER -35 
CELLSIZE 0.166666666666667 
NODATA_value -32768 
[rows 140 to 174 of 438, columns 316 to 394 of 444]
285 287 289 292 294 296 298 300 301 304 308 311 312 313 310 306 300 293 290 287 285 291 288 287 289 284 278 275 265 245 243 237 239 226 199 208 241 284 302 305 300 297 292 293 294 296 -32768 -32768 -32768 -32768 -32768 -32768 -32768 -32768 -32768 291 291 290 287 232 213 220 192 171 160 150 158 178 186 173 169 186 191 208 209 213 213 215 213
288 290 292 295 297 299 301 303 304 306 310 312 314 315 312 308 302 293 290 290 293 296 294 289 290 287 274 259 265 260 257 235 223 215 191 194 237 283 290 310 306 298 283 279 284 292 296 -32768 -32768 -32768 -32768 -32768 -32768 -32768 -32768 293 293 292 289 267 235 208 217 178 155 150 163 170 180 173 171 185 175 186 196 198 206 205 201
291 293 295 297 299 301 303 305 308 309 311 313 316 317 316 314 311 305 299 298 298 292 294 291 290 289 273 248 246 241 236 214 207 195 174 175 204 259 280 310 310 304 289 272 273 282 294 297 -32768 -32768 -32768 -32768 -32768 -32768 -32768 -32768 295 295 292 262 249 233 234 169 146 158 150 178 181 173 169 180 167 176 180 173 181 180 189
295 297 298 300 303 304 306 309 312 313 312 315 317 317 316 314 311 309 306 299 291 287 284 295 292 286 271 243 227 216 215 224 215 217 200 177 190 253 282 308 312 309 301 280 264 274 291 296 -32768 -32768 -32768 -32768 -32768 -32768 289 -32768 297 297 293 276 265 239 202 166 154 164 173 179 192 180 167 166 158 163 163 179 189 211 231
298 300 302 304 306 307 310 312 314 315 313 313 313 314 314 312 309 305 298 292 269 266 282 294 291 285 266 257 249 241 240 246 243 237 207 190 169 254 284 309 312 310 307 291 263 268 287 294 296 296 -32768 -32768 -32768 -32768 294 -32768 298 298 294 283 260 221 189 183 205 211 187 187 203 170 171 177 170 215 222 232 243 252 250
301 303 304 306 308 310 311 313 315 316 313 309 308 309 310 311 310 307 304 300 286 249 254 289 287 278 275 270 263 258 256 248 242 210 211 207 192 264 285 307 312 301 307 303 285 270 278 278 286 291 295 -32768 -32768 -32768 293 -32768 -32768 299 296 274 253 235 218 215 210 219 210 197 210 186 204 215 225 227 228 235 247 258 256
304 305 306 308 310 311 313 313 314 315 313 309 305 305 306 309 307 306 304 299 287 261 241 270 282 271 271 259 230 263 264 258 219 215 223 192 208 258 282 304 313 300 300 309 302 291 274 262 263 282 293 296 -32768 -32768 295 -32768 -32768 299 296 278 262 241 224 240 235 238 231 240 243 224 222 239 230 215 223 235 257 266 270
305 306 308 309 311 312 314 315 315 316 314 311 307 304 307 304 305 303 296 296 280 239 203 261 271 263 251 186 197 247 272 267 251 229 214 195 226 253 278 293 311 309 306 309 301 299 286 256 247 279 289 295 296 -32768 -32768 -32768 -32768 298 294 283 266 235 214 238 250 256 258 246 241 255 258 262 258 249 268 271 272 273 274
305 308 308 310 311 313 315 317 317 316 315 313 311 307 306 294 299 301 300 294 289 280 243 255 246 221 167 124 119 233 276 261 252 219 208 215 241 259 278 288 307 309 311 309 292 302 292 252 255 280 285 292 294 295 -32768 -32768 -32768 298 294 285 268 243 216 228 238 263 269 266 268 273 271 274 -32768 -32768 -32768 -32768 -32768 -32768 -32768
305 307 308 309 311 313 316 318 317 316 315 313 312 307 306 299 292 287 292 289 279 273 278 256 214 176 172 157 176 261 269 269 261 240 203 195 225 249 276 278 298 298 303 299 301 302 300 275 283 281 271 280 281 290 296 298 -32768 299 296 286 268 259 247 256 268 271 278 279 279 276 273 -32768 -32768 -32768 -32768 -32768 -32768 -32768 -32768
303 305 306 308 310 313 315 316 315 315 314 313 311 308 304 305 299 290 276 277 267 263 267 238 185 214 226 206 243 263 255 253 254 238 186 175 240 253 270 292 293 276 297 304 307 304 302 294 294 283 271 274 274 287 298 298 298 -32768 297 291 281 277 278 280 278 280 284 285 284 -32768 -32768 -32768 -32768 -32768 -32768 -32768 -32768 -32768 -32768
301 303 304 307 310 313 315 315 314 313 313 312 311 310 305 299 298 291 282 274 247 250 228 187 183 235 252 258 262 257 256 237 240 226 180 210 244 248 273 297 291 282 292 298 302 297 292 291 294 278 270 271 275 284 291 295 297 -32768 297 295 291 288 284 286 288 289 288 286 282 -32768 -32768 -32768 -32768 -32768 -32768 -32768 -32768 -32768 -32768
299 301 303 306 309 313 314 313 312 312 311 311 310 308 307 304 296 289 278 257 224 223 215 202 219 242 247 251 260 247 235 220 221 229 181 224 244 259 279 296 284 286 285 282 289 284 283 284 290 278 268 265 259 269 279 284 292 295 296 -32768 -32768 293 291 290 291 -32768 -32768 -32768 -32768 -32768 -32768 -32768 -32768 -32768 -32768 -32768 -32768 -32768 -32768
299 301 303 307 310 311 311 311 311 310 309 309 307 304 295 291 300 289 281 255 220 230 231 217 221 240 236 249 253 232 219 202 186 221 195 239 245 270 276 284 284 287 278 269 270 277 281 274 267 270 272 262 254 261 268 267 278 290 293 -32768 -32768 -32768 -32768 -32768 -32768 -32768 -32768 -32768 -32768 -32768 -32768 -32768 -32768 -32768 -32768 -32768 -32768 -32768 -32768
300 302 305 308 310 310 310 310 309 308 307 306 302 297 280 253 284 282 265 242 231 236 240 233 202 207 221 236 249 237 221 217 192 191 208 238 243 269 276 277 278 281 281 275 272 272 273 280 272 282 275 271 272 256 251 249 264 283 291 -32768 -32768 -32768 -32768 -32768 -32768 -32768 -32768 -32768 -32768 -32768 -32768 -32768 -32768 -32768 -32768 -32768 -32768 -32768 -32768
301 303 306 309 310 309 308 308 307 306 304 301 300 295 285 274 281 262 231 218 233 237 239 239 231 224 206 211 239 241 228 218 169 142 170 224 241 267 272 271 272 277 284 285 284 277 275 270 272 275 269 282 275 245 236 246 269 286 289 -32768 -32768 -32768 -32768 -32768 -32768 -32768 -32768 -32768 -32768 -32768 -32768 -32768 -32768 -32768 -32768 -32768 -32768 -32768 -32768
302 305 307 309 310 308 306 304 304 304 302 299 297 294 288 283 285 271 228 216 230 233 236 238 232 213 202 199 210 224 218 221 194 158 156 211 235 260 269 271 270 274 278 285 286 284 281 278 281 270 258 266 264 228 229 240 268 287 287 -32768 -32768 -32768 -32768 -32768 -32768 -32768 -32768 -32768 -32768 -32768 -32768 -32768 -32768 -32768 -32768 -32768 -32768 -32768 -32768
303 304 306 308 309 306 305 303 300 301 301 298 294 287 281 275 282 263 244 230 226 225 229 228 223 213 180 147 168 196 187 190 146 144 146 197 231 255 268 270 266 270 272 282 286 285 282 269 265 279 266 270 282 223 264 284 275 290 -32768 -32768 -32768 -32768 -32768 -32768 -32768 -32768 -32768 -32768 -32768 -32768 -32768 -32768 -32768 -32768 -32768 -32768 -32768 -32768 -32768
304 301 302 306 308 306 304 301 297 295 297 292 287 283 274 266 272 262 222 213 222 221 226 223 203 193 193 173 205 214 221 185 176 185 181 183 233 252 265 268 269 270 273 282 281 283 284 283 254 286 270 281 291 276 273 267 284 290 288 -32768 -32768 -32768 -32768 -32768 -32768 -32768 -32768 -32768 -32768 -32768 -32768 -32768 -32768 -32768 -32768 -32768 -32768 -32768 -32768
302 293 296 303 305 305 303 300 290 286 291 286 283 258 251 234 267 262 229 212 218 215 216 229 220 199 209 196 216 235 226 209 209 200 189 194 219 236 257 263 270 276 278 282 271 270 284 286 274 269 290 285 273 252 250 252 274 286 288 -32768 -32768 -32768 -32768 -32768 -32768 -32768 -32768 -32768 -32768 -32768 -32768 -32768 -32768 -32768 -32768 -32768 -32768 -32768 -32768
302 297 297 302 301 302 302 301 292 279 288 286 281 268 268 265 265 242 209 206 210 201 200 206 229 229 231 217 221 241 222 195 182 181 183 172 191 224 248 262 272 275 279 281 275 281 285 281 288 280 280 284 270 261 250 257 272 283 288 289 -32768 -32768 -32768 -32768 -32768 -32768 -32768 -32768 -32768 -32768 -32768 -32768 -32768 -32768 -32768 -32768 -32768 -32768 -32768
301 298 297 298 297 297 297 292 293 291 292 289 281 279 274 268 250 226 201 189 196 189 175 196 222 209 231 228 240 229 210 189 146 158 161 174 204 229 241 261 273 275 275 278 270 273 278 284 291 288 284 284 271 251 246 259 273 283 287 289 -32768 -32768 -32768 -32768 -32768 -32768 -32768 -32768 -32768 -32768 -32768 -32768 -32768 -32768 -32768 -32768 -32768 -32768 -32768
302 300 295 293 291 290 293 284 292 295 284 278 271 274 267 257 236 220 195 186 184 191 206 184 192 189 190 181 224 233 172 147 130 137 138 159 221 224 249 259 272 267 268 270 269 275 268 277 274 284 284 280 272 256 255 263 275 281 285 289 290 -32768 -32768 -32768 -32768 -32768 -32768 -32768 -32768 -32768 -32768 -32768 283 284 -32768 -32768 -32768 -32768 -32768
302 300 295 291 282 281 286 282 290 288 279 237 245 264 255 244 233 217 208 204 200 209 215 188 159 142 180 212 228 235 195 191 190 167 170 171 206 222 241 256 271 263 262 260 278 274 272 267 272 265 265 268 266 261 263 267 275 278 283 288 290 291 -32768 -32768 -32768 -32768 -32768 -32768 -32768 -32768 286 282 273 278 284 284 287 287 279
301 299 297 292 278 266 281 283 290 284 270 237 205 243 234 248 247 239 233 210 218 225 212 198 168 157 183 204 237 227 217 215 199 198 185 176 173 230 240 259 269 265 258 264 267 266 267 272 273 269 266 263 261 258 253 259 268 273 279 284 288 289 291 292 -32768 -32768 -32768 -32768 287 281 283 277 272 266 263 268 269 278 274
301 299 296 294 276 257 268 278 283 283 272 259 230 249 232 248 269 262 253 237 234 217 206 197 188 185 189 197 223 231 235 233 223 186 192 172 148 217 240 261 266 263 258 265 265 264 263 270 269 271 271 264 254 251 246 235 243 253 261 271 280 285 288 289 292 291 288 288 282 273 277 271 262 257 226 242 256 265 264
301 299 297 288 268 245 255 267 268 277 278 271 251 253 241 246 241 239 243 242 245 229 206 206 200 190 196 212 236 210 217 235 216 206 187 166 152 225 243 257 265 263 259 267 263 263 265 271 274 273 272 268 260 245 234 228 219 228 245 262 270 274 279 283 285 280 276 270 265 268 268 263 265 258 247 251 259 257 263
301 299 296 290 275 245 254 261 256 267 281 274 266 262 260 234 215 221 223 213 216 251 248 244 201 215 230 233 233 228 235 231 223 218 202 176 179 243 251 259 265 261 249 257 264 265 267 271 273 273 271 266 259 249 230 216 213 232 236 228 237 249 250 260 264 257 253 246 241 252 238 241 261 257 241 249 252 253 249
301 298 296 292 276 244 246 246 237 240 264 266 270 263 245 209 206 204 213 209 192 226 244 247 240 253 235 194 198 194 227 239 221 199 206 185 190 241 251 266 267 259 260 263 265 267 269 271 272 271 268 258 247 242 238 228 218 214 222 219 230 241 234 236 242 238 231 202 185 199 203 214 223 235 227 229 230 242 239
299 293 287 281 271 239 241 239 230 229 236 243 264 262 253 218 213 218 229 222 188 203 227 216 218 228 229 209 197 160 181 198 188 179 190 179 173 246 264 268 265 264 264 263 262 265 267 264 263 265 260 253 235 222 209 208 209 206 208 210 221 231 233 236 231 223 210 196 198 209 218 226 230 237 241 240 236 233 238
299 288 266 264 256 241 242 240 234 227 215 217 247 253 258 251 246 239 237 214 187 195 203 224 205 200 218 203 222 203 185 176 180 176 172 169 197 255 271 273 269 267 263 261 261 260 259 255 254 246 228 211 203 196 197 199 204 210 213 211 217 222 226 229 229 227 222 218 218 223 231 238 243 248 251 251 246 247 249
299 293 277 253 239 232 231 237 235 228 224 216 237 253 255 245 244 241 239 222 191 197 196 225 234 215 209 194 191 205 187 177 178 172 170 192 237 260 275 276 272 264 256 252 240 230 213 200 200 209 205 206 203 209 204 204 202 209 218 221 224 224 228 232 236 238 237 236 237 235 236 243 249 254 257 258 259 258 257
299 296 291 279 253 233 241 240 236 232 229 224 223 225 250 239 230 229 215 213 201 195 203 218 226 208 174 179 173 171 176 165 171 190 186 196 247 269 277 276 270 246 249 238 213 200 197 203 179 223 225 239 229 224 215 213 210 209 216 222 228 233 234 236 241 244 246 246 247 246 242 242 248 255 259 259 258 260 263
299 297 280 261 255 237 240 231 229 228 227 227 225 226 244 242 214 204 205 217 226 208 186 199 207 191 181 186 189 179 178 188 192 208 224 242 261 269 275 275 263 248 226 212 213 211 225 225 215 223 236 244 238 233 229 223 223 218 222 226 230 235 240 242 243 245 246 249 253 254 252 246 245 251 250 249 251 255 263
299 297 289 286 269 239 221 229 234 232 229 226 223 233 243 243 217 213 235 226 226 230 213 191 197 186 190 209 210 200 210 205 208 208 228 247 265 263 268 265 243 217 218 213 232 238 243 231 240 239 246 249 244 243 241 235 237 231 232 234 236 237 239 242 244 244 245 249 254 258 259 254 252 251 251 256 259 262 265
