Part_1_SDMs/env_data/future_climate_2070_RCP_8.5/bioclim_14.asc
NCOLS 444 
NROWS 438 
XLLCORNER -19 
YLLCORNER -35 
CELLSIZE 0.166666666666667 
NODATA_value -32768 
[rows 185 to 221 of 438, columns 166 to 248 of 444]
8 8 8 8 7 6 5 5 5 4 3 3 3 3 4 3 2 2 4 3 3 3 2 1 1 1 0 0 0 1 1 1 1 1 1 1 1 1 1 1 1 1 1 0 0 0 0 0 0 0 0 0 0 0 0 0 0 0 0 0 1 1 1 2 2 3 3 3 3 3 3 3 4 4 4 4 4 4 5 5 5 4 4
10 10 9 9 8 7 7 6 5 5 5 4 3 3 5 5 4 4 4 3 3 2 2 1 1 1 1 1 1 1 1 1 1 1 1 1 1 1 1 1 1 1 1 1 0 0 0 0 0 1 1 1 1 0 0 0 0 0 0 0 1 1 2 2 3 3 3 4 4 4 4 4 4 4 4 4 4 4 4 5 5 5 5
10 11 11 11 9 8 8 7 6 5 5 5 3 3 4 4 4 4 4 3 3 2 2 1 1 1 1 1 1 1 1 1 1 1 2 3 3 3 2 2 2 1 1 1 1 1 1 1 1 1 1 1 1 1 1 0 0 0 0 1 1 1 2 2 3 3 4 4 4 4 4 4 5 6 6 6 6 6 6 5 5 5 5
12 12 12 11 10 9 8 8 7 5 5 5 6 4 4 5 5 4 3 3 2 2 2 1 1 2 1 1 2 2 2 2 2 3 3 3 3 3 3 2 2 2 2 1 1 1 1 1 1 1 1 1 1 1 1 1 0 0 0 1 1 2 2 2 3 4 5 5 5 6 6 6 6 7 8 8 8 7 7 6 6 6 6
12 13 12 12 11 10 8 8 7 7 6 6 8 5 4 3 3 3 3 3 2 2 2 2 2 2 2 2 2 3 3 3 3 4 4 4 4 3 3 2 2 2 2 1 1 1 1 1 1 1 1 1 1 1 1 1 1 1 1 1 1 2 2 3 4 5 6 5 5 5 6 7 8 9 10 10 10 9 9 8 7 7 7
14 14 13 12 11 10 9 8 7 7 10 9 8 4 3 3 3 3 3 3 3 3 2 2 2 2 2 3 3 3 4 4 5 5 5 5 5 4 3 3 2 2 2 1 1 1 2 2 2 2 2 2 2 2 1 1 1 1 1 1 2 3 3 4 5 5 6 6 5 5 6 8 9 10 12 13 13 12 11 11 9 8 8
15 14 14 13 11 11 11 12 8 9 8 7 4 3 3 3 3 3 3 3 3 3 3 3 3 3 3 3 3 3 4 5 6 6 6 6 7 6 4 4 3 2 2 2 2 2 3 3 2 2 2 3 3 3 3 2 2 2 2 2 3 4 4 5 5 6 6 7 7 7 7 9 11 12 14 15 15 15 15 13 11 10 10
16 16 14 13 12 11 10 11 10 11 5 4 4 3 3 3 3 3 3 3 3 3 3 3 3 3 3 3 4 4 5 5 6 7 8 8 8 8 6 5 4 3 3 3 3 4 4 3 3 3 3 4 3 3 4 3 3 3 3 4 4 5 5 5 6 7 7 7 7 8 9 9 12 15 17 18 19 19 17 14 11 11 11
18 17 16 14 14 13 11 11 14 9 6 4 3 2 3 3 3 3 3 4 4 4 4 4 4 4 4 4 4 4 5 6 7 9 10 10 11 10 8 6 5 5 5 5 5 5 4 5 4 5 5 5 5 5 4 4 4 4 5 5 5 6 6 7 7 8 8 7 7 9 9 9 11 15 20 20 20 18 16 14 12 12 11
20 19 18 17 16 16 14 12 14 10 7 5 3 3 3 4 4 4 4 4 4 5 5 5 6 6 6 6 6 6 7 7 8 10 11 12 12 11 9 8 8 7 6 6 6 7 6 7 7 7 7 7 7 6 6 6 6 6 6 7 7 7 7 8 9 9 10 10 9 11 11 11 13 16 18 19 18 16 15 14 13 12 12
23 22 22 20 19 18 16 12 11 11 9 6 5 4 4 4 4 4 5 5 5 6 6 7 7 7 7 7 7 8 9 10 11 12 13 14 14 13 11 10 10 9 8 9 9 8 8 9 9 9 9 9 8 8 8 8 8 8 8 8 8 9 9 10 10 11 11 12 12 13 13 13 14 17 17 17 16 15 14 13 12 12 12
26 25 25 24 22 20 15 12 10 11 11 7 6 5 5 5 5 5 5 6 7 7 7 8 8 9 9 10 10 11 11 12 13 14 15 16 16 15 15 14 12 11 10 11 11 11 10 10 11 12 12 11 11 10 10 10 10 10 10 10 10 11 11 11 12 12 13 14 14 14 15 15 16 18 18 17 17 15 13 12 12 13 13
31 30 25 24 25 19 15 13 12 11 10 9 7 7 7 7 7 7 7 7 8 8 9 9 10 11 12 13 13 14 15 15 16 16 17 18 19 18 18 17 16 15 13 13 13 13 12 12 12 13 14 13 13 12 12 12 12 12 12 12 12 12 13 13 14 14 15 16 16 17 17 18 19 20 19 19 18 16 13 12 14 14 14
39 38 31 23 28 26 16 15 17 16 13 10 9 9 8 8 8 8 8 9 9 10 10 11 12 13 15 16 17 18 19 18 18 18 19 20 22 22 22 22 20 18 17 15 15 15 15 15 14 14 15 15 15 15 14 14 14 14 14 14 14 15 15 15 16 18 18 18 19 19 20 20 22 22 22 21 20 18 16 15 15 15 16
50 50 40 30 31 35 30 28 25 21 19 15 11 10 10 10 10 9 9 11 11 11 12 13 14 16 18 19 21 22 22 21 20 20 21 23 25 27 27 26 24 21 19 17 16 16 16 16 16 16 16 16 16 16 15 14 14 15 16 17 17 17 18 19 20 20 20 20 20 21 22 24 24 24 24 24 23 22 20 20 19 18 18
63 64 56 41 33 35 36 34 30 26 19 15 12 12 12 11 11 11 11 12 12 13 14 15 16 18 20 22 25 26 25 24 22 21 23 26 30 32 33 31 29 25 21 18 17 17 17 17 17 17 16 17 17 17 16 16 16 17 18 18 18 19 20 21 22 23 23 23 23 23 24 25 26 26 26 27 27 25 25 24 22 21 21
72 79 51 38 35 34 36 38 33 23 17 15 14 14 14 13 13 13 13 14 14 14 15 17 18 19 22 25 28 29 28 27 25 24 25 30 35 40 41 37 33 28 22 19 18 18 18 19 18 17 17 18 18 18 17 18 18 18 18 18 19 20 21 23 23 24 24 24 25 25 25 26 28 28 29 31 30 29 29 28 26 25 25
-32768 94 45 34 28 31 37 37 33 25 19 18 16 16 16 15 15 15 15 15 15 15 16 17 19 21 23 26 30 31 30 28 28 28 30 35 42 48 51 47 38 31 23 20 19 19 20 20 19 19 18 18 18 18 19 19 19 19 20 20 22 23 24 24 24 24 25 24 25 26 27 28 30 31 33 33 33 32 32 31 30 30 29
-32768 131 48 32 23 31 40 38 33 27 24 21 19 18 18 18 18 17 17 17 17 17 17 18 19 21 22 25 29 31 31 31 31 32 35 40 49 41 34 44 43 36 27 22 21 21 21 21 20 20 20 19 19 20 21 21 21 22 23 24 24 25 26 26 25 26 26 26 26 28 29 30 31 33 36 36 36 35 35 34 34 33 33
-32768 -32768 -32768 35 28 34 40 37 33 29 26 23 22 21 20 21 21 20 20 19 18 18 18 19 20 21 22 24 27 29 30 32 32 34 38 44 51 33 20 36 48 39 30 26 24 23 23 23 22 21 21 20 20 21 21 22 23 23 25 26 27 27 27 27 27 27 28 28 29 29 30 32 33 35 37 38 39 38 38 38 38 38 38
44 44 -32768 -32768 -32768 38 40 39 36 32 29 26 24 24 24 24 24 23 22 21 20 19 19 21 22 23 24 25 27 30 31 32 34 35 38 42 48 45 37 47 47 37 31 29 26 25 25 24 24 23 22 21 21 21 21 22 23 25 26 28 28 28 29 29 29 30 30 30 30 31 32 33 35 37 38 40 40 40 41 40 41 42 42
45 40 -32768 -32768 -32768 42 43 42 40 37 34 30 28 28 28 27 27 26 25 24 23 22 23 23 24 25 25 27 29 30 32 32 33 35 36 37 39 37 35 41 41 36 32 30 28 27 27 26 25 23 23 23 23 22 22 22 24 26 28 30 30 30 31 31 31 32 32 32 32 33 34 35 36 39 41 42 42 43 43 44 45 45 46
40 40 -32768 -32768 -32768 -32768 47 48 46 43 39 36 36 33 32 30 30 29 29 28 27 26 26 26 26 26 27 28 29 31 32 33 33 34 34 33 31 28 25 30 34 34 34 33 29 29 28 28 26 25 25 24 24 24 24 24 25 28 29 31 32 32 33 33 34 34 35 35 35 34 34 36 39 41 42 44 44 45 46 47 48 50 51
41 -32768 -32768 -32768 -32768 -32768 -32768 54 53 49 45 41 42 38 35 33 33 33 33 33 32 31 30 29 29 29 30 30 31 32 32 33 33 34 34 33 30 27 26 28 32 34 34 33 30 30 29 30 29 28 26 26 26 26 26 26 28 30 31 32 34 35 35 35 36 36 37 37 36 35 35 37 39 43 44 45 46 47 48 50 52 53 54
-32768 -32768 -32768 -32768 -32768 -32768 -32768 62 59 55 50 47 44 40 37 36 36 36 37 38 37 35 34 32 32 32 32 32 32 32 32 33 34 34 34 34 33 30 29 30 32 34 33 31 31 31 31 31 31 30 29 28 28 28 29 29 30 32 33 35 36 36 37 37 38 38 37 38 37 36 36 37 40 44 45 46 47 48 50 52 55 57 58
-32768 -32768 -32768 -32768 -32768 -32768 -32768 69 64 58 51 49 44 41 39 37 38 39 42 43 41 39 38 36 35 35 34 34 34 34 34 35 35 35 35 35 35 33 31 32 32 34 34 33 33 32 33 32 32 32 32 32 31 30 31 32 33 34 36 37 38 39 40 40 40 40 40 40 38 38 37 39 40 43 45 46 48 49 51 54 57 60 63
-32768 -32768 -32768 -32768 -32768 -32768 -32768 74 69 63 53 49 46 43 40 39 39 40 42 45 43 42 41 40 39 38 38 37 37 37 37 37 36 37 37 37 37 37 35 35 35 36 36 35 35 35 36 35 34 34 34 33 34 34 34 35 36 37 39 40 41 42 43 43 43 43 42 42 41 40 39 41 42 43 45 46 49 50 53 57 61 65 68
-32768 -32768 -32768 -32768 -32768 -32768 86 79 72 61 52 48 43 41 40 39 40 42 43 45 46 45 44 44 43 42 42 41 40 40 40 39 39 39 40 40 40 41 41 39 40 40 40 38 37 37 37 37 37 37 37 36 36 37 38 38 39 40 42 43 44 45 46 45 45 45 44 44 43 42 42 43 44 45 46 47 49 51 55 59 64 69 73
-32768 -32768 -32768 -32768 -32768 -32768 79 77 68 59 49 42 38 36 36 37 39 41 43 46 48 48 48 46 46 45 45 44 44 44 44 43 42 42 42 44 45 45 45 45 45 44 42 41 40 39 39 40 40 39 40 39 40 40 40 41 42 43 45 47 48 48 49 49 48 48 47 46 45 45 45 45 45 46 48 49 50 52 56 62 68 74 80
-32768 -32768 -32768 -32768 -32768 -32768 73 69 62 52 42 36 32 31 31 33 35 36 38 40 42 44 46 48 49 49 48 47 47 47 47 47 47 45 45 46 48 48 49 50 49 48 47 45 42 42 42 42 43 43 43 42 43 43 44 44 46 47 48 50 51 52 52 51 51 50 50 49 48 48 48 48 49 50 50 52 52 53 58 65 72 79 86
-32768 -32768 -32768 -32768 -32768 -32768 62 64 59 43 34 29 26 26 26 28 30 32 33 34 36 38 40 42 44 47 49 51 51 51 51 51 49 50 49 50 51 52 55 55 54 52 49 47 45 45 44 45 45 45 45 46 46 46 47 48 49 50 52 54 55 56 56 56 55 54 53 52 51 51 51 51 52 52 53 55 56 58 63 70 77 84 91
-32768 -32768 -32768 -32768 -32768 -32768 44 65 54 34 26 22 20 20 21 23 25 26 27 29 30 32 34 36 38 40 42 45 47 50 52 55 53 55 55 55 56 59 60 60 58 56 52 50 48 48 47 48 49 49 49 49 49 50 51 51 53 54 56 58 59 59 60 60 58 57 56 55 55 54 55 55 56 57 58 60 62 65 70 77 84 90 95
-32768 -32768 -32768 -32768 -32768 41 43 59 43 25 19 16 15 15 17 18 20 21 22 24 25 27 28 30 32 34 36 38 41 43 45 48 51 53 55 56 56 57 59 62 67 63 57 53 50 51 51 52 53 53 53 53 54 54 54 55 56 58 60 62 62 61 61 64 62 61 60 59 59 60 60 60 61 63 64 66 69 72 77 83 89 95 99
-32768 -32768 -32768 -32768 -32768 33 34 39 28 19 13 10 11 12 13 14 15 17 18 20 21 22 24 25 27 29 30 33 34 37 39 41 43 45 47 48 50 51 54 57 62 67 66 61 54 56 56 57 58 57 58 58 58 58 59 59 60 62 64 67 66 65 64 68 66 65 64 63 63 64 64 65 66 68 70 72 76 80 84 89 94 98 102
-32768 -32768 -32768 -32768 22 24 24 25 18 13 9 7 7 9 10 11 12 13 15 16 17 18 19 21 22 24 26 28 29 31 33 34 36 39 41 43 44 46 48 51 55 59 65 70 65 63 63 63 63 62 63 63 63 63 63 64 65 67 68 71 71 70 72 72 70 69 67 67 67 68 69 71 72 74 76 79 82 86 91 96 100 104 107
-32768 -32768 -32768 -32768 15 15 15 15 13 10 7 6 6 7 8 9 10 10 11 12 13 14 16 17 19 20 22 23 25 26 28 29 31 32 35 37 38 40 42 45 49 52 56 61 67 71 70 70 69 68 68 68 68 68 69 69 70 72 74 75 77 78 78 77 75 73 71 71 73 74 75 76 78 80 83 86 89 94 97 102 106 109 112
-32768 -32768 -32768 -32768 12 10 8 9 9 8 6 6 6 6 6 7 8 8 8 9 10 11 13 14 15 16 18 20 21 22 23 24 26 28 30 32 34 35 37 40 43 46 50 54 59 63 66 69 71 73 74 74 74 74 74 75 76 77 79 80 82 83 83 82 81 80 78 78 79 80 81 82 84 86 89 92 96 100 104 109 111 115 117
