Part_1_SDMs/env_data/future_climate_2070_RCP_8.5/bioclim_9.asc
NCOLS 444 
NROWS 438 
XLLCORNER -19 
YLLCORNER -35 
CELLSIZE 0.166666666666667 
NODATA_value -32768 
[rows 35 to 69 of 438, columns 237 to 315 of 444]
292 282 284 290 292 292 293 295 296 298 299 299 299 298 299 300 301 303 301 299 298 300 302 -32768 299 298 -32768 -32768 -32768 -32768 -32768 -32768 -32768 -32768 -32768 -32768 -32768 -32768 -32768 -32768 -32768 -32768 -32768 -32768 -32768 -32768 -32768 -32768 -32768 -32768 -32768 -32768 -32768 -32768 -32768 -32768 -32768 -32768 -32768 -32768 -32768 -32768 -32768 -32768 -32768 -32768 -32768 -32768 -32768 -32768 -32768 -32768 -32768 -32768 -32768 -32768 -32768 -32768 -32768
293 292 296 298 300 300 302 302 303 304 303 304 305 305 305 304 304 304 304 303 303 301 299 299 297 296 296 296 -32768 -32768 -32768 -32768 -32768 -32768 -32768 -32768 -32768 -32768 -32768 -32768 -32768 -32768 -32768 -32768 -32768 -32768 -32768 -32768 -32768 -32768 -32768 -32768 -32768 -32768 -32768 -32768 -32768 -32768 -32768 -32768 -32768 -32768 -32768 -32768 -32768 -32768 -32768 -32768 -32768 -32768 -32768 -32768 -32768 -32768 -32768 -32768 -32768 -32768 -32768
302 302 304 306 307 306 306 307 308 308 308 309 310 310 309 309 309 309 309 309 307 305 302 299 297 294 293 294 -32768 -32768 -32768 -32768 -32768 -32768 -32768 -32768 -32768 -32768 -32768 -32768 -32768 -32768 -32768 -32768 -32768 -32768 -32768 -32768 -32768 -32768 -32768 -32768 -32768 -32768 -32768 -32768 -32768 -32768 -32768 -32768 -32768 -32768 -32768 -32768 -32768 -32768 -32768 -32768 -32768 -32768 -32768 -32768 -32768 -32768 -32768 -32768 -32768 -32768 -32768
308 309 311 312 312 311 310 311 311 312 313 313 315 315 314 314 314 313 313 313 311 309 307 304 301 298 295 293 296 295 293 290 289 289 289 289 -32768 -32768 -32768 -32768 -32768 -32768 -32768 -32768 -32768 -32768 -32768 -32768 -32768 -32768 -32768 -32768 -32768 -32768 -32768 -32768 -32768 -32768 -32768 301 -32768 300 301 302 302 300 -32768 298 299 -32768 -32768 -32768 -32768 -32768 -32768 -32768 -32768 -32768 -32768
313 315 317 317 316 315 314 315 315 316 317 318 319 319 319 318 318 318 318 317 315 313 311 309 305 302 298 295 294 297 294 290 288 288 288 287 286 285 285 286 287 287 -32768 -32768 -32768 -32768 -32768 -32768 -32768 -32768 -32768 -32768 -32768 -32768 -32768 -32768 -32768 -32768 302 301 299 300 302 303 303 302 300 299 300 304 -32768 -32768 -32768 -32768 -32768 -32768 -32768 -32768 -32768
316 317 319 320 319 319 319 319 320 321 322 322 323 323 323 322 323 322 323 322 319 317 315 313 309 306 302 298 295 293 293 289 288 288 287 286 285 284 283 283 285 288 289 288 288 -32768 -32768 -32768 -32768 -32768 -32768 -32768 -32768 -32768 -32768 -32768 302 302 303 301 300 301 302 304 305 304 302 302 306 309 313 314 -32768 -32768 307 305 302 300 -32768
317 319 321 322 321 322 322 323 323 325 325 325 326 327 327 327 327 327 326 326 323 320 318 316 313 309 306 303 299 296 294 292 291 289 288 287 286 285 285 284 285 286 285 286 289 290 289 290 291 293 -32768 -32768 -32768 -32768 297 302 304 305 305 305 304 304 304 306 308 309 308 308 310 314 317 317 317 315 312 309 306 303 299
318 321 323 324 324 324 325 326 327 328 329 329 330 330 330 331 331 330 330 329 327 324 322 319 316 314 310 307 303 301 298 296 295 293 292 290 289 288 287 287 287 287 287 288 289 290 290 291 292 294 295 -32768 276 275 295 300 305 307 308 309 310 309 308 309 311 312 312 314 317 320 323 323 321 318 315 311 306 302 301
320 323 325 326 327 327 328 329 330 331 332 333 333 333 333 333 333 334 333 332 330 327 325 323 320 317 314 311 308 306 303 301 299 298 297 295 294 293 292 291 291 291 291 291 291 292 292 293 295 296 297 297 297 276 298 302 307 310 312 314 316 316 314 314 315 316 317 319 323 327 330 329 325 321 315 309 302 296 301
322 324 327 330 329 330 331 332 333 334 335 336 336 337 337 337 336 335 334 334 333 330 328 326 324 321 319 316 313 311 308 306 304 302 301 300 299 298 298 297 295 294 294 294 294 295 295 294 296 297 299 299 300 300 301 304 309 314 317 319 321 321 320 320 321 320 322 326 330 334 338 334 329 324 317 309 300 299 305
324 326 329 333 333 333 334 335 336 337 338 339 339 340 340 340 339 338 338 337 335 334 332 330 328 326 323 321 318 316 313 311 309 308 306 306 305 306 304 301 299 299 299 302 303 304 302 303 302 302 301 302 303 286 305 307 310 317 323 323 323 322 323 325 326 327 330 332 335 338 343 343 334 326 315 309 307 299 293
325 328 333 335 336 336 336 338 339 341 342 342 343 343 343 342 342 342 341 340 339 338 336 335 334 331 329 326 323 321 319 317 315 313 312 311 312 312 311 311 309 313 316 317 316 315 313 312 312 311 312 290 291 292 312 313 314 316 323 326 325 324 326 327 328 331 333 335 337 338 340 347 343 328 312 299 305 301 305
327 331 335 337 338 338 339 341 342 343 344 345 345 346 346 346 346 290 289 288 287 286 285 284 283 337 334 331 328 326 324 321 320 318 317 316 319 318 317 323 324 323 322 321 320 319 317 316 315 314 314 293 292 295 297 317 319 320 322 324 325 325 325 329 333 336 314 314 316 336 335 346 348 335 315 299 304 307 308
330 334 337 339 341 342 343 344 345 346 347 347 348 348 331 294 293 293 293 292 292 291 291 290 287 285 339 336 334 331 329 327 325 323 322 320 323 325 327 330 329 328 327 326 324 323 321 320 319 317 316 295 295 296 299 318 319 320 323 325 327 328 327 333 321 318 328 311 332 332 332 332 350 340 313 298 304 304 305
334 336 339 342 343 345 346 347 348 349 349 349 333 333 296 296 296 296 296 251 250 251 250 295 294 292 287 341 338 336 334 332 330 328 326 328 333 335 335 334 333 331 331 329 327 326 324 322 321 319 299 300 299 300 302 302 320 320 323 324 325 311 312 318 326 325 332 329 316 318 325 327 328 343 320 304 293 297 302
336 338 340 343 345 347 349 350 350 350 350 334 334 335 297 297 298 253 253 213 213 213 213 254 298 296 294 345 343 341 339 337 335 332 331 334 340 341 340 339 339 336 334 333 331 329 325 324 323 268 267 267 302 302 302 301 302 303 304 309 314 321 321 323 327 325 311 328 331 339 336 341 -32768 322 332 304 290 294 298
338 340 342 345 348 349 351 352 336 335 335 335 335 336 299 299 254 254 213 213 214 214 214 213 253 297 295 332 349 347 344 344 345 338 337 339 344 347 345 344 343 342 341 339 333 332 330 328 325 270 270 270 269 268 303 303 302 308 315 282 323 323 324 325 327 323 308 300 311 303 295 314 340 322 332 318 291 293 296
339 342 344 347 350 352 338 339 338 337 337 337 337 337 300 255 214 214 214 214 214 214 214 214 213 253 298 335 354 353 352 352 351 348 342 344 349 350 349 349 347 347 290 287 339 338 282 278 277 275 274 272 272 271 271 306 307 279 282 284 285 323 323 289 325 319 309 304 315 305 302 322 323 323 314 322 297 285 289
341 344 346 348 351 338 340 340 341 340 339 338 338 340 302 214 215 215 215 215 215 215 215 214 214 213 300 337 336 335 355 355 354 353 351 353 353 353 297 296 295 294 293 291 290 286 284 283 281 280 279 277 276 276 275 275 276 281 282 286 285 286 287 325 321 316 313 311 306 329 319 319 322 -32768 -32768 310 316 305 291
343 345 347 349 352 338 357 342 342 342 341 340 340 303 215 215 215 215 215 216 216 216 216 215 215 214 213 339 338 337 336 335 334 353 351 355 353 298 296 295 295 294 294 292 290 288 287 285 284 285 285 283 280 280 279 279 278 280 279 283 283 286 288 323 321 318 317 317 317 317 325 306 328 289 -32768 -32768 329 304 292
345 347 349 351 337 339 341 342 343 343 342 341 341 215 215 215 215 216 216 216 216 216 216 216 216 215 214 341 340 339 338 337 337 336 335 336 335 299 299 299 299 297 295 293 292 290 289 288 287 287 286 286 285 283 283 282 281 280 280 283 284 288 323 319 320 319 318 315 313 302 296 298 310 320 252 -32768 309 297 275
346 348 350 352 337 339 341 343 343 344 344 343 342 216 216 216 216 216 216 216 216 216 216 216 216 216 215 214 341 341 340 340 339 338 339 339 301 300 301 300 299 297 297 294 252 252 250 248 248 248 248 247 248 247 286 285 284 282 282 284 287 290 288 317 316 317 315 312 307 311 294 306 322 314 288 -32768 313 309 310
346 349 350 336 338 340 341 343 344 345 345 344 217 217 217 216 217 216 217 216 216 216 216 216 216 216 215 215 215 342 342 342 341 341 303 302 300 299 301 256 298 254 253 251 251 251 250 249 249 251 254 249 248 250 248 287 286 285 285 285 289 290 288 320 316 313 312 307 300 293 310 303 296 307 283 252 248 307 282
347 349 335 337 338 340 341 343 344 187 188 187 218 218 217 217 217 217 217 217 217 216 216 216 216 216 216 216 216 216 216 217 259 260 260 259 258 257 256 255 255 254 253 253 253 253 252 251 251 254 255 252 249 250 250 248 289 287 286 286 289 289 286 285 285 316 313 310 306 299 295 294 294 300 310 251 254 -32768 251
347 350 335 337 338 340 342 343 187 187 188 188 186 185 184 185 185 185 184 184 184 183 216 216 216 216 216 216 216 216 216 217 217 218 261 261 260 259 258 257 256 255 254 254 254 254 253 251 254 255 252 251 250 251 251 250 249 288 287 286 289 290 285 284 284 282 281 311 304 298 291 294 294 286 295 245 252 254 -32768
348 334 336 337 339 340 342 186 187 188 188 188 186 186 185 185 185 185 184 184 183 183 183 183 182 182 183 216 216 217 217 217 218 218 218 262 261 260 259 258 257 256 255 255 254 254 254 252 255 252 251 251 251 251 252 252 251 290 289 287 286 289 285 283 284 284 282 310 305 300 292 296 297 290 296 308 250 254 252
334 335 336 338 339 341 185 186 187 188 188 188 187 186 185 185 186 185 184 184 183 183 182 183 182 182 182 182 217 217 217 217 218 218 219 219 219 218 260 259 258 257 256 254 254 254 254 253 253 253 253 251 252 251 252 253 253 292 290 289 286 287 286 284 283 285 284 281 309 304 298 299 303 300 298 309 248 253 258
335 336 337 338 339 185 186 186 187 188 188 188 187 186 186 186 186 185 185 184 183 183 182 182 182 182 182 183 183 217 218 218 218 218 218 219 219 219 218 216 258 256 255 253 253 254 255 255 255 253 253 251 252 252 252 253 254 255 294 292 289 291 290 289 287 287 286 282 311 305 299 297 308 306 296 304 286 253 203
335 336 337 338 184 185 186 186 187 188 188 188 187 186 185 185 186 186 185 184 184 183 183 182 183 183 183 183 183 218 218 218 218 218 218 218 219 219 217 216 215 258 255 256 257 259 263 261 252 252 252 253 253 253 254 255 256 257 297 295 294 297 297 296 293 291 291 285 282 309 304 302 312 309 297 295 308 288 255
334 336 337 184 184 185 186 187 187 188 188 188 186 186 185 185 186 186 185 185 184 184 183 183 183 183 183 183 183 183 218 217 216 217 217 218 218 218 216 220 220 216 259 255 258 264 264 263 262 255 254 254 253 253 255 257 258 258 258 257 298 260 193 195 351 258 253 288 284 312 307 305 314 284 306 299 293 284 288
335 336 184 184 185 186 186 187 187 188 187 187 186 186 185 186 186 186 185 185 184 184 184 183 183 184 184 184 184 183 218 217 217 217 217 218 217 217 218 220 217 213 252 254 263 264 264 261 263 257 255 256 254 253 256 258 259 260 260 260 261 192 193 355 356 350 294 290 286 283 311 309 313 291 314 309 298 293 306
335 184 184 185 185 186 187 187 187 187 187 187 186 186 186 186 186 187 186 185 185 184 185 184 184 184 184 184 184 182 218 218 217 217 217 217 217 216 216 216 215 210 253 261 264 264 264 262 261 261 255 256 257 256 256 258 260 188 189 190 190 191 193 192 265 267 260 251 289 286 315 313 315 296 293 317 303 288 297
184 185 185 185 186 187 187 187 187 187 187 187 186 186 186 186 186 186 186 185 185 184 186 185 185 185 186 185 183 182 182 217 217 217 216 216 216 216 216 216 214 214 218 185 264 264 264 263 262 263 260 257 258 258 259 258 260 187 190 191 190 190 191 190 189 196 263 253 251 290 288 318 294 301 190 323 310 302 300
185 185 185 186 187 187 187 188 187 187 187 187 187 187 187 187 187 187 186 185 184 186 188 186 188 188 187 185 183 183 218 217 217 216 216 216 216 216 216 216 215 217 218 218 183 263 264 264 263 263 264 259 259 260 260 186 186 186 189 191 191 191 190 189 186 187 194 195 183 212 295 293 294 308 298 298 319 310 307
185 185 186 186 187 188 187 188 188 188 188 188 187 187 188 187 188 188 187 186 185 186 188 188 188 188 187 185 184 183 218 217 217 216 216 216 216 215 215 216 217 218 221 184 258 260 184 186 186 187 188 262 259 185 184 185 186 186 189 191 191 191 190 188 185 184 188 196 188 189 182 298 303 310 309 304 295 312 310
