Part_1_SDMs/env_data/future_climate_2070_RCP_8.5/bioclim_16.asc
NCOLS 444 
NROWS 438 
XLLCORNER -19 
YLLCORNER -35 
CELLSIZE 0.166666666666667 
NODATA_value -32768 
[rows 245 to 279 of 438, columns 237 to 315 of 444]
770 768 767 764 762 760 754 745 738 729 716 701 691 688 682 676 675 681 685 683 687 688 690 694 685 684 681 681 682 685 688 691 696 726 752 778 798 809 815 810 803 785 748 702 660 645 610 582 601 738 608 432 483 586 554 495 484 469 463 426 418 398 389 392 404 407 409 409 412 415 423 423 420 415 412 389 374 384 411
772 771 767 762 761 757 751 743 737 726 712 700 690 687 685 684 686 689 694 692 689 691 693 690 685 682 676 675 678 680 681 683 688 711 733 755 767 777 785 780 772 764 740 689 669 645 606 623 708 764 737 514 425 482 595 514 509 499 492 464 455 423 408 401 406 413 425 446 454 434 430 427 419 413 409 389 367 377 401
766 765 762 760 756 752 748 735 731 721 710 702 693 691 691 695 695 697 700 700 696 692 693 689 686 678 671 670 671 672 673 678 685 705 719 738 750 761 767 749 740 743 717 689 643 580 585 650 709 742 790 607 401 454 571 514 516 519 514 507 483 457 432 419 419 425 433 443 445 432 427 420 418 414 409 392 371 352 368
762 762 760 754 751 745 741 732 726 719 713 701 695 691 691 696 700 710 705 696 695 689 684 681 682 673 666 665 665 666 667 670 677 695 711 722 740 770 741 720 715 720 690 646 602 574 619 620 664 738 797 628 394 501 614 527 508 523 534 516 496 484 463 445 435 437 440 439 437 421 413 413 418 419 417 411 395 378 386
768 767 760 757 751 742 736 729 723 715 709 706 703 701 702 706 712 710 696 693 689 680 677 677 675 663 664 662 662 662 662 664 669 680 689 704 714 725 711 697 684 669 647 614 594 607 644 638 666 717 785 649 407 572 661 543 524 531 548 533 524 517 490 455 447 448 443 435 431 415 406 404 416 431 442 442 428 410 422
772 769 763 762 757 746 738 734 728 721 714 712 713 710 709 710 712 705 702 688 684 684 677 669 666 659 663 661 658 656 657 657 661 663 673 682 692 695 691 682 679 657 637 603 613 630 637 665 667 717 747 521 425 573 608 577 572 565 557 542 538 515 484 468 456 451 444 440 428 416 411 400 424 452 468 489 468 425 420
770 769 764 752 746 744 738 726 719 717 714 707 707 711 706 704 706 704 697 692 687 680 679 669 665 659 656 655 653 652 650 652 650 656 672 676 676 681 680 678 650 633 626 643 606 605 619 620 620 684 608 506 444 468 571 615 577 566 551 538 539 524 504 484 464 455 448 442 432 424 422 429 438 461 475 490 466 435 422
761 756 753 753 744 732 725 728 728 719 713 709 703 700 696 694 693 691 686 685 681 679 678 668 661 657 652 652 650 646 645 644 642 641 651 658 665 666 665 659 664 627 611 600 583 553 577 568 588 698 522 490 471 470 568 626 571 555 553 550 526 513 504 494 471 461 456 448 441 432 430 441 448 452 450 451 443 438 432
755 760 754 750 742 737 734 729 726 729 722 714 709 705 700 688 688 683 681 678 674 673 674 673 664 657 651 648 648 642 640 637 634 631 634 641 649 653 657 653 636 616 614 593 571 548 536 545 592 667 502 480 501 509 519 593 579 565 568 542 532 514 512 498 479 468 463 456 451 447 447 451 452 443 438 438 436 435 432
752 752 751 740 734 737 745 737 728 721 720 721 716 706 699 689 682 682 683 678 673 671 667 671 668 658 648 643 645 638 635 629 627 626 632 635 644 649 649 642 628 618 600 588 584 553 526 515 584 585 531 494 501 510 502 609 604 607 581 549 524 515 511 505 488 478 473 469 464 463 467 468 464 450 428 431 433 435 433
744 741 734 730 732 740 742 745 734 725 717 714 712 708 700 687 675 678 682 679 675 675 668 666 670 659 647 643 644 635 631 623 620 619 627 629 633 638 655 648 627 602 598 614 572 549 528 507 523 535 565 517 485 491 493 616 572 603 548 539 519 509 512 516 497 489 486 485 483 482 485 488 485 469 441 443 446 444 440
738 738 731 725 726 734 744 749 738 728 717 716 707 702 702 684 670 677 676 670 673 676 668 665 668 663 650 641 640 639 635 623 615 615 620 624 630 637 637 633 620 606 612 608 591 565 528 506 495 528 619 555 475 475 490 517 538 550 522 514 521 505 504 509 500 499 501 502 504 505 507 510 510 496 468 465 469 462 451
733 732 720 714 721 729 740 740 735 728 716 716 714 706 700 686 671 662 662 661 671 677 675 668 668 669 657 644 645 644 632 620 610 610 614 616 622 632 628 632 623 606 594 592 596 566 541 516 499 503 630 612 467 461 459 469 499 517 518 503 511 507 498 502 506 511 517 520 524 529 528 527 529 515 487 492 495 485 469
728 730 727 712 711 719 725 726 729 722 715 711 711 708 700 686 671 665 671 668 669 682 682 671 677 673 666 646 642 643 630 622 610 606 605 607 617 626 611 617 604 602 584 581 573 560 551 536 508 511 548 603 460 453 450 453 485 494 499 494 499 505 507 513 516 523 529 533 541 554 552 541 531 513 517 533 524 507 486
721 711 708 709 701 705 708 716 722 717 716 718 707 707 703 688 682 669 676 678 668 681 685 674 684 682 666 646 633 631 627 622 605 603 595 595 604 604 597 598 594 588 591 598 598 572 552 554 520 517 538 573 468 457 450 448 473 488 533 531 522 519 523 524 528 533 538 544 552 561 560 551 540 537 554 566 543 523 503
723 707 699 702 706 702 714 711 711 716 717 715 715 708 710 703 687 678 681 687 673 680 683 679 686 675 660 638 630 634 619 617 600 593 588 584 594 603 580 578 580 583 587 594 590 571 551 549 539 519 551 575 534 461 457 458 481 523 567 560 542 547 546 547 546 545 549 555 557 560 560 552 545 547 555 553 540 525 508
707 707 702 709 715 710 719 722 726 714 715 714 717 715 713 708 699 681 689 690 685 691 689 680 680 669 648 629 633 627 616 602 595 591 582 572 583 577 561 569 569 577 581 584 582 565 555 559 559 529 553 532 557 470 464 463 500 497 509 551 575 581 570 557 558 554 556 560 560 559 556 551 545 541 545 542 528 513 495
705 702 704 715 716 717 719 725 732 720 719 720 718 720 722 714 698 685 701 688 696 698 695 683 672 653 641 627 621 608 598 591 585 589 572 558 556 554 551 556 563 572 583 579 577 571 567 557 558 551 535 517 495 475 471 470 481 515 523 550 575 587 575 568 569 564 560 559 558 555 551 547 541 535 533 527 517 501 481
697 711 706 711 719 724 720 729 737 732 725 726 730 730 729 713 696 693 715 682 685 694 699 684 666 651 635 613 598 601 592 584 574 576 572 554 549 545 545 550 558 570 568 577 584 580 568 556 543 534 535 506 483 479 477 478 483 524 553 589 602 605 593 588 584 571 564 561 558 553 549 544 538 530 523 513 503 491 473
696 709 711 715 723 726 722 731 740 738 746 747 744 740 735 718 702 710 701 680 681 698 698 687 666 645 621 610 605 591 584 575 564 573 574 556 539 538 538 545 552 559 566 573 582 581 572 562 548 550 565 527 489 483 483 515 530 543 565 584 621 607 609 609 596 580 568 561 558 553 548 543 536 527 517 505 492 474 457
705 698 712 723 717 724 722 731 739 740 750 747 741 737 734 722 716 713 697 691 696 700 684 679 665 641 626 612 592 587 593 562 569 577 567 549 538 531 535 540 548 560 571 570 579 582 576 567 561 544 559 556 514 488 488 516 572 540 564 591 596 607 620 624 599 583 570 559 558 553 548 543 535 526 515 502 485 470 456
712 695 704 714 710 720 720 728 735 740 744 738 738 732 728 721 723 703 697 692 673 671 665 666 662 647 633 613 598 593 605 572 581 576 555 542 536 532 529 535 545 560 566 571 568 573 571 567 569 550 551 559 541 499 491 494 517 532 557 576 598 600 607 615 583 570 578 562 558 556 551 545 538 529 518 504 488 472 461
716 705 703 700 707 713 716 724 732 732 734 731 730 724 723 717 721 708 706 685 681 665 654 652 648 633 633 616 599 590 607 597 599 577 549 538 532 534 535 538 544 558 565 569 571 566 560 558 564 557 547 562 551 522 500 506 514 525 546 570 589 595 590 586 570 558 573 571 563 560 556 552 544 536 524 513 496 481 468
726 716 713 704 700 699 710 715 723 722 723 725 716 716 716 720 728 722 718 691 687 667 652 649 629 618 630 615 607 595 600 621 609 582 549 533 531 538 540 545 553 558 558 563 563 561 557 556 558 568 558 577 572 541 520 518 523 530 542 555 569 576 574 566 561 558 572 584 568 563 561 558 553 547 536 523 509 494 482
731 737 720 708 701 694 696 709 713 714 716 715 710 716 720 727 735 749 738 722 700 677 664 649 636 622 645 634 625 625 609 622 631 589 550 532 536 539 542 551 566 572 570 565 557 556 557 555 560 569 578 596 588 568 574 533 531 534 539 544 553 565 565 557 555 556 577 582 575 568 566 565 563 556 547 537 524 510 494
737 751 723 712 686 690 686 685 692 698 702 706 703 712 724 732 737 754 752 756 718 682 668 670 674 655 664 657 650 638 636 628 627 599 548 529 538 545 542 556 583 595 585 566 553 556 554 552 564 575 598 618 616 603 603 566 551 532 533 531 535 560 569 559 557 557 560 570 579 573 572 574 572 569 565 558 546 532 515
747 755 724 705 672 669 678 674 684 695 694 702 700 704 724 733 735 751 752 753 715 697 697 694 693 687 673 659 654 667 680 639 620 598 547 526 533 534 535 555 592 613 601 569 548 552 557 555 567 586 613 618 623 618 616 605 634 577 530 522 527 552 572 581 581 566 565 571 578 581 582 586 588 588 586 580 573 558 545
736 751 723 693 653 651 669 671 671 688 690 695 696 698 719 729 728 747 743 742 726 723 721 717 695 701 685 674 667 686 689 636 597 563 533 524 511 514 513 541 574 597 587 561 544 541 552 559 570 598 607 611 625 619 621 623 647 626 540 525 520 550 578 587 587 578 574 576 582 590 603 605 608 610 612 608 599 589 577
721 727 705 674 654 648 672 666 667 677 685 690 687 692 709 720 721 734 732 734 721 731 723 715 694 692 692 671 668 664 650 603 586 566 538 514 497 489 489 516 544 561 555 547 539 532 541 565 577 590 592 603 603 616 628 636 652 639 557 548 554 580 596 594 592 590 586 587 590 595 604 617 624 632 644 643 637 626 608
697 701 685 667 664 649 660 658 670 680 683 686 681 693 712 711 710 723 723 729 718 724 713 705 692 687 694 675 674 647 624 589 576 540 521 518 510 492 484 489 509 528 536 533 542 519 524 544 550 565 581 581 600 620 627 639 639 622 584 578 594 615 614 606 595 593 594 601 602 605 609 621 631 644 659 672 670 657 634
683 679 670 653 658 652 670 663 673 681 678 682 679 681 697 698 698 714 710 714 703 706 700 698 694 695 689 683 661 629 601 577 553 533 498 500 494 491 469 466 482 514 532 534 523 510 515 525 523 537 560 562 578 608 624 631 618 611 603 608 631 663 652 619 602 591 592 609 613 616 619 626 638 653 675 696 700 676 643
679 667 656 651 668 665 669 666 664 677 672 674 667 670 681 684 686 695 698 705 690 689 694 693 696 695 689 686 673 646 621 575 544 516 492 477 469 461 454 454 477 518 543 546 503 506 505 525 517 520 538 549 571 603 614 609 603 610 616 631 657 701 734 645 615 592 596 614 622 626 631 635 644 663 688 707 717 689 654
672 658 659 660 677 669 665 671 660 673 667 664 652 659 673 673 680 683 686 695 690 683 693 692 690 686 687 686 681 673 649 584 550 520 490 457 448 443 443 456 478 519 534 539 500 504 518 532 529 522 533 539 573 606 594 579 591 605 623 648 674 714 753 705 634 608 602 582 602 627 637 641 648 667 695 713 719 696 661
663 651 658 659 671 671 663 671 650 664 659 653 643 654 667 662 667 672 683 690 679 693 696 692 688 683 685 684 680 667 637 597 568 527 482 455 436 430 459 498 548 544 526 540 519 518 506 516 536 567 545 534 563 583 570 569 587 605 631 654 677 709 733 731 667 629 603 591 584 603 626 632 648 666 690 726 735 708 668
646 648 649 654 664 674 660 661 649 652 651 641 632 653 653 660 664 669 679 683 674 690 698 696 694 694 690 682 684 671 648 624 602 526 479 456 441 435 501 568 552 544 533 525 507 493 485 504 589 627 544 535 568 577 568 574 593 615 639 660 682 703 716 717 687 650 622 601 590 589 601 613 642 676 726 754 764 717 668
