Part_1_SDMs/env_data/future_climate_2070_RCP_8.5/bioclim_3.asc
NCOLS 444 
NROWS 438 
XLLCORNER -19 
YLLCORNER -35 
CELLSIZE 0.166666666666667 
NODATA_value -32768 
[rows 144 to 179 of 438, columns 0 to 82 of 444]
-32768 -32768 -32768 -32768 -32768 -32768 -32768 -32768 -32768 -32768 -32768 -32768 -32768 68 68 68 67 67 66 65 64 64 63 63 62 61 60 60 60 59 60 60 59 59 58 58 58 57 57 57 57 56 56 56 56 57 59 61 63 63 60 58 56 55 54 53 53 53 53 54 54 54 54 54 54 55 55 56 56 56 55 55 55 55 55 55 55 54 53 53 52 52 51
-32768 -32768 -32768 -32768 -32768 -32768 -32768 -32768 -32768 -32768 -32768 -32768 -32768 67 68 67 66 66 64 64 64 63 62 62 62 61 60 59 59 59 59 59 59 59 58 58 58 57 57 57 57 56 56 57 57 58 60 62 64 63 60 58 56 54 53 53 53 53 53 54 54 54 54 54 54 55 55 55 55 55 55 56 55 55 55 54 54 54 53 52 52 51 51
-32768 -32768 -32768 -32768 -32768 -32768 -32768 -32768 -32768 -32768 -32768 -32768 -32768 67 68 67 65 64 63 63 63 62 62 61 61 60 59 58 58 58 58 58 58 58 58 57 57 57 57 57 57 57 57 57 58 59 60 62 62 62 60 58 56 54 52 52 53 54 54 54 54 54 54 54 54 55 56 56 55 56 56 55 55 55 55 55 54 53 53 52 52 52 51
-32768 -32768 -32768 -32768 -32768 -32768 -32768 -32768 -32768 -32768 -32768 -32768 -32768 65 66 67 65 64 63 62 62 62 61 61 60 59 58 57 57 57 56 56 57 57 57 57 57 57 57 57 57 57 57 58 58 59 60 61 61 60 59 57 56 54 52 53 54 55 55 55 54 54 54 54 54 55 56 56 56 55 55 55 55 55 55 55 55 54 54 53 52 52 52
-32768 -32768 -32768 -32768 -32768 -32768 -32768 -32768 -32768 -32768 -32768 -32768 -32768 65 64 64 64 63 63 62 61 61 60 60 59 58 57 57 57 57 56 56 56 56 57 57 57 57 57 57 57 57 58 58 58 58 58 59 60 59 59 58 56 55 54 54 55 56 56 56 55 55 54 53 54 55 56 56 55 55 55 55 55 55 55 55 55 54 54 53 53 53 53
-32768 -32768 -32768 -32768 -32768 -32768 -32768 -32768 -32768 -32768 -32768 -32768 -32768 64 64 64 63 63 62 62 61 61 60 59 58 58 57 57 57 57 56 56 56 56 56 57 57 57 57 57 57 58 57 57 57 57 57 58 58 58 58 58 57 56 56 56 57 58 57 57 56 56 55 54 55 56 56 56 55 55 55 55 55 55 55 55 55 54 54 54 53 53 53
-32768 -32768 -32768 -32768 -32768 -32768 -32768 -32768 -32768 -32768 -32768 -32768 -32768 63 63 63 62 62 62 62 61 60 59 58 57 57 57 56 56 56 56 55 56 56 56 56 57 57 57 57 57 58 58 57 57 56 56 57 57 57 57 58 57 57 57 57 58 59 58 58 58 57 56 57 58 58 58 56 55 55 55 55 55 55 55 55 55 55 54 54 53 54 53
-32768 -32768 -32768 -32768 -32768 -32768 -32768 -32768 -32768 -32768 -32768 -32768 -32768 63 63 62 63 62 62 61 61 60 59 58 57 57 56 56 56 56 55 55 56 56 56 56 57 57 57 57 58 58 57 57 57 57 56 57 57 57 58 58 58 58 58 58 59 59 58 58 59 58 58 59 59 60 59 57 55 55 55 55 55 56 56 55 55 55 55 54 54 54 54
-32768 -32768 -32768 -32768 -32768 -32768 -32768 -32768 -32768 -32768 -32768 -32768 -32768 63 62 62 62 62 62 61 61 60 59 58 57 56 56 55 55 55 55 56 56 56 56 57 57 57 58 58 58 58 58 58 57 57 57 56 57 58 58 59 59 59 59 59 60 59 59 59 60 60 60 61 61 61 58 57 56 56 56 56 56 56 56 56 55 55 55 55 54 54 54
-32768 -32768 -32768 -32768 -32768 -32768 -32768 -32768 -32768 -32768 -32768 -32768 -32768 63 62 62 63 62 62 62 61 60 60 58 57 56 56 55 55 55 56 56 56 57 57 57 57 58 58 58 58 59 59 58 58 57 57 57 57 58 59 59 59 60 60 60 60 60 60 60 61 61 61 61 61 60 59 58 57 56 56 56 56 56 56 56 56 56 55 55 55 55 55
-32768 -32768 -32768 -32768 -32768 -32768 -32768 -32768 -32768 -32768 -32768 -32768 -32768 -32768 63 62 63 63 62 62 62 61 60 59 58 57 56 56 55 56 56 56 57 57 58 58 58 58 58 59 59 59 59 59 59 59 58 58 58 59 60 60 60 60 60 61 61 61 61 61 61 62 61 60 60 59 59 58 58 57 57 57 57 57 57 56 56 56 55 55 56 55 56
-32768 -32768 -32768 -32768 -32768 -32768 -32768 -32768 -32768 -32768 -32768 -32768 -32768 -32768 -32768 63 63 62 63 63 62 62 62 61 60 59 58 57 57 57 57 58 58 58 58 59 59 59 59 60 60 59 59 59 59 59 59 59 59 59 60 60 60 61 61 61 62 62 61 62 61 61 61 60 60 60 59 58 58 57 57 57 57 57 57 57 57 57 56 56 56 56 56
-32768 -32768 -32768 -32768 -32768 -32768 -32768 -32768 -32768 -32768 -32768 -32768 -32768 -32768 -32768 -32768 63 63 63 64 64 64 64 64 63 61 60 60 59 59 59 59 59 59 59 59 60 60 60 61 61 60 60 60 59 59 59 59 59 60 60 60 61 61 62 62 62 62 62 62 62 62 61 60 60 60 59 59 58 58 58 58 57 57 58 57 57 57 58 57 57 57 57
-32768 -32768 -32768 -32768 -32768 -32768 -32768 -32768 -32768 -32768 -32768 -32768 -32768 -32768 -32768 -32768 -32768 63 64 64 65 66 67 68 66 64 63 62 61 61 61 60 60 60 60 60 61 60 61 61 62 62 60 60 59 59 59 59 60 60 60 60 61 62 62 63 63 63 64 64 63 62 61 61 60 60 60 59 59 58 58 58 58 58 58 58 58 58 58 58 58 58 58
-32768 -32768 -32768 -32768 -32768 -32768 -32768 -32768 -32768 -32768 -32768 -32768 -32768 -32768 -32768 64 64 65 65 66 67 67 70 71 70 66 65 64 63 62 62 62 62 61 61 61 62 62 63 63 63 62 61 60 60 59 59 60 59 60 60 61 61 62 62 63 63 64 64 64 64 63 62 61 61 61 60 60 59 59 59 59 58 58 58 58 58 58 59 58 59 59 59
-32768 -32768 -32768 -32768 -32768 -32768 -32768 -32768 -32768 -32768 -32768 -32768 -32768 -32768 -32768 -32768 64 66 66 67 67 68 70 71 70 68 67 65 65 64 64 63 63 63 62 62 63 63 64 66 65 63 62 61 60 59 59 59 59 60 60 61 61 62 62 63 64 64 65 65 64 63 62 61 61 61 60 60 60 60 59 59 59 58 58 58 58 59 59 59 59 59 59
-32768 -32768 -32768 -32768 -32768 -32768 -32768 -32768 -32768 -32768 -32768 -32768 -32768 -32768 -32768 65 65 66 67 67 67 68 69 70 69 67 67 66 66 65 65 64 64 63 63 63 63 64 65 66 66 64 62 61 60 59 59 59 59 59 60 61 61 62 62 63 64 64 64 65 64 63 62 62 61 61 60 60 60 60 59 60 59 59 59 59 59 59 59 59 59 60 60
-32768 -32768 -32768 -32768 -32768 -32768 -32768 -32768 -32768 -32768 -32768 -32768 -32768 -32768 -32768 -32768 65 66 66 67 66 68 68 67 67 66 66 67 67 66 65 64 64 64 64 63 64 64 65 66 65 64 62 61 60 60 60 59 59 59 60 61 61 62 62 62 63 63 64 64 63 63 62 62 61 61 61 61 60 60 60 60 59 59 59 59 59 59 59 60 60 61 60
-32768 -32768 -32768 -32768 -32768 -32768 -32768 -32768 -32768 -32768 -32768 -32768 -32768 -32768 -32768 -32768 -32768 -32768 -32768 -32768 66 -32768 66 65 65 64 64 66 66 65 65 64 64 64 64 64 63 64 65 65 64 64 63 62 61 60 60 59 60 60 60 61 61 61 61 61 62 62 62 62 63 62 62 62 61 61 61 61 60 60 59 59 59 59 59 59 59 60 60 60 60 61 61
-32768 -32768 -32768 -32768 -32768 -32768 -32768 -32768 -32768 -32768 -32768 -32768 -32768 -32768 -32768 -32768 -32768 -32768 -32768 -32768 -32768 -32768 -32768 64 63 62 62 63 65 64 64 64 64 64 64 64 64 64 64 64 64 63 63 62 61 61 60 60 60 60 60 61 61 61 61 61 61 61 61 62 62 62 62 61 61 61 60 60 60 60 59 59 59 59 60 59 59 60 60 60 60 62 62
-32768 -32768 -32768 -32768 -32768 -32768 -32768 -32768 -32768 -32768 -32768 -32768 -32768 -32768 -32768 -32768 -32768 -32768 -32768 -32768 -32768 -32768 -32768 -32768 -32768 61 61 62 63 63 63 63 64 64 64 64 64 65 64 64 63 63 62 62 61 61 61 60 60 60 61 61 61 61 60 61 61 61 61 61 62 62 62 62 61 61 60 60 59 59 59 59 59 59 59 60 60 60 61 61 61 62 62
-32768 -32768 -32768 -32768 -32768 -32768 -32768 -32768 -32768 -32768 -32768 -32768 -32768 -32768 -32768 -32768 -32768 -32768 -32768 -32768 -32768 -32768 -32768 -32768 -32768 -32768 60 60 61 61 62 62 64 64 65 65 65 65 65 64 64 63 62 61 61 61 61 60 60 61 61 61 61 61 61 61 62 62 62 62 62 62 62 61 61 60 60 59 59 59 59 59 59 59 59 60 60 60 61 61 62 62 63
-32768 -32768 -32768 -32768 -32768 -32768 -32768 -32768 -32768 -32768 -32768 -32768 -32768 -32768 -32768 -32768 -32768 -32768 -32768 -32768 -32768 -32768 -32768 -32768 -32768 -32768 -32768 59 58 58 59 62 64 64 65 65 66 65 65 64 63 62 61 61 61 61 61 61 61 61 61 61 61 61 61 62 62 62 62 62 62 62 62 61 61 60 60 59 59 59 59 59 59 59 60 60 60 61 61 62 62 62 63
-32768 -32768 -32768 -32768 -32768 -32768 -32768 -32768 -32768 -32768 -32768 -32768 -32768 -32768 -32768 -32768 -32768 -32768 -32768 -32768 -32768 -32768 -32768 -32768 -32768 -32768 -32768 -32768 58 57 59 61 63 65 65 66 66 65 65 64 63 62 61 61 60 60 60 61 61 61 61 61 61 61 62 62 62 62 62 62 62 62 62 61 61 60 59 59 58 58 58 59 59 60 60 60 61 61 61 62 62 62 62
-32768 -32768 -32768 -32768 -32768 -32768 -32768 -32768 -32768 -32768 -32768 -32768 -32768 -32768 -32768 -32768 -32768 -32768 -32768 -32768 -32768 -32768 -32768 -32768 -32768 -32768 -32768 -32768 -32768 58 59 62 65 65 66 65 66 65 64 63 63 62 61 61 60 60 61 61 61 61 62 62 61 62 62 62 62 63 63 63 62 62 62 61 61 60 59 59 58 58 58 59 59 60 60 60 61 61 61 61 61 62 62
-32768 -32768 -32768 -32768 -32768 -32768 -32768 -32768 -32768 -32768 -32768 -32768 -32768 -32768 -32768 -32768 -32768 -32768 -32768 -32768 -32768 -32768 -32768 -32768 -32768 -32768 -32768 -32768 -32768 -32768 -32768 64 67 66 65 65 65 64 64 63 63 62 61 61 60 60 60 61 61 62 61 61 62 62 62 62 63 63 63 63 63 62 62 61 61 60 59 58 58 58 58 59 59 60 60 60 61 61 61 61 61 61 61
-32768 -32768 -32768 -32768 -32768 -32768 -32768 -32768 -32768 -32768 -32768 -32768 -32768 -32768 -32768 -32768 -32768 -32768 -32768 -32768 -32768 -32768 -32768 -32768 -32768 -32768 -32768 -32768 -32768 -32768 -32768 62 68 65 62 62 63 63 63 63 63 62 61 61 61 61 61 61 61 61 62 61 62 62 62 62 63 63 63 63 63 63 63 62 61 60 59 58 58 58 58 59 59 60 60 61 61 61 61 61 61 61 60
-32768 -32768 -32768 -32768 -32768 -32768 -32768 -32768 -32768 -32768 -32768 -32768 -32768 -32768 -32768 -32768 -32768 -32768 -32768 -32768 -32768 -32768 -32768 -32768 -32768 -32768 -32768 -32768 -32768 -32768 55 58 63 60 58 59 62 63 64 64 63 62 62 62 61 62 61 62 61 61 62 62 62 62 62 63 63 64 64 64 64 64 64 63 62 61 60 59 58 58 59 59 60 60 60 60 61 61 62 61 62 61 61
-32768 -32768 -32768 -32768 -32768 -32768 -32768 -32768 -32768 -32768 -32768 -32768 -32768 -32768 -32768 -32768 -32768 -32768 -32768 -32768 -32768 -32768 -32768 -32768 -32768 -32768 -32768 -32768 -32768 -32768 -32768 -32768 -32768 57 56 60 64 65 65 64 63 62 62 62 62 62 62 62 62 62 62 62 62 62 63 64 64 64 64 64 64 64 64 64 63 62 61 60 60 59 59 60 60 60 61 61 62 62 62 62 62 62 62
-32768 -32768 -32768 -32768 -32768 -32768 -32768 -32768 -32768 -32768 -32768 -32768 -32768 -32768 -32768 -32768 -32768 -32768 -32768 -32768 -32768 -32768 -32768 -32768 -32768 -32768 -32768 -32768 -32768 -32768 -32768 -32768 -32768 -32768 58 64 69 68 66 65 63 62 62 63 63 63 62 62 63 63 63 62 63 63 64 64 64 64 64 65 65 66 65 65 64 63 62 61 61 60 60 60 61 61 61 62 62 62 62 62 63 63 63
-32768 -32768 -32768 -32768 -32768 -32768 -32768 -32768 -32768 -32768 -32768 -32768 -32768 -32768 -32768 -32768 -32768 -32768 -32768 -32768 -32768 -32768 -32768 -32768 -32768 -32768 -32768 -32768 -32768 -32768 -32768 -32768 -32768 -32768 62 68 72 70 68 65 63 61 62 64 63 63 63 63 63 63 63 64 64 64 65 65 65 65 65 66 66 66 66 66 65 64 63 62 62 61 61 61 62 62 62 62 63 63 63 64 63 64 64
-32768 -32768 -32768 -32768 -32768 -32768 -32768 -32768 -32768 -32768 -32768 -32768 -32768 -32768 -32768 -32768 -32768 -32768 -32768 -32768 -32768 -32768 -32768 -32768 -32768 -32768 -32768 -32768 -32768 -32768 -32768 -32768 -32768 -32768 71 74 75 72 69 66 64 63 63 64 64 64 63 63 63 64 64 65 65 66 67 66 66 66 65 66 66 67 68 67 66 65 64 63 63 62 62 62 62 63 63 63 64 64 65 65 65 65 65
-32768 -32768 -32768 -32768 -32768 -32768 -32768 -32768 -32768 -32768 -32768 -32768 -32768 -32768 -32768 -32768 -32768 -32768 -32768 -32768 -32768 -32768 -32768 -32768 -32768 -32768 -32768 -32768 -32768 -32768 -32768 -32768 -32768 -32768 78 80 78 74 70 68 67 65 64 65 65 64 64 64 64 64 65 66 66 67 69 69 67 66 66 67 67 68 68 68 67 66 65 65 64 63 63 63 64 64 64 65 65 66 66 67 67 67 67
-32768 -32768 -32768 -32768 -32768 -32768 -32768 -32768 -32768 -32768 -32768 -32768 -32768 -32768 -32768 -32768 -32768 -32768 -32768 -32768 -32768 -32768 -32768 -32768 -32768 -32768 -32768 -32768 -32768 -32768 -32768 -32768 -32768 -32768 79 81 79 75 72 70 68 67 66 65 66 65 65 65 65 66 67 67 67 68 71 71 69 68 67 67 67 68 68 67 67 66 66 66 65 64 64 64 64 65 65 66 67 67 67 67 68 69 68
-32768 -32768 -32768 -32768 -32768 -32768 -32768 -32768 -32768 -32768 -32768 -32768 -32768 -32768 -32768 -32768 -32768 -32768 -32768 -32768 -32768 -32768 -32768 -32768 -32768 -32768 -32768 -32768 -32768 -32768 -32768 -32768 -32768 -32768 80 79 78 75 73 70 68 68 66 67 67 66 66 65 65 65 68 70 70 71 72 73 72 70 68 68 67 67 67 67 67 67 66 66 66 65 65 65 66 66 66 67 68 68 68 69 70 70 70
-32768 -32768 -32768 -32768 -32768 -32768 -32768 -32768 -32768 -32768 -32768 -32768 -32768 -32768 -32768 -32768 -32768 -32768 -32768 -32768 -32768 -32768 -32768 -32768 -32768 -32768 -32768 -32768 -32768 -32768 -32768 -32768 -32768 -32768 77 -32768 77 75 73 70 67 66 67 67 68 68 68 67 66 66 69 72 72 74 73 75 74 71 70 68 67 67 67 67 67 67 66 66 66 65 66 66 66 67 68 68 69 69 70 71 71 72 72
