Part_1_SDMs/env_data/future_climate_2070_RCP_8.5/bioclim_1.asc
NCOLS 444 
NROWS 438 
XLLCORNER -19 
YLLCORNER -35 
CELLSIZE 0.166666666666667 
NODATA_value -32768 
[rows 70 to 104 of 438, columns 158 to 236 of 444]
307 287 291 298 305 304 302 298 299 298 295 292 299 297 295 295 296 297 295 294 294 295 294 295 294 294 293 284 281 283 286 289 292 295 296 296 297 296 295 294 292 291 289 288 286 283 282 280 279 278 276 274 272 269 266 264 262 259 256 254 254 257 261 261 262 263 264 263 263 264 263 262 261 261 262 262 262 262 263
292 289 279 282 292 292 290 288 292 289 288 294 299 294 292 293 295 297 298 296 295 296 295 295 293 288 278 278 283 286 289 292 294 296 298 298 298 298 297 295 293 291 289 288 287 286 284 282 280 277 276 273 271 268 264 264 262 260 257 256 256 259 262 261 261 261 262 261 261 262 263 262 262 262 262 262 262 263 263
278 275 277 282 289 280 283 283 295 287 285 300 295 292 291 294 296 298 297 297 296 297 296 293 287 280 277 281 285 289 292 293 294 295 297 298 298 297 296 296 294 293 292 289 287 286 284 280 277 276 276 272 268 266 266 264 259 263 261 260 260 260 260 261 259 259 259 259 260 261 261 262 262 262 262 263 263 263 264
280 282 283 289 275 276 278 293 294 298 295 295 291 292 295 298 298 297 294 295 296 295 295 292 282 276 279 283 287 290 291 290 292 293 294 296 296 296 295 295 294 293 291 289 288 285 282 279 278 277 275 270 267 266 268 264 265 267 265 262 262 262 261 264 263 261 261 262 262 262 262 262 262 263 263 264 264 264 265
272 272 272 277 279 278 291 290 290 289 290 292 293 294 297 302 300 299 293 293 295 294 294 292 278 275 279 283 286 288 289 290 292 293 294 294 295 294 294 294 293 292 291 288 288 285 282 280 278 276 273 269 270 270 269 268 271 270 267 263 263 265 266 265 265 265 265 264 264 263 263 262 263 263 264 264 264 265 265
266 270 272 268 273 272 278 277 279 279 284 287 289 292 295 300 302 301 291 290 292 293 293 290 274 275 279 283 285 287 289 290 291 292 293 294 293 293 293 292 292 291 291 288 288 285 282 280 278 274 270 272 272 272 268 271 273 273 269 267 267 268 268 267 266 266 265 264 264 263 263 263 264 264 264 264 265 266 266
275 279 281 270 261 259 270 272 272 272 275 277 281 285 289 294 300 299 289 285 290 291 291 289 282 278 279 282 284 287 289 290 291 292 292 293 293 292 292 292 291 291 290 289 288 284 282 279 276 270 272 275 275 273 270 273 275 274 272 270 270 269 269 268 267 266 265 264 263 263 264 263 264 264 265 265 266 266 267
275 275 271 255 251 264 277 270 268 263 262 264 268 277 281 288 298 297 281 282 287 290 290 288 281 275 278 281 284 286 289 290 289 291 291 292 292 292 292 291 291 291 289 289 288 284 281 278 273 268 276 277 276 275 274 275 275 275 273 273 271 270 269 268 267 266 266 265 264 265 264 263 264 265 265 266 266 267 267
279 277 273 271 267 283 288 286 283 281 274 266 261 266 272 284 299 295 278 284 287 289 290 288 276 274 278 281 283 285 286 287 288 289 290 291 291 291 291 291 291 290 290 290 287 285 281 277 273 273 277 277 277 276 276 276 276 275 274 273 271 270 268 267 267 267 266 266 265 265 265 263 265 265 266 266 266 267 268
284 282 283 282 276 288 292 293 291 290 287 281 275 261 268 279 291 290 278 282 288 289 289 289 283 278 277 280 283 284 285 287 288 289 290 291 291 291 291 291 291 290 290 290 287 284 282 278 275 276 278 278 277 274 275 276 276 275 273 273 271 270 268 267 268 267 266 266 266 266 265 264 266 266 266 266 267 267 268
282 286 288 288 286 292 294 295 295 292 291 289 286 272 257 271 281 292 281 282 286 289 288 289 280 272 276 279 282 284 285 287 289 289 290 290 291 291 291 291 290 290 291 290 287 283 279 278 276 279 279 278 274 274 275 275 274 273 272 271 270 270 269 268 267 267 266 267 266 266 266 265 265 265 265 266 267 268 269
279 283 288 291 292 293 295 296 296 295 294 294 293 286 260 259 275 283 289 281 283 286 287 289 276 270 275 280 281 282 284 287 288 289 290 290 291 291 291 291 291 291 290 288 288 285 280 280 280 280 278 274 270 272 274 273 272 271 271 270 270 269 269 268 268 267 267 267 266 265 266 263 263 264 265 265 266 268 269
280 285 287 289 291 294 296 297 297 298 297 295 296 292 284 262 262 272 283 281 278 283 286 289 283 272 274 277 280 282 284 285 287 289 290 291 291 291 291 291 291 292 290 289 288 286 284 283 282 278 274 268 269 272 272 272 271 270 270 270 269 269 269 268 268 268 267 267 267 266 266 265 261 263 264 265 267 269 270
275 282 282 283 284 290 292 296 298 299 297 296 297 295 290 279 272 272 280 282 278 283 285 288 286 267 273 277 280 282 284 286 288 288 290 290 291 291 291 291 291 291 289 289 287 284 284 284 280 276 269 267 269 271 271 270 270 269 269 270 269 269 269 269 268 268 268 268 267 267 264 261 263 263 264 266 267 269 272
271 277 277 276 279 284 291 296 298 299 298 297 298 298 295 290 286 279 277 281 278 278 280 286 289 280 271 277 280 282 284 286 288 289 290 290 291 291 291 291 291 290 288 287 285 283 285 282 276 275 272 267 270 270 270 269 269 269 269 269 269 269 269 269 269 269 268 268 267 268 265 260 259 259 261 265 267 269 272
272 271 273 277 282 285 289 294 298 299 300 298 299 300 298 293 293 291 282 280 281 274 278 284 287 289 277 276 279 282 285 287 288 289 290 290 291 291 291 290 290 288 288 286 283 283 285 280 274 274 272 271 269 270 269 269 268 268 269 270 270 269 269 270 270 270 269 269 268 264 262 260 257 254 257 264 266 269 273
278 274 275 280 284 288 291 293 295 298 300 300 300 301 301 298 296 295 291 285 280 279 278 281 284 288 288 278 279 282 286 287 289 290 290 290 291 291 290 288 288 287 284 284 283 285 282 274 272 274 272 272 270 270 269 269 269 269 270 271 271 269 271 271 271 271 269 266 268 266 264 265 260 255 257 263 265 271 273
285 279 276 275 282 286 289 290 293 296 298 301 300 301 302 302 300 299 296 292 281 278 279 280 281 285 288 289 283 285 287 287 289 290 291 291 291 290 289 287 286 281 280 283 284 282 277 269 269 271 272 273 272 270 269 270 271 272 272 272 273 272 273 273 273 272 269 266 264 266 268 265 264 259 262 267 267 274 277
287 284 277 272 278 281 285 288 294 298 298 301 301 299 300 303 302 301 300 297 289 286 281 283 280 283 287 289 290 285 287 287 289 290 291 291 291 289 287 284 282 282 283 284 282 277 270 263 265 269 270 272 272 271 272 273 273 273 274 274 274 275 274 274 274 274 269 261 262 262 265 263 263 261 263 271 274 276 278
288 286 277 273 275 278 288 294 297 299 301 303 303 301 300 301 303 304 302 298 295 291 287 286 286 282 286 289 291 286 287 289 290 291 292 291 289 286 284 282 283 282 282 284 281 273 264 259 262 267 269 271 271 272 273 274 275 275 274 275 276 276 276 276 276 275 274 262 263 264 261 262 262 258 269 270 274 277 279
289 289 281 279 279 286 293 296 300 301 303 305 305 303 302 302 304 305 303 300 295 295 291 295 290 287 284 288 291 283 286 288 289 290 289 288 285 282 283 283 283 280 280 283 279 273 263 257 258 265 267 269 272 273 274 275 277 276 275 276 277 278 278 278 277 276 276 270 263 262 259 258 258 259 271 270 276 278 278
292 290 285 284 284 292 296 298 300 302 305 306 306 306 304 303 304 306 305 304 302 300 299 301 296 288 284 288 289 283 284 287 288 288 286 285 282 285 287 286 284 275 281 283 280 273 266 260 260 265 267 270 270 273 274 277 277 277 276 276 278 279 279 278 278 277 276 274 270 259 252 251 253 265 271 273 277 278 279
294 293 292 290 289 294 298 300 302 304 307 308 308 308 305 306 306 307 308 307 306 306 305 303 301 298 293 287 292 288 286 287 287 286 286 285 284 287 288 286 286 282 284 284 281 274 266 261 262 263 267 268 271 273 274 278 278 277 275 276 279 280 279 276 277 277 276 272 269 259 245 241 257 270 274 276 278 277 279
298 298 299 295 294 296 299 301 303 305 307 309 309 309 308 307 308 310 310 310 308 308 309 303 306 303 300 291 292 298 296 293 288 287 286 285 285 285 281 285 288 287 287 285 283 278 270 266 262 261 266 268 271 272 275 279 278 277 276 278 277 278 276 273 274 276 275 273 266 261 241 241 260 274 277 278 278 278 281
301 302 302 297 301 300 302 304 306 308 309 310 311 311 311 309 310 312 312 312 312 310 311 308 308 303 302 293 292 294 293 294 297 295 290 289 286 289 292 291 291 289 290 287 286 282 273 267 263 264 261 266 269 272 276 278 275 276 276 275 272 279 277 270 273 275 271 273 263 255 232 239 263 276 279 278 279 280 281
305 305 304 305 306 305 303 305 307 308 310 308 311 312 312 311 311 314 314 314 313 313 313 312 311 305 304 302 296 297 298 291 291 300 302 300 298 297 295 295 294 292 290 290 288 286 280 269 267 271 267 263 266 271 277 276 274 273 271 272 273 276 278 274 270 274 271 267 259 240 221 224 262 275 278 278 280 281 282
308 308 307 309 309 308 307 307 308 309 309 308 311 313 314 314 314 315 315 315 315 315 314 314 313 312 308 308 299 297 302 302 293 294 298 302 302 301 299 299 296 295 295 292 289 287 282 275 274 276 274 269 264 267 274 275 274 271 266 263 269 268 274 272 266 268 270 262 252 229 233 241 266 276 277 281 282 283 281
311 310 311 311 310 310 309 310 309 309 307 309 312 314 315 315 316 316 316 316 316 316 315 315 314 313 312 310 306 298 299 300 303 298 296 301 302 302 301 300 298 297 297 294 291 289 286 282 280 279 277 271 265 260 268 272 275 273 264 249 262 265 274 268 264 264 258 255 232 234 254 267 272 274 278 282 283 283 281
314 313 313 312 312 312 311 311 311 309 308 311 313 314 316 317 317 317 317 318 317 317 317 316 315 315 314 311 307 300 300 303 299 302 291 300 302 302 302 302 300 299 298 295 293 292 290 287 284 281 281 277 272 257 255 266 272 272 263 245 241 260 270 266 260 245 239 235 232 245 264 274 272 275 281 283 284 284 283
317 316 315 314 314 314 313 313 310 309 311 312 313 314 317 318 318 318 319 319 319 318 318 317 316 316 315 310 310 302 300 302 303 299 293 293 300 304 302 303 302 301 299 297 296 294 292 292 289 284 286 281 272 260 245 261 265 269 265 256 240 254 266 264 260 242 213 209 224 255 271 275 274 278 282 283 285 285 285
319 318 316 314 314 315 316 315 313 313 313 312 313 316 318 320 320 320 320 320 320 319 319 318 317 317 316 314 313 309 300 298 305 296 296 292 298 305 305 302 302 302 301 300 298 296 297 295 292 288 289 286 276 262 240 236 251 259 261 260 258 253 258 264 252 225 200 194 236 261 272 273 274 281 284 286 287 288 288
320 321 319 318 317 319 319 318 317 317 315 313 314 318 320 321 322 321 321 321 320 320 320 319 318 318 317 316 312 313 310 306 305 297 299 294 298 305 306 304 303 303 302 301 299 298 297 296 294 290 290 289 284 265 223 205 226 235 227 232 244 237 236 254 239 221 209 215 248 266 272 273 278 284 287 289 287 290 291
322 322 321 321 320 321 321 320 320 319 316 317 318 320 322 322 323 323 322 322 322 321 320 320 319 318 318 317 315 314 313 311 309 303 304 300 298 301 307 307 307 304 302 301 300 299 298 296 295 293 290 287 287 275 242 217 218 240 223 211 217 226 238 240 244 233 226 226 242 256 266 275 283 288 291 290 288 290 291
324 323 322 321 321 320 319 319 319 319 317 320 321 322 323 324 324 324 324 323 323 322 321 320 320 319 318 318 317 315 315 314 312 311 309 305 302 305 306 307 306 304 302 301 300 299 297 297 295 294 292 291 290 282 265 257 248 260 246 218 205 222 237 224 241 229 229 240 245 260 271 280 287 291 293 290 292 293 294
324 323 321 322 322 319 319 317 318 317 319 321 322 323 324 325 325 326 325 324 323 323 322 321 321 320 319 318 317 316 315 314 313 312 309 309 308 307 300 304 306 304 302 301 300 298 298 297 294 293 294 294 291 285 278 276 279 278 262 243 218 232 269 267 260 230 234 258 263 266 273 283 290 292 296 294 295 296 298
