Part_1_SDMs/env_data/future_climate_2070_RCP_8.5/bioclim_17.asc
NCOLS 444 
NROWS 438 
XLLCORNER -19 
YLLCORNER -35 
CELLSIZE 0.166666666666667 
NODATA_value -32768 
[rows 180 to 215 of 438, columns 243 to 323 of 444]
12 12 12 12 12 11 10 10 10 11 11 11 10 11 11 10 9 9 9 8 8 8 8 7 7 6 6 6 6 5 5 5 4 4 3 4 4 4 4 4 4 4 3 3 3 2 2 1 1 0 0 0 0 0 0 1 1 2 3 3 3 3 4 5 5 6 8 9 10 12 13 14 17 19 20 21 24 30 32 35 59
14 13 13 13 13 12 12 12 12 11 12 12 12 12 12 12 11 10 10 10 10 10 10 9 8 8 7 7 7 6 6 6 6 4 4 5 5 6 6 5 5 4 4 3 2 2 2 1 1 1 1 1 1 1 1 1 2 2 2 2 3 4 5 6 7 9 10 11 12 14 17 18 20 23 25 27 32 38 39 38 57
16 15 14 13 13 14 14 14 14 14 15 15 15 15 15 14 13 13 11 11 11 11 11 11 10 10 9 8 8 7 7 7 6 7 6 6 6 6 6 6 5 5 4 4 3 2 1 1 1 1 1 1 1 1 1 2 2 2 2 3 5 5 6 8 9 10 12 13 15 18 20 22 24 27 29 33 37 41 42 43 46
17 16 15 16 16 17 17 17 17 18 18 17 16 16 16 15 15 14 14 14 14 13 13 13 12 12 11 10 10 8 9 8 8 8 8 7 7 6 6 6 6 5 4 4 4 4 2 1 1 1 1 1 1 1 2 2 2 3 4 5 5 6 8 9 11 12 14 17 19 21 24 26 28 31 33 36 39 42 43 44 48
20 19 18 19 19 19 18 18 19 21 22 21 21 20 19 18 18 17 15 15 15 15 14 14 13 13 12 12 12 11 11 10 10 10 9 8 8 7 7 6 6 5 5 4 3 3 2 2 2 2 2 2 2 2 3 3 3 4 5 6 7 8 9 11 13 15 17 20 23 26 29 31 32 34 37 40 42 45 46 46 48
24 23 21 20 20 19 20 21 23 24 24 25 24 22 22 21 21 20 19 19 18 17 17 16 15 16 15 14 12 12 12 11 11 11 10 10 10 10 9 7 7 6 5 5 4 3 2 2 2 2 2 2 2 3 3 3 3 3 5 7 8 9 11 13 16 18 21 24 28 31 33 35 37 39 41 43 45 46 48 50 54
26 24 23 21 21 22 23 24 26 27 29 29 29 28 26 25 24 24 23 22 21 20 19 18 18 17 17 17 15 15 13 13 13 12 11 11 11 11 10 10 8 7 6 6 5 4 3 3 3 3 3 3 3 4 4 4 4 5 7 8 9 11 13 15 18 21 24 29 33 37 39 40 41 42 44 46 48 50 51 54 80
32 28 24 22 24 24 26 28 29 32 34 33 32 32 31 30 28 28 27 26 25 23 22 22 21 21 21 20 18 17 16 15 14 14 14 13 12 12 11 10 10 9 8 7 6 5 5 4 3 3 3 3 4 4 4 4 5 7 7 9 10 13 14 18 21 24 28 32 37 41 43 44 45 46 48 50 52 54 55 57 76
36 31 26 24 25 27 29 31 34 38 38 37 37 36 35 34 33 33 31 30 29 28 27 26 25 25 24 23 22 21 17 17 17 17 16 16 16 15 13 12 11 10 10 10 9 7 6 6 5 4 4 5 5 5 6 7 8 8 9 10 12 14 17 20 23 27 31 36 40 44 46 48 49 50 51 53 57 58 60 61 64
42 37 31 27 29 31 32 35 38 41 42 42 40 41 40 39 38 38 36 35 34 33 31 30 29 28 27 26 25 23 22 21 20 20 19 19 18 18 16 16 15 12 11 11 11 10 9 9 8 7 8 7 7 7 7 8 8 9 11 12 14 17 19 22 25 30 34 38 42 45 49 50 51 53 55 58 60 64 68 71 71
49 42 37 34 34 35 37 40 42 45 46 46 47 47 47 45 44 44 42 40 39 38 36 34 33 33 31 29 28 27 26 25 23 23 23 22 22 21 20 20 18 15 15 14 12 11 11 11 10 10 10 10 9 9 9 9 11 12 12 14 17 19 22 25 28 32 36 40 44 47 50 53 55 56 59 61 64 74 88 88 84
53 47 43 39 38 40 41 44 45 48 50 52 53 53 52 51 49 48 47 46 44 44 41 39 38 36 35 33 32 31 30 29 29 27 27 26 26 25 23 23 21 19 18 17 15 14 13 12 12 11 11 11 11 12 12 12 12 12 14 16 19 21 24 27 31 35 39 42 46 49 52 54 56 58 60 62 66 84 97 93 104
57 53 49 45 44 44 45 47 49 52 55 58 59 61 60 58 56 54 53 51 50 48 46 45 43 42 40 38 35 34 34 34 34 33 32 32 29 29 28 27 25 22 21 21 20 18 17 17 16 15 15 15 14 14 15 14 15 16 16 19 20 24 26 29 34 37 41 44 48 50 53 56 57 59 63 65 68 79 88 99 105
62 58 55 52 51 50 51 52 55 59 63 66 68 68 67 65 64 62 60 58 57 55 53 51 51 48 45 43 40 38 37 37 39 40 39 37 35 33 31 31 30 27 25 24 24 23 21 20 20 19 18 18 16 17 18 18 18 18 19 21 24 26 29 33 35 38 43 45 49 53 54 57 60 62 64 67 69 76 90 119 107
68 64 61 58 58 57 59 60 64 68 72 76 78 78 77 74 71 71 69 67 64 62 60 58 56 54 51 49 45 42 41 42 45 47 47 44 42 39 36 34 34 31 30 28 27 27 26 25 25 24 23 22 20 20 20 19 20 21 23 23 26 28 31 35 38 41 44 48 50 53 56 59 60 62 64 67 71 73 79 116 117
75 70 66 66 65 64 65 67 72 79 85 90 92 90 87 83 80 79 77 75 71 70 68 65 63 62 60 56 51 47 46 49 52 54 56 52 47 44 41 39 38 36 34 33 32 32 30 29 29 28 27 26 24 24 24 23 23 24 23 25 28 31 33 37 39 42 46 49 52 54 57 60 61 63 66 68 70 75 84 97 98
82 77 73 73 73 71 72 76 83 93 102 108 109 104 98 93 91 87 86 82 80 79 76 75 74 72 69 65 61 57 56 57 59 61 62 58 54 51 47 43 43 42 40 39 37 37 35 34 34 33 33 32 29 28 28 26 26 25 25 27 29 31 34 37 41 44 47 51 53 56 57 60 63 65 66 68 71 74 84 86 89
91 84 82 85 82 79 81 85 95 108 123 133 133 123 111 106 102 99 95 92 87 85 86 85 87 86 84 80 74 70 68 67 67 68 68 66 61 57 53 49 45 45 44 43 43 42 42 41 42 40 39 38 35 33 32 30 28 28 27 26 28 30 36 39 43 46 49 51 54 57 58 61 64 66 67 70 71 73 83 78 81
105 103 103 97 90 88 88 91 104 124 147 164 166 149 129 122 117 112 107 101 96 93 95 98 99 99 99 96 92 85 82 80 78 77 76 73 69 65 60 55 51 49 48 48 49 48 48 50 51 48 46 46 42 38 36 35 32 31 29 27 26 30 37 42 45 48 53 55 55 57 58 61 65 66 72 73 72 73 74 75 77
124 129 128 112 101 98 95 95 112 141 173 203 211 185 160 144 134 127 120 114 110 108 108 111 114 116 115 113 108 101 96 92 88 86 83 80 77 73 67 61 57 55 54 56 56 56 58 61 62 59 56 55 51 44 40 41 36 36 32 31 32 35 41 45 48 50 54 64 56 58 60 60 63 65 71 71 71 71 72 73 71
141 157 152 131 113 110 108 111 129 157 191 224 233 209 184 164 151 141 133 127 123 121 123 125 128 132 134 129 122 115 108 103 100 96 92 89 85 81 76 70 64 62 62 64 65 66 67 70 75 75 70 63 57 51 48 46 43 40 36 35 35 40 48 51 52 53 55 60 63 57 58 60 62 64 68 69 70 71 70 69 59
150 164 162 143 129 125 125 132 147 170 198 222 230 217 198 180 165 153 146 140 135 134 136 137 142 148 150 142 135 127 122 117 112 107 105 100 95 91 85 80 75 72 73 75 76 77 78 81 84 86 80 72 65 59 53 49 47 45 40 37 40 43 53 58 57 59 59 57 57 57 56 63 71 64 64 64 68 78 66 60 50
153 160 158 150 143 139 139 147 161 179 200 216 222 216 203 188 175 164 156 151 147 145 145 146 151 155 154 151 148 139 133 130 125 120 116 110 106 101 96 91 88 86 84 85 86 86 89 91 92 93 91 81 73 66 59 52 50 46 43 40 43 47 52 58 64 68 65 65 59 65 56 58 78 65 56 58 63 70 63 53 43
158 161 161 158 152 150 153 161 173 187 201 212 215 212 204 193 182 172 165 159 155 153 153 155 157 158 159 158 154 150 145 140 137 133 128 123 118 112 107 105 101 99 97 97 98 99 98 98 99 100 97 91 84 76 67 58 51 47 47 48 49 51 58 62 67 72 81 78 78 64 55 51 49 58 58 56 57 68 59 49 40
160 162 165 163 162 162 164 171 180 190 200 208 211 209 204 196 187 178 171 166 162 161 161 161 162 164 165 163 161 157 154 151 150 146 140 136 131 126 122 117 114 113 111 111 110 108 107 108 107 106 103 99 95 88 79 69 61 53 53 54 61 56 61 65 65 71 76 84 116 75 57 53 48 44 44 54 53 60 57 47 38
162 164 167 167 169 170 175 180 187 195 204 207 208 206 202 196 189 183 177 173 169 168 167 166 168 170 170 170 169 167 167 163 163 160 156 150 146 141 137 133 130 129 128 125 123 121 120 118 116 115 112 108 103 101 101 89 72 63 62 63 68 70 65 64 68 73 76 77 82 70 65 58 63 59 62 71 56 52 51 48 38
165 167 171 174 178 180 184 191 196 201 202 205 205 204 201 197 191 185 181 177 174 173 172 172 173 176 179 179 180 179 179 177 176 174 173 171 166 161 155 152 150 148 146 142 138 135 132 129 129 126 122 118 113 111 108 96 85 78 73 70 70 73 68 66 69 74 79 80 78 77 71 66 67 65 58 57 69 60 48 46 42
168 173 179 183 188 192 196 199 203 206 205 205 204 201 197 194 193 188 185 182 179 178 178 178 179 184 187 189 190 190 192 192 192 192 191 189 186 182 178 174 171 170 168 162 156 153 145 144 144 142 136 129 123 118 110 99 105 92 83 78 76 74 70 70 72 77 82 82 78 76 76 74 77 69 62 57 62 56 50 45 49
173 178 186 192 196 200 206 207 210 211 213 212 209 204 198 193 190 187 186 187 185 185 185 186 187 192 196 200 202 203 204 205 208 209 209 210 208 203 200 197 194 190 187 182 175 173 167 162 160 157 149 140 130 126 122 125 128 104 88 84 85 83 78 74 75 76 80 80 80 79 78 77 76 71 64 59 59 58 49 48 63
177 182 191 198 205 209 215 219 221 220 219 217 215 209 202 195 192 189 186 187 187 191 194 196 199 203 205 210 215 216 220 223 224 228 232 233 234 230 223 219 217 212 208 202 196 192 190 187 181 173 165 150 139 135 132 136 132 104 86 84 91 91 88 82 78 80 83 84 85 83 80 80 78 75 68 61 59 61 55 56 68
180 186 195 203 213 221 225 227 227 225 225 221 218 211 206 198 195 193 191 188 190 195 204 208 210 213 217 222 225 231 234 238 243 246 251 257 260 257 249 244 238 231 226 220 213 209 212 207 204 191 177 161 149 139 140 138 127 99 82 83 93 95 95 92 87 90 91 93 89 82 81 81 83 80 74 66 64 64 65 58 58
187 193 203 215 226 234 237 238 237 235 230 227 220 214 210 206 203 202 201 200 201 203 210 216 219 223 229 233 236 242 249 254 260 265 270 278 287 281 272 265 257 250 243 237 229 222 223 223 218 208 195 174 160 150 148 151 131 95 79 78 88 97 100 102 104 104 102 97 90 82 84 83 87 90 80 73 70 68 71 67 50
193 201 211 226 239 247 250 247 245 243 240 232 229 229 224 222 217 215 214 214 214 216 224 228 231 235 239 245 250 254 260 267 272 281 288 293 298 297 290 281 274 266 260 251 244 239 235 233 230 221 207 193 179 163 162 174 141 93 81 71 88 101 106 110 114 114 111 103 93 89 90 90 92 93 90 78 74 73 75 87 59
198 207 220 238 254 266 268 259 253 250 246 245 245 241 238 234 233 232 228 225 228 229 233 238 244 247 252 257 263 267 272 275 280 292 298 304 308 306 302 295 287 279 270 263 257 255 250 245 239 228 212 197 190 177 181 177 160 111 88 85 101 111 116 119 123 122 119 111 102 99 99 99 98 96 91 83 77 76 77 84 75
209 219 235 253 272 289 292 274 264 260 258 258 256 255 252 251 250 248 246 242 241 241 243 247 251 256 259 267 271 275 282 280 286 298 307 312 315 314 312 307 300 293 285 278 274 268 261 253 245 232 214 204 198 188 180 177 178 131 94 102 123 127 128 130 134 136 136 131 126 116 111 109 108 107 101 88 79 78 78 80 79
232 242 256 273 290 305 307 292 281 276 275 272 269 267 265 264 259 257 257 258 258 257 256 257 261 266 265 272 273 279 286 288 288 298 313 317 322 319 319 316 312 306 300 292 285 271 268 260 255 240 220 216 212 197 184 190 185 116 92 106 127 137 141 144 146 150 155 145 132 127 122 119 119 120 117 100 96 86 83 84 77
