Part_1_SDMs/env_data/future_climate_2070_RCP_8.5/bioclim_18.asc
NCOLS 444 
NROWS 438 
XLLCORNER -19 
YLLCORNER -35 
CELLSIZE 0.166666666666667 
NODATA_value -32768 
[rows 140 to 174 of 438, columns 316 to 394 of 444]
57 62 67 70 74 77 81 83 87 88 88 89 90 93 101 110 119 131 140 156 169 166 181 189 192 211 222 213 213 220 207 193 178 174 164 150 108 117 69 56 59 60 63 60 59 57 -32768 -32768 -32768 -32768 -32768 -32768 -32768 -32768 -32768 46 53 73 99 238 273 248 274 278 264 247 215 102 86 80 71 55 46 33 28 45 40 34 33
63 68 73 77 81 86 90 93 97 98 99 100 102 104 113 124 136 149 157 167 170 170 183 196 200 217 243 251 228 221 207 209 202 191 177 163 124 141 110 60 60 66 85 89 76 65 58 -32768 -32768 -32768 -32768 -32768 -32768 -32768 -32768 63 78 103 138 90 261 295 145 290 282 254 216 184 87 77 127 53 98 79 62 54 44 41 41
67 74 79 84 89 94 99 104 106 110 112 113 112 115 125 135 147 159 168 173 176 192 191 201 207 214 250 277 263 245 227 219 212 204 194 182 153 139 80 70 61 64 83 108 103 82 62 57 -32768 -32768 -32768 -32768 -32768 -32768 -32768 -32768 101 130 61 113 132 148 147 317 303 257 229 102 86 74 124 52 102 85 75 75 63 60 51
73 81 87 92 97 102 106 110 114 119 31 31 32 34 39 45 52 57 59 61 63 65 66 60 62 66 255 290 274 241 218 227 221 210 200 191 163 95 85 83 66 63 69 98 124 100 67 58 -32768 -32768 -32768 -32768 -32768 -32768 101 -32768 115 141 66 97 113 161 183 339 312 264 122 102 82 71 126 114 109 97 91 71 59 38 23
81 87 93 99 105 111 115 119 124 27 32 34 36 40 44 49 55 61 65 68 78 80 71 64 65 68 77 271 270 258 246 236 226 212 203 187 173 98 89 90 73 68 65 82 129 114 76 62 58 57 -32768 -32768 -32768 -32768 86 -32768 120 133 165 81 128 190 196 185 164 137 122 101 76 72 126 105 100 51 39 28 18 12 12
88 93 98 104 112 120 127 132 28 30 34 38 42 46 50 55 59 64 66 68 75 94 91 70 70 74 75 77 78 252 249 247 239 227 199 173 154 88 94 101 80 86 69 66 89 113 92 93 75 65 58 -32768 -32768 -32768 79 -32768 -32768 114 131 93 145 185 204 189 168 132 120 98 69 69 51 37 48 40 35 26 16 10 9
91 97 102 107 116 128 138 143 31 33 35 41 47 52 58 61 65 68 70 72 78 92 103 85 77 82 80 83 90 81 243 249 241 217 184 164 137 93 103 56 84 93 84 62 65 76 103 126 127 83 61 54 -32768 -32768 68 -32768 -32768 91 104 176 111 169 197 159 139 105 93 57 40 46 39 38 42 55 41 28 10 6 5
93 100 103 108 117 128 140 29 33 35 38 44 51 58 63 69 72 74 78 78 86 111 132 94 87 89 93 286 277 89 218 219 211 194 165 142 118 171 110 74 92 83 77 64 68 64 82 142 166 87 67 52 48 -32768 -32768 -32768 -32768 73 88 128 87 165 193 140 94 60 77 47 42 32 20 12 15 23 6 4 4 4 4
98 103 104 107 115 128 141 28 33 36 42 48 55 64 71 5 80 80 80 83 85 89 113 103 107 117 297 306 304 245 198 204 193 170 142 121 106 161 112 81 102 86 72 68 84 63 74 151 143 84 71 54 46 39 -32768 -32768 -32768 57 69 96 153 130 175 140 107 81 48 36 20 7 5 3 -32768 -32768 -32768 -32768 -32768 -32768 -32768
103 109 107 104 113 129 24 29 34 39 45 52 60 71 7 6 6 8 88 89 94 96 92 106 134 147 291 287 267 214 192 177 166 151 130 248 206 167 113 94 59 107 87 84 71 64 62 100 80 80 99 74 68 44 31 30 -32768 46 49 71 124 153 185 138 77 55 30 18 9 3 2 -32768 -32768 -32768 -32768 -32768 -32768 -32768 -32768
110 115 115 112 119 22 27 32 38 43 49 57 65 6 6 8 7 8 12 98 104 106 103 124 157 134 117 122 105 198 189 171 152 140 286 269 189 158 120 78 65 73 97 77 65 63 60 68 62 77 96 86 82 50 31 30 31 -32768 35 44 67 72 63 51 47 34 21 14 8 -32768 -32768 -32768 -32768 -32768 -32768 -32768 -32768 -32768 -32768
117 31 29 26 25 27 31 36 42 48 55 62 69 7 7 7 8 10 12 102 119 117 139 159 155 116 101 99 101 189 174 167 149 141 289 232 180 159 116 73 68 67 106 85 72 72 73 72 63 84 95 91 78 56 41 33 28 -32768 25 29 34 37 40 33 25 21 16 14 12 -32768 -32768 -32768 -32768 -32768 -32768 -32768 -32768 -32768 -32768
35 36 35 33 32 34 38 43 48 54 61 67 74 8 9 9 10 11 14 112 134 142 155 154 129 105 100 101 102 185 175 166 152 263 284 216 178 147 110 75 77 65 117 111 90 90 86 80 70 86 100 100 107 83 60 47 31 25 22 -32768 -32768 24 24 23 22 -32768 -32768 -32768 -32768 -32768 -32768 -32768 -32768 -32768 -32768 -32768 -32768 -32768 -32768
39 40 41 39 39 41 44 49 54 60 67 73 80 9 10 11 12 12 15 112 129 123 122 130 116 94 97 99 188 185 177 169 338 265 268 201 179 137 115 91 79 65 65 135 121 99 87 93 103 98 93 104 121 94 75 68 45 26 21 -32768 -32768 -32768 -32768 -32768 -32768 -32768 -32768 -32768 -32768 -32768 -32768 -32768 -32768 -32768 -32768 -32768 -32768 -32768 -32768
42 44 45 44 45 47 52 56 61 67 74 80 88 11 15 23 15 16 110 114 113 107 101 97 125 116 102 100 185 178 173 160 327 298 254 210 191 143 118 102 88 74 63 123 116 106 99 86 94 81 90 95 91 96 93 88 59 31 20 -32768 -32768 -32768 -32768 -32768 -32768 -32768 -32768 -32768 -32768 -32768 -32768 -32768 -32768 -32768 -32768 -32768 -32768 -32768 -32768
48 49 49 49 51 54 59 64 69 74 82 90 95 14 17 20 18 119 122 121 104 96 90 84 78 84 118 121 188 174 169 160 362 378 309 238 204 151 127 114 100 80 62 52 96 96 93 98 95 90 97 84 89 98 102 82 47 24 20 -32768 -32768 -32768 -32768 -32768 -32768 -32768 -32768 -32768 -32768 -32768 -32768 -32768 -32768 -32768 -32768 -32768 -32768 -32768 -32768
55 56 56 55 57 62 67 73 78 83 91 99 104 111 19 21 120 122 126 121 99 90 86 83 81 103 130 136 218 187 175 163 333 352 340 441 228 168 137 119 106 87 71 54 92 83 82 86 85 97 109 99 88 111 104 84 45 21 19 -32768 -32768 -32768 -32768 -32768 -32768 -32768 -32768 -32768 -32768 -32768 -32768 -32768 -32768 -32768 -32768 -32768 -32768 -32768 -32768
65 67 65 64 66 73 78 85 91 95 100 107 115 124 23 136 130 133 126 115 101 88 90 95 98 113 166 311 267 215 200 181 421 393 366 489 250 187 145 127 118 97 81 58 45 80 77 100 110 91 105 92 69 131 63 43 37 20 -32768 -32768 -32768 -32768 -32768 -32768 -32768 -32768 -32768 -32768 -32768 -32768 -32768 -32768 -32768 -32768 -32768 -32768 -32768 -32768 -32768
73 79 80 78 78 83 89 96 103 108 110 119 129 137 148 154 149 147 146 131 112 106 109 117 139 156 156 294 234 206 185 193 386 352 551 538 260 203 157 136 118 101 83 61 51 85 75 81 133 93 107 84 61 59 45 37 21 17 16 -32768 -32768 -32768 -32768 -32768 -32768 -32768 -32768 -32768 -32768 -32768 -32768 -32768 -32768 -32768 -32768 -32768 -32768 -32768 -32768
83 96 99 94 93 95 100 106 118 125 124 26 28 39 175 183 167 163 154 140 132 134 138 127 133 316 279 275 228 196 189 187 364 352 346 328 291 250 185 152 121 97 81 63 67 59 87 86 104 112 94 82 73 70 51 43 26 17 16 -32768 -32768 -32768 -32768 -32768 -32768 -32768 -32768 -32768 -32768 -32768 -32768 -32768 -32768 -32768 -32768 -32768 -32768 -32768 -32768
91 102 108 107 109 109 111 113 125 31 28 29 31 37 177 186 186 178 170 163 158 181 181 166 137 281 258 254 232 199 198 202 199 390 370 595 544 288 218 164 124 103 84 70 67 52 44 104 96 104 100 83 77 67 62 46 30 20 17 17 -32768 -32768 -32768 -32768 -32768 -32768 -32768 -32768 -32768 -32768 -32768 -32768 -32768 -32768 -32768 -32768 -32768 -32768 -32768
99 109 116 27 28 28 27 29 28 29 29 30 33 35 179 193 206 184 208 245 217 230 245 199 155 311 265 248 220 214 213 212 229 211 410 609 344 295 249 174 126 109 95 79 81 69 58 50 99 98 46 41 85 96 87 56 36 26 21 18 -32768 -32768 -32768 -32768 -32768 -32768 -32768 -32768 -32768 -32768 -32768 -32768 -32768 -32768 -32768 -32768 -32768 -32768 -32768
103 26 31 33 33 33 32 34 31 30 34 36 39 38 43 207 206 201 245 284 283 243 198 230 206 339 313 300 240 217 244 245 246 228 219 414 332 318 238 187 134 129 112 97 91 74 80 64 65 54 50 50 92 101 88 64 43 33 27 23 21 -32768 -32768 -32768 -32768 -32768 -32768 -32768 -32768 -32768 -32768 -32768 4 4 -32768 -32768 -32768 -32768 -32768
26 30 34 37 40 40 37 38 34 34 37 59 54 44 47 216 215 218 232 235 243 210 191 229 260 269 214 174 159 222 234 223 214 215 209 419 364 338 276 207 139 145 130 123 81 81 81 84 74 80 77 67 111 105 88 72 52 43 34 28 23 21 -32768 -32768 -32768 -32768 -32768 -32768 -32768 -32768 4 6 10 7 4 4 3 4 7
29 32 36 40 46 51 42 40 36 38 43 62 87 52 56 217 213 214 212 233 213 193 200 214 250 254 212 186 154 163 173 217 216 210 209 208 207 346 304 205 147 142 145 118 107 102 97 85 81 84 84 82 132 124 123 98 74 60 47 37 29 24 20 18 -32768 -32768 -32768 -32768 5 7 6 8 11 15 18 14 12 7 9
31 34 37 40 50 59 50 43 40 39 43 49 63 50 59 51 190 194 198 208 201 211 212 215 218 218 208 195 168 160 158 161 214 212 212 207 210 234 336 201 156 146 148 120 115 112 112 96 93 87 85 91 159 154 152 169 143 109 86 63 44 33 25 20 14 11 9 6 8 13 9 12 17 21 53 33 20 14 14
33 35 36 43 55 71 59 50 48 43 42 44 52 50 56 53 233 229 216 206 191 201 215 203 202 211 204 183 158 177 171 161 222 219 210 203 209 273 366 233 154 137 139 117 123 122 117 101 95 93 154 152 158 183 200 201 212 180 132 88 65 53 38 28 21 19 18 19 20 15 14 17 14 19 29 26 19 21 18
33 36 38 42 50 71 59 54 55 49 42 44 46 47 47 62 77 271 255 259 237 179 172 168 201 184 169 163 161 164 159 163 174 228 220 202 215 429 356 224 151 141 195 151 126 125 118 110 104 102 167 165 168 181 162 182 181 176 158 172 144 110 97 63 46 46 42 42 42 28 45 39 20 21 34 27 24 24 26
35 37 39 41 50 70 63 61 69 67 50 48 45 47 56 86 91 326 287 274 291 211 178 167 167 152 163 199 191 189 165 160 171 218 223 203 227 343 366 189 150 165 146 135 133 128 125 117 116 187 182 134 153 155 154 166 175 180 164 168 162 133 134 107 78 71 70 97 112 87 79 63 53 39 44 42 41 30 32
37 41 45 48 53 74 13 66 75 76 70 65 49 49 52 80 85 84 252 249 315 244 194 193 184 172 168 184 191 218 196 179 216 195 201 190 220 288 247 181 170 152 143 151 157 144 140 149 149 219 147 158 191 208 218 210 199 198 189 183 163 150 130 103 92 89 93 101 91 72 59 49 43 36 32 32 35 37 32
38 45 60 61 63 19 15 67 73 79 93 89 60 54 51 55 60 67 74 276 328 252 212 189 197 197 178 189 170 184 192 187 215 193 171 174 231 242 203 157 157 153 166 175 175 179 179 190 190 204 234 238 247 256 256 228 210 193 182 179 163 149 135 122 91 83 77 73 67 58 47 37 32 28 24 24 27 26 23
38 43 54 73 86 89 85 74 74 81 86 93 70 57 55 61 64 72 80 102 320 257 224 194 180 184 188 203 204 189 197 191 221 198 181 211 249 206 178 148 152 193 228 236 275 291 320 270 267 255 251 247 250 254 229 218 215 197 174 202 191 184 170 115 80 69 61 56 50 47 42 34 28 23 20 20 18 17 17
41 44 46 54 76 93 77 74 75 80 84 88 85 83 61 68 83 92 120 125 306 286 244 210 192 198 242 229 230 225 214 206 231 218 209 222 220 150 164 157 185 308 278 309 367 296 289 281 302 249 234 224 235 237 209 241 241 241 224 208 190 176 166 157 144 62 53 46 41 38 38 134 28 22 20 18 18 16 13
43 45 57 73 77 94 84 91 89 88 92 93 92 89 68 72 116 138 154 141 137 151 296 243 134 230 241 231 227 232 228 214 197 228 212 201 156 132 173 174 236 309 379 390 367 302 275 270 273 252 225 211 214 217 221 228 229 236 221 208 195 178 165 155 147 139 134 127 37 116 121 130 128 115 113 24 20 17 13
45 47 52 55 70 103 127 104 84 85 100 107 107 95 81 84 131 143 125 149 155 149 155 171 160 250 241 216 216 226 217 213 192 186 206 176 214 210 202 233 285 349 398 339 316 287 263 271 246 235 215 205 208 206 207 214 210 218 215 209 192 184 174 161 153 148 143 133 122 114 113 119 120 118 114 103 16 13 12
