Part_1_SDMs/env_data/future_climate_2070_RCP_8.5/bioclim_7.asc
NCOLS 444 
NROWS 438 
XLLCORNER -19 
YLLCORNER -35 
CELLSIZE 0.166666666666667 
NODATA_value -32768 
[rows 70 to 104 of 438, columns 237 to 315 of 444]
365 366 366 367 367 368 367 368 369 370 370 371 371 371 370 370 368 367 366 365 365 364 363 365 365 366 367 369 369 370 372 373 374 373 374 372 371 370 368 367 365 364 364 363 362 361 360 360 360 358 357 357 356 354 353 352 351 350 349 349 349 349 351 352 355 357 360 362 363 364 363 362 361 355 343 329 314 300 286
366 366 366 366 365 366 367 367 367 368 369 370 370 369 368 367 366 366 365 364 364 363 362 363 365 366 367 368 369 369 371 372 373 372 372 372 371 370 368 367 366 365 365 363 363 363 362 362 361 360 359 358 357 355 354 353 352 351 350 350 350 352 353 355 357 360 363 365 367 368 368 369 368 364 351 335 319 303 288
366 365 365 365 365 366 365 366 366 366 366 366 366 366 366 365 365 364 364 364 363 362 362 363 364 365 366 367 368 369 369 371 371 371 371 371 370 370 369 367 367 366 365 364 364 363 363 362 362 361 360 359 358 356 355 354 353 352 351 351 351 353 355 357 359 361 364 367 369 371 372 371 369 367 356 340 323 306 291
365 365 365 365 364 364 364 363 363 362 363 363 363 362 363 362 363 362 363 362 362 361 362 362 363 364 366 366 367 367 368 368 369 370 370 370 370 369 368 367 367 366 366 365 365 365 364 364 363 362 361 360 359 358 356 355 354 353 352 352 352 353 356 358 360 362 365 368 369 370 371 372 373 370 357 342 326 310 295
364 364 364 364 363 362 361 360 360 360 360 359 359 359 359 359 360 360 361 361 362 362 362 363 363 364 365 366 367 366 367 367 367 367 368 368 368 367 367 367 367 367 367 367 366 366 366 365 364 363 363 362 360 358 357 356 355 353 351 351 352 354 357 358 361 363 365 367 368 370 371 374 373 368 355 341 328 313 299
364 364 363 362 361 360 359 359 358 356 356 355 355 356 357 357 358 359 359 360 361 361 362 363 363 363 364 364 365 365 365 365 365 365 365 365 366 367 367 367 367 367 367 367 367 367 367 366 365 364 364 363 361 359 358 356 354 353 352 352 353 354 357 359 361 362 364 366 367 367 369 370 368 362 353 342 329 316 302
364 363 362 360 359 359 358 356 355 353 353 352 352 353 353 354 356 357 358 360 360 361 362 362 363 363 363 363 363 364 364 364 363 363 364 364 365 365 366 367 367 367 368 367 367 367 368 367 366 365 365 363 361 360 358 357 354 353 353 352 353 355 357 359 360 362 363 364 365 365 366 365 364 358 351 340 329 317 305
363 362 360 359 358 357 355 353 352 351 350 349 348 349 350 352 353 354 356 358 359 360 361 362 362 362 362 362 362 362 362 363 362 362 362 363 363 364 365 365 366 366 367 368 368 369 368 367 367 366 365 364 362 361 359 357 355 354 354 353 354 355 357 358 360 361 362 363 363 364 363 362 360 355 348 339 329 318 307
361 360 359 358 356 354 353 352 351 349 348 347 347 347 349 350 351 353 354 355 357 358 360 361 361 361 361 360 360 361 360 360 361 361 361 362 363 364 364 365 366 367 367 367 368 369 368 367 367 366 365 364 363 361 359 357 356 355 354 354 355 356 357 358 359 360 361 361 361 361 360 359 356 352 345 338 329 319 309
360 359 358 356 354 353 352 351 349 347 347 346 346 347 347 349 349 351 352 353 355 356 357 358 358 358 359 359 359 360 360 360 360 361 362 362 363 364 365 365 366 367 367 368 368 368 368 368 367 367 365 364 363 361 360 359 357 356 355 355 355 357 357 358 358 359 360 360 359 360 359 356 354 350 344 337 328 320 310
359 358 356 355 353 352 350 349 348 347 346 346 345 344 345 346 347 349 350 351 352 354 355 356 356 356 357 357 358 358 359 360 360 361 361 362 364 365 365 366 366 367 368 367 368 368 368 368 367 367 366 365 363 362 361 360 358 357 356 356 356 356 358 358 359 359 360 359 359 358 357 354 351 348 343 336 329 320 310
358 356 354 353 351 350 349 348 347 347 346 344 344 345 345 346 346 346 347 348 349 351 351 353 353 353 354 356 357 358 358 359 360 362 362 363 364 365 366 366 367 367 367 368 368 369 369 368 367 367 366 365 364 362 362 361 359 358 357 357 357 357 357 358 358 358 358 357 357 356 355 353 350 347 343 337 328 320 310
356 354 353 351 350 349 348 347 347 346 345 344 345 344 344 345 344 345 345 346 346 348 349 349 350 351 352 353 356 357 358 359 360 362 363 363 364 365 366 366 366 367 367 367 367 368 369 369 368 367 366 365 364 363 362 362 361 359 358 358 357 357 358 357 357 357 358 356 356 355 353 351 348 346 343 336 328 319 310
353 352 351 350 349 349 347 347 347 346 345 345 345 344 344 344 343 343 344 345 345 345 346 347 348 349 351 352 354 356 357 359 360 362 364 365 365 366 366 366 366 367 367 367 368 369 369 368 368 367 366 365 364 364 363 362 361 360 358 358 358 357 357 357 357 357 357 356 354 353 352 349 346 343 339 333 326 318 310
352 351 350 348 348 348 347 347 346 345 345 345 345 344 344 344 343 343 343 344 343 343 344 344 345 347 349 351 354 355 357 358 360 362 364 365 365 366 366 366 367 367 367 367 368 368 368 368 368 367 366 365 364 364 363 362 362 361 360 358 358 357 357 356 356 356 355 354 353 351 349 347 343 340 336 330 323 316 308
351 350 348 348 348 347 347 346 346 345 345 345 345 344 344 344 343 342 342 342 342 342 342 343 344 345 347 349 353 355 357 358 360 362 364 365 365 365 365 366 366 366 366 366 367 368 368 368 367 367 366 365 365 364 363 362 362 361 359 358 357 357 357 357 355 355 354 353 351 349 347 344 340 336 332 326 320 314 307
350 349 348 348 347 347 346 346 346 345 345 345 345 344 343 343 342 342 342 342 342 342 342 343 344 345 347 349 351 354 356 358 360 362 364 364 365 365 365 366 366 366 367 367 367 368 367 367 366 366 366 365 364 363 362 362 361 360 359 358 357 356 356 356 354 354 353 352 350 348 344 342 338 334 329 324 318 311 305
349 348 347 347 346 346 345 345 345 345 345 344 344 343 343 342 342 342 342 342 342 343 343 344 344 346 347 349 351 353 355 357 358 361 362 363 363 364 364 365 366 366 366 366 366 367 367 367 366 365 365 365 364 363 362 361 360 359 359 358 357 356 355 355 353 352 351 350 348 346 343 340 336 331 326 321 315 309 302
348 348 347 346 345 345 344 345 345 345 344 343 343 343 343 342 342 343 343 343 343 344 344 345 346 347 348 349 351 352 354 355 357 360 361 361 362 362 363 364 365 365 365 365 365 366 366 366 366 365 365 365 363 362 361 361 360 359 358 357 355 355 354 354 353 351 349 348 346 344 341 337 333 328 323 318 312 306 300
348 347 347 345 344 344 344 344 344 344 343 343 343 343 343 342 343 343 343 344 344 344 345 346 347 348 349 349 351 352 353 355 356 358 359 360 360 361 361 362 363 364 364 364 365 365 365 365 365 365 365 364 362 361 360 360 359 358 356 356 355 354 353 352 351 350 349 347 345 342 339 335 330 326 320 315 309 303 297
347 347 345 345 344 344 343 343 343 343 342 342 342 342 343 342 343 343 344 345 345 346 347 348 348 349 349 350 351 352 353 354 355 357 358 358 359 359 360 361 361 362 363 364 364 364 365 365 364 364 364 363 362 360 360 359 358 356 355 355 354 352 351 351 350 349 347 345 343 341 337 333 328 323 318 312 306 301 295
346 345 344 344 344 343 342 342 341 341 341 341 342 342 342 343 343 343 344 346 346 348 348 348 349 349 349 350 351 351 352 353 355 355 356 357 358 358 359 359 360 361 362 363 363 363 364 364 363 363 363 363 361 360 359 358 357 355 354 354 352 351 350 349 348 347 345 344 341 338 335 331 326 321 316 310 305 298 293
344 344 343 343 342 342 341 341 340 341 341 340 340 341 341 342 343 343 345 346 347 348 349 349 350 350 350 350 350 351 352 353 353 353 354 355 356 357 357 358 359 360 361 362 362 362 364 363 363 362 362 362 361 359 358 357 356 354 353 352 351 349 348 347 346 345 344 342 340 337 333 329 324 320 314 308 302 296 291
343 343 342 342 340 341 340 339 339 339 339 340 339 339 340 342 342 343 345 345 347 348 349 350 350 350 350 351 351 351 352 352 352 352 353 354 355 355 356 357 358 359 360 361 362 362 363 363 362 362 362 362 361 359 358 356 355 354 352 351 350 348 346 345 344 342 342 340 337 334 331 327 323 318 313 307 301 295 290
341 340 340 340 339 339 338 337 337 337 337 337 337 338 339 340 341 343 344 345 346 348 349 350 350 350 350 350 351 351 351 351 351 351 351 353 354 354 355 356 357 358 359 359 361 362 362 362 362 362 361 361 360 359 357 355 354 353 352 350 349 347 345 343 341 340 339 337 335 332 329 325 321 316 312 305 300 295 290
338 338 338 337 337 337 336 336 335 335 335 336 336 336 338 338 340 342 343 344 346 347 348 349 349 350 349 350 350 349 349 350 350 349 351 352 352 353 354 355 356 357 358 359 360 361 361 361 362 361 361 360 360 359 358 356 354 353 352 350 348 346 343 340 338 337 336 335 333 330 327 323 319 315 310 305 300 296 291
336 336 336 336 335 334 334 334 333 333 333 333 334 335 336 337 338 340 342 344 345 346 347 348 348 349 349 349 349 348 349 349 349 349 349 350 351 352 353 354 355 356 358 359 359 360 361 361 361 361 360 359 359 359 358 356 355 353 352 350 347 345 343 339 336 335 335 333 331 328 325 322 318 314 309 304 300 296 292
334 334 333 333 333 332 332 332 330 331 330 331 332 333 334 335 337 339 341 342 344 345 346 346 348 347 348 348 348 347 347 347 348 348 348 349 350 351 351 352 354 355 357 358 358 360 360 360 360 360 360 360 359 358 357 357 354 353 351 350 347 345 342 338 335 333 333 331 329 327 323 321 317 313 308 304 300 296 292
331 331 331 330 330 330 329 330 328 328 328 328 329 330 332 333 335 337 339 341 342 344 345 346 346 346 346 346 346 346 346 346 347 347 347 348 349 350 350 352 353 355 357 357 357 358 359 360 359 359 359 359 359 358 357 356 354 353 351 349 347 344 341 338 335 333 331 329 327 325 321 319 316 312 308 304 300 297 293
329 329 328 327 327 327 326 326 326 326 326 326 327 328 330 332 333 335 338 339 341 343 343 344 344 345 345 345 345 345 345 345 346 346 346 347 348 349 350 351 353 354 356 356 356 357 358 358 359 359 359 359 359 358 357 356 354 353 351 349 346 344 342 338 336 333 330 328 326 323 320 317 314 311 308 304 300 298 294
326 326 325 324 324 324 323 324 324 324 324 324 325 326 328 330 332 334 336 337 339 341 341 342 343 344 344 344 344 344 344 345 344 345 346 347 347 349 349 351 352 353 355 355 356 356 357 358 358 359 359 359 358 358 357 357 355 353 352 349 347 344 342 339 336 333 330 327 325 322 318 316 314 310 307 304 300 297 295
322 322 322 321 321 321 321 322 322 322 323 323 324 325 326 328 330 333 334 336 337 338 340 341 342 342 343 344 344 343 343 343 344 344 344 345 347 348 349 350 351 353 354 354 355 356 356 357 359 359 359 359 359 358 357 357 355 354 352 350 347 345 343 339 336 333 330 327 324 321 318 316 313 309 306 303 300 296 293
319 318 318 318 318 319 319 320 320 320 321 322 323 324 325 327 328 331 332 334 334 336 337 338 340 340 341 341 342 342 343 343 343 343 344 345 346 347 348 350 351 352 353 353 354 355 356 356 357 358 358 358 358 358 358 357 356 354 352 351 348 346 343 339 336 333 330 327 324 320 317 315 312 308 305 301 299 296 292
315 315 315 315 316 317 317 318 318 319 320 320 322 323 324 325 327 328 330 331 333 334 335 337 338 338 339 340 341 341 341 342 343 343 345 345 346 347 348 349 350 351 352 352 353 354 355 356 356 357 358 358 359 359 358 357 356 355 353 351 349 346 344 340 337 334 331 327 324 320 317 314 312 308 304 301 298 294 291
312 312 312 312 313 314 315 316 317 318 319 319 320 321 322 324 325 326 327 329 330 332 333 334 335 337 337 338 339 339 341 341 342 343 343 344 346 347 347 347 349 350 351 352 353 354 354 355 356 357 357 358 358 358 357 357 357 356 354 352 350 347 344 341 338 334 331 327 323 320 317 314 311 307 304 301 297 293 290
