Part_1_SDMs/env_data/future_climate_2070_RCP_8.5/bioclim_18.asc
NCOLS 444 
NROWS 438 
XLLCORNER -19 
YLLCORNER -35 
CELLSIZE 0.166666666666667 
NODATA_value -32768 
[rows 105 to 139 of 438, columns 0 to 78 of 444]
-32768 -32768 -32768 -32768 -32768 -32768 -32768 -32768 -32768 -32768 -32768 -32768 -32768 -32768 -32768 17 19 20 22 23 25 27 28 30 32 33 35 38 40 42 44 28 29 31 33 34 34 33 31 28 26 26 26 26 26 26 26 26 26 26 26 25 25 25 24 23 23 22 22 22 22 21 21 20 20 19 19 19 18 18 18 17 17 16 16 15 15 15 15
-32768 -32768 -32768 -32768 -32768 -32768 -32768 -32768 -32768 -32768 -32768 -32768 -32768 -32768 -32768 -32768 21 22 24 26 27 29 31 34 36 38 40 42 44 45 29 30 32 33 34 36 35 35 33 30 29 28 28 28 29 29 29 29 29 29 28 28 28 27 27 26 26 25 24 23 23 22 22 22 21 21 21 20 19 19 19 18 18 18 17 17 17 16 15
-32768 -32768 -32768 -32768 -32768 -32768 -32768 -32768 -32768 -32768 -32768 -32768 -32768 -32768 -32768 -32768 24 25 26 28 31 32 34 37 39 42 44 45 47 29 31 32 34 36 37 37 37 37 35 34 33 32 32 32 32 32 32 32 31 31 31 30 30 29 29 28 28 27 27 26 25 24 24 23 23 22 22 21 21 21 20 20 19 19 18 18 18 17 17
-32768 -32768 -32768 -32768 -32768 -32768 -32768 -32768 -32768 -32768 -32768 -32768 -32768 -32768 -32768 27 26 28 30 32 33 35 38 41 43 46 48 50 30 32 33 35 37 37 39 40 39 39 39 38 37 36 35 35 35 35 35 35 34 34 33 33 32 31 31 30 30 29 29 28 27 27 26 25 25 24 24 23 23 22 22 21 21 21 20 20 19 19 18
-32768 -32768 -32768 -32768 -32768 -32768 -32768 -32768 -32768 -32768 -32768 -32768 -32768 -32768 -32768 28 30 31 33 35 37 39 42 44 47 49 52 31 32 35 36 37 38 40 42 42 42 42 42 41 40 40 40 39 39 39 39 38 38 37 37 36 35 34 33 33 32 31 31 30 29 29 29 28 27 26 26 25 24 24 24 23 23 22 22 21 21 20 20
-32768 -32768 -32768 -32768 -32768 -32768 -32768 -32768 -32768 -32768 -32768 -32768 -32768 -32768 29 31 33 34 36 38 41 43 45 47 50 52 55 58 35 37 38 39 41 42 43 44 45 46 45 45 45 44 44 43 43 43 42 42 41 41 40 39 38 37 37 36 35 33 33 32 32 31 30 30 30 29 28 28 27 27 26 25 25 24 24 23 23 22 22
-32768 -32768 -32768 -32768 -32768 -32768 -32768 -32768 -32768 -32768 -32768 -32768 -32768 -32768 35 35 36 38 39 42 44 46 48 51 53 55 59 61 38 40 41 42 44 46 46 47 49 49 48 48 48 48 48 48 48 47 47 47 46 45 43 42 41 40 39 38 38 37 36 35 34 33 33 32 32 31 31 30 30 29 29 28 28 27 26 26 25 24 24
-32768 -32768 -32768 -32768 -32768 -32768 -32768 -32768 -32768 -32768 -32768 -32768 -32768 -32768 -32768 38 40 41 43 46 47 49 52 54 57 59 62 64 66 43 45 47 48 49 51 51 52 52 53 54 54 53 53 53 52 52 52 51 50 49 48 46 45 43 42 41 41 40 39 38 37 37 36 35 34 34 33 33 32 32 31 30 30 29 29 28 27 26 26
-32768 -32768 -32768 -32768 -32768 -32768 -32768 -32768 -32768 -32768 -32768 -32768 -32768 -32768 -32768 -32768 43 45 47 49 51 53 56 58 60 63 65 67 69 47 49 51 52 54 55 56 57 58 58 59 59 58 59 58 58 58 58 57 55 53 52 50 49 47 46 44 43 43 42 41 40 40 39 39 38 37 36 35 35 34 34 33 32 32 31 31 30 29 28
-32768 -32768 -32768 -32768 -32768 -32768 -32768 -32768 -32768 -32768 -32768 -32768 -32768 -32768 -32768 -32768 48 50 51 53 55 58 60 63 65 67 69 71 73 17 17 18 19 20 22 23 62 62 64 64 64 64 64 65 65 65 64 62 60 58 56 54 52 51 49 48 47 46 45 44 43 43 42 42 41 41 40 39 38 37 36 36 35 34 34 33 33 33 32
-32768 -32768 -32768 -32768 -32768 -32768 -32768 -32768 -32768 -32768 -32768 -32768 -32768 -32768 -32768 -32768 -32768 54 56 58 61 63 65 68 70 72 74 76 17 18 19 20 21 23 24 25 26 26 27 28 71 72 73 73 73 72 70 67 65 62 61 59 56 54 53 51 50 49 48 48 47 46 45 45 44 44 43 43 42 41 41 40 39 39 38 38 37 36 35
-32768 -32768 -32768 -32768 -32768 -32768 -32768 -32768 -32768 -32768 -32768 -32768 -32768 -32768 -32768 -32768 -32768 59 61 63 65 68 70 73 75 77 78 18 19 20 22 22 24 26 26 28 28 29 30 31 32 32 32 79 79 78 75 73 70 67 65 62 60 57 55 53 52 52 51 50 50 49 49 48 48 48 47 18 18 17 17 17 16 16 16 16 16 15 15
-32768 -32768 -32768 -32768 -32768 -32768 -32768 -32768 -32768 -32768 -32768 -32768 -32768 -32768 -32768 -32768 -32768 65 66 68 71 74 77 78 81 2 3 20 21 23 24 25 26 28 29 30 31 32 33 34 35 35 34 35 35 34 32 31 30 28 27 27 26 25 25 23 22 21 21 22 23 23 23 23 23 23 22 22 21 20 20 19 18 18 18 18 18 18 18
-32768 -32768 -32768 -32768 -32768 -32768 -32768 -32768 -32768 -32768 -32768 -32768 -32768 -32768 -32768 -32768 -32768 70 72 76 78 41 42 44 2 3 3 3 4 25 26 28 29 30 32 33 34 35 36 37 38 38 37 36 35 34 33 30 29 28 28 28 28 28 27 27 25 24 24 24 25 24 24 24 24 24 23 23 23 23 22 22 20 20 20 21 21 21 21
-32768 -32768 -32768 -32768 -32768 -32768 -32768 -32768 -32768 -32768 -32768 -32768 -32768 -32768 -32768 -32768 -32768 76 79 41 42 44 45 2 3 4 4 5 5 5 29 30 32 33 34 35 37 37 38 40 41 40 39 37 36 34 32 31 30 30 31 31 31 30 31 30 28 27 27 27 27 27 27 27 27 27 27 26 26 25 25 24 24 23 22 22 22 23 24
-32768 -32768 -32768 -32768 -32768 -32768 -32768 -32768 -32768 -32768 -32768 -32768 -32768 -32768 -32768 -32768 -32768 85 87 44 46 47 3 4 4 4 5 5 6 6 6 34 35 36 36 37 38 40 40 41 43 41 39 37 35 33 32 31 32 32 33 33 33 33 33 33 32 31 31 30 30 30 30 31 30 30 30 30 30 29 28 27 26 26 25 25 26 26 27
-32768 -32768 -32768 -32768 -32768 -32768 -32768 -32768 -32768 -32768 -32768 -32768 -32768 -32768 -32768 -32768 -32768 94 47 48 50 3 4 4 4 5 5 6 6 7 7 7 38 39 39 39 40 40 41 41 43 41 39 38 36 34 33 33 34 34 36 37 37 37 36 37 37 35 35 35 35 34 34 34 34 33 33 32 32 32 32 31 30 30 29 29 29 30 31
-32768 -32768 -32768 -32768 -32768 -32768 -32768 -32768 -32768 -32768 -32768 -32768 -32768 -32768 -32768 -32768 -32768 103 51 53 54 4 5 5 5 5 6 6 7 7 8 7 8 42 42 42 41 40 39 40 41 41 40 39 37 34 32 33 36 37 38 39 40 41 41 41 41 39 39 38 38 37 37 36 37 37 37 36 36 35 34 33 32 32 33 33 34 35 36
-32768 -32768 -32768 -32768 -32768 -32768 -32768 -32768 -32768 -32768 -32768 -32768 -32768 -32768 -32768 -32768 -32768 113 56 58 4 5 5 5 6 6 6 7 7 8 9 9 8 9 9 44 43 41 39 38 40 43 42 41 38 34 34 36 38 40 41 43 44 43 44 44 44 43 42 41 41 40 40 40 40 40 41 41 40 39 38 36 34 35 36 37 38 40 41
-32768 -32768 -32768 -32768 -32768 -32768 -32768 -32768 -32768 -32768 -32768 -32768 -32768 -32768 -32768 -32768 125 123 62 5 6 6 6 6 7 7 7 8 8 9 10 10 10 9 9 9 10 10 40 39 40 42 43 41 39 38 38 39 41 43 46 47 47 47 47 47 47 46 45 44 43 43 43 43 43 44 44 45 45 44 42 39 35 37 39 41 43 45 46
-32768 -32768 -32768 -32768 -32768 -32768 -32768 -32768 -32768 -32768 -32768 -32768 -32768 -32768 -32768 -32768 133 135 138 6 6 7 7 7 8 8 8 8 9 10 11 11 11 10 10 10 10 10 11 10 10 44 45 45 44 43 43 44 46 47 48 50 50 50 49 49 49 48 46 45 44 44 44 44 45 46 48 49 50 49 48 45 42 42 44 46 48 49 51
-32768 -32768 -32768 -32768 -32768 -32768 -32768 -32768 -32768 -32768 -32768 -32768 -32768 -32768 -32768 149 144 145 36 7 8 8 8 8 9 8 8 9 9 11 11 11 11 11 11 11 10 11 10 11 11 11 50 51 51 50 50 50 50 51 51 52 52 51 50 50 50 48 46 45 45 45 45 46 47 49 53 55 56 57 57 54 52 50 51 52 53 55 56
-32768 -32768 -32768 -32768 -32768 -32768 -32768 -32768 -32768 -32768 -32768 -32768 -32768 -32768 -32768 157 153 155 38 8 8 7 8 10 11 10 10 10 10 11 12 12 12 11 11 11 12 12 12 13 13 12 12 11 59 59 58 57 56 55 54 53 52 51 51 50 50 48 46 45 44 45 46 47 48 52 56 59 62 65 67 64 62 59 58 58 59 60 62
-32768 -32768 -32768 -32768 -32768 -32768 -32768 -32768 -32768 -32768 -32768 -32768 -32768 -32768 -32768 172 163 166 173 47 8 8 8 10 12 64 65 11 12 12 13 13 12 12 11 11 13 13 14 14 14 14 14 14 14 14 13 12 61 59 56 53 52 51 49 49 48 46 44 44 44 45 45 47 49 54 59 64 68 73 75 72 69 67 66 66 66 67 69
-32768 -32768 -32768 -32768 -32768 -32768 -32768 -32768 -32768 -32768 -32768 -32768 -32768 -32768 -32768 200 188 186 187 52 9 9 10 11 67 71 74 13 13 13 13 14 14 14 13 12 14 15 16 16 16 16 15 15 15 15 14 13 13 13 14 14 52 50 48 47 46 43 42 43 44 45 46 46 49 58 64 68 72 77 78 77 76 75 74 73 73 73 75
-32768 -32768 -32768 -32768 -32768 -32768 -32768 -32768 -32768 -32768 -32768 -32768 -32768 -32768 239 231 218 209 203 59 62 12 12 13 75 79 15 15 15 15 16 16 17 16 15 15 17 19 20 20 18 17 17 17 16 16 16 15 15 15 16 16 16 16 49 47 45 42 41 43 44 47 48 50 54 64 69 72 76 78 81 81 81 81 80 80 80 80 81
-32768 -32768 -32768 -32768 -32768 -32768 -32768 -32768 -32768 -32768 -32768 -32768 -32768 -32768 265 261 246 232 137 65 69 15 16 16 16 17 17 17 17 18 19 19 20 20 19 19 21 22 25 23 22 20 19 19 19 19 18 17 17 18 17 17 17 17 16 16 15 44 43 45 48 51 53 55 59 65 71 75 79 82 84 86 87 88 87 25 87 22 22
-32768 -32768 -32768 -32768 -32768 -32768 -32768 -32768 -32768 -32768 -32768 -32768 -32768 -32768 290 281 269 251 148 73 78 17 18 19 19 19 19 19 20 21 21 21 22 22 22 22 23 26 28 26 24 22 20 19 21 21 21 21 20 20 19 19 19 18 18 18 17 16 15 17 54 58 59 21 22 24 27 29 32 34 35 33 32 31 29 28 26 25 24
-32768 -32768 -32768 -32768 -32768 -32768 -32768 -32768 -32768 -32768 -32768 -32768 -32768 -32768 299 292 280 160 155 81 88 20 21 22 22 22 22 22 23 23 24 24 25 25 25 25 26 28 29 28 27 24 22 20 20 22 23 24 24 24 23 22 21 21 21 21 21 19 18 20 23 25 25 23 22 25 28 31 34 35 36 36 35 33 33 30 30 28 27
-32768 -32768 -32768 -32768 -32768 -32768 -32768 -32768 -32768 -32768 -32768 -32768 -32768 313 300 291 284 160 84 91 20 22 24 24 24 24 24 25 26 26 28 29 30 30 29 28 29 30 32 31 30 27 24 20 21 24 26 28 28 28 28 27 26 25 27 28 28 26 25 26 28 29 29 27 24 27 30 34 36 38 39 39 38 37 36 35 34 33 32
-32768 -32768 -32768 -32768 -32768 -32768 -32768 -32768 -32768 -32768 -32768 -32768 -32768 306 296 281 208 207 96 102 24 24 25 26 26 26 27 28 29 31 32 35 37 38 36 34 34 36 37 37 36 33 29 25 25 29 31 33 34 35 35 34 33 33 36 38 38 35 33 33 34 36 36 33 31 32 34 37 39 41 42 43 42 40 40 39 38 38 38
-32768 -32768 -32768 -32768 -32768 -32768 -32768 -32768 -32768 -32768 -32768 -32768 215 213 215 216 224 105 109 114 28 27 26 27 28 29 31 33 35 37 40 44 47 50 50 47 45 44 44 43 43 40 36 33 34 36 38 41 41 42 43 45 45 45 47 51 53 46 42 41 41 42 42 40 38 38 39 41 43 45 46 46 46 45 43 44 44 44 44
-32768 -32768 -32768 -32768 -32768 -32768 -32768 -32768 -32768 -32768 -32768 252 236 236 242 243 106 115 120 29 31 29 28 29 31 33 36 38 42 46 50 56 62 67 70 67 62 57 53 49 48 46 43 42 43 46 48 50 51 52 54 57 58 58 60 61 61 56 51 49 48 48 48 46 45 44 44 46 48 49 49 49 49 49 48 48 48 50 52
-32768 -32768 -32768 -32768 -32768 -32768 -32768 -32768 -32768 -32768 368 280 276 273 280 116 123 127 131 31 32 31 31 33 36 39 42 46 50 55 62 70 79 89 96 95 84 73 62 54 50 50 50 51 52 54 58 59 61 63 68 72 73 72 71 70 68 63 59 57 55 54 53 52 51 50 51 51 52 52 53 52 53 52 53 53 54 56 59
-32768 -32768 -32768 -32768 -32768 -32768 -32768 -32768 366 377 388 307 308 319 124 130 136 139 142 34 35 35 36 39 43 46 50 54 59 65 73 83 96 111 127 127 107 88 73 62 54 54 58 61 59 61 65 68 70 77 82 88 90 86 82 78 75 70 66 63 62 61 61 59 58 57 58 57 57 56 57 57 56 57 57 58 58 62 66
