Part_1_SDMs/env_data/future_climate_2070_RCP_8.5/bioclim_15.asc
NCOLS 444 
NROWS 438 
XLLCORNER -19 
YLLCORNER -35 
CELLSIZE 0.166666666666667 
NODATA_value -32768 
[rows 37 to 73 of 438, columns 164 to 245 of 444]
52 52 52 53 53 53 53 52 53 56 58 60 62 64 67 70 74 79 80 79 76 75 73 70 67 64 62 63 62 62 61 60 60 62 66 74 83 89 92 95 95 95 95 -32768 -32768 -32768 -32768 -32768 -32768 -32768 -32768 -32768 -32768 -32768 -32768 -32768 -32768 -32768 -32768 -32768 -32768 -32768 -32768 -32768 -32768 -32768 -32768 -32768 -32768 105 108 110 112 112 110 107 106 106 106 103 100 97
51 51 51 53 54 54 54 55 53 57 60 62 63 69 70 72 76 79 79 78 76 73 70 67 64 60 58 58 58 58 56 56 58 60 64 71 79 85 89 91 93 93 92 91 -32768 -32768 -32768 -32768 -32768 -32768 -32768 -32768 -32768 -32768 -32768 -32768 -32768 -32768 -32768 -32768 -32768 -32768 -32768 -32768 -32768 -32768 -32768 -32768 -32768 107 108 109 115 115 112 110 108 108 104 101 98 96
50 51 51 54 53 53 54 56 56 58 61 65 68 73 76 76 79 79 79 77 74 71 69 65 62 57 55 56 57 57 56 57 59 60 64 70 74 81 85 89 92 93 92 89 88 89 -32768 -32768 -32768 -32768 -32768 -32768 -32768 -32768 -32768 -32768 -32768 -32768 -32768 -32768 -32768 -32768 -32768 -32768 -32768 -32768 -32768 -32768 -32768 -32768 109 111 114 114 113 112 111 108 104 101 99 94
50 50 51 53 54 54 54 55 57 61 65 70 74 78 80 79 80 80 78 76 71 69 67 63 59 56 56 55 58 57 57 58 59 61 61 66 73 79 84 89 93 93 90 88 88 89 91 94 99 103 102 101 -32768 -32768 -32768 -32768 -32768 -32768 -32768 -32768 -32768 -32768 -32768 -32768 -32768 -32768 -32768 -32768 -32768 -32768 110 111 112 112 111 110 110 107 103 100 97 91
49 49 49 52 52 53 54 54 56 63 67 71 78 83 81 81 79 78 77 73 68 66 64 60 57 56 54 54 54 55 56 56 58 60 63 67 73 79 83 87 91 91 89 87 88 88 90 92 96 100 100 99 97 96 94 93 -32768 -32768 -32768 -32768 -32768 -32768 -32768 -32768 -32768 -32768 -32768 -32768 -32768 -32768 112 113 110 110 109 108 108 104 101 99 94 89
50 49 49 52 52 52 53 55 59 62 67 71 78 81 81 79 76 74 73 71 66 65 62 59 56 55 53 53 53 53 54 55 59 61 64 68 71 77 82 85 87 88 87 86 86 87 88 90 92 95 95 95 94 93 92 90 89 89 -32768 -32768 -32768 -32768 -32768 -32768 -32768 -32768 -32768 -32768 -32768 -32768 110 110 109 108 107 107 105 102 99 95 91 87
53 52 51 53 53 54 55 57 59 60 65 69 73 76 75 74 74 73 70 67 65 62 59 57 55 53 52 51 52 53 55 56 57 59 62 65 70 75 78 82 83 84 85 84 85 85 86 87 89 91 91 91 90 90 89 86 86 88 90 92 -32768 -32768 -32768 -32768 -32768 -32768 -32768 -32768 -32768 107 108 107 104 105 103 102 101 98 94 92 87 85
55 54 53 54 57 58 59 60 58 58 61 66 69 70 71 70 68 69 67 63 61 59 57 56 54 53 52 53 52 52 53 54 56 60 61 64 68 72 75 79 81 81 83 82 82 83 83 84 85 87 88 88 88 86 83 82 85 86 89 92 94 97 -32768 -32768 -32768 -32768 -32768 -32768 104 105 104 101 100 101 98 99 97 94 92 89 86 82
54 54 55 55 58 60 62 63 62 58 57 60 65 66 67 67 64 63 63 62 60 58 57 54 53 52 51 50 50 51 53 54 56 58 60 63 66 69 72 74 76 78 79 79 80 80 82 81 81 83 84 83 83 82 81 83 84 85 87 89 91 95 100 102 -32768 -32768 105 103 102 100 98 98 98 97 96 97 95 92 90 86 81 80
55 55 55 56 57 60 63 65 62 58 56 56 59 61 62 63 62 60 60 59 58 55 53 53 52 51 51 51 51 52 53 53 54 56 58 61 63 66 68 71 73 75 75 76 76 77 78 79 78 79 80 79 79 79 80 82 82 83 83 86 91 96 102 105 108 106 103 101 99 96 94 94 94 94 92 93 92 88 85 82 79 79
53 52 53 53 53 54 55 58 59 56 55 54 56 58 58 59 60 57 56 56 55 55 54 52 50 48 48 48 48 50 51 52 53 55 57 59 61 63 66 68 69 70 71 72 72 73 74 75 75 75 75 76 77 77 77 78 79 80 82 85 89 94 100 101 103 102 100 98 96 94 92 91 90 90 89 90 88 84 83 79 76 74
51 51 51 51 51 51 50 51 53 54 53 52 53 56 56 56 56 56 54 55 54 53 52 51 51 49 47 47 48 48 50 51 52 53 54 56 59 60 62 65 66 66 67 67 68 69 69 69 70 70 71 72 73 73 74 76 76 77 80 84 87 89 93 95 97 99 98 97 94 92 90 88 88 86 86 87 84 80 77 74 71 68
51 51 49 51 49 51 50 50 48 49 49 51 52 53 54 54 56 55 54 52 52 51 51 50 49 49 49 48 48 48 49 50 50 51 53 54 56 58 59 61 62 63 63 63 64 64 65 65 65 66 67 69 70 71 72 73 72 73 76 80 84 87 90 91 94 95 95 94 93 90 88 87 84 81 84 82 78 74 71 68 64 61
50 47 49 49 50 50 49 49 49 48 48 48 49 50 52 53 54 53 53 53 51 49 48 47 47 47 47 47 47 48 48 49 50 50 50 53 53 54 56 57 58 59 59 60 61 62 62 62 62 63 64 64 68 69 69 68 69 70 72 74 78 81 83 86 89 88 89 89 88 86 84 82 80 79 80 76 71 68 65 60 57 53
49 49 48 49 46 47 48 48 49 49 49 47 46 47 47 49 52 51 50 50 49 49 48 47 45 44 45 44 44 44 45 46 47 49 50 50 51 52 52 55 55 56 55 56 57 59 59 59 60 60 60 64 64 63 65 66 67 67 67 69 72 76 80 82 85 85 83 83 82 81 80 78 77 78 74 70 65 63 58 55 53 50
50 50 48 46 46 45 45 45 45 45 46 46 46 46 46 46 47 49 48 48 48 48 47 46 46 45 44 43 44 44 44 44 44 45 46 49 49 49 50 51 52 52 53 54 55 56 54 55 55 55 57 57 58 60 60 61 64 63 64 66 68 72 75 76 79 80 81 78 77 76 77 75 74 72 69 64 61 57 54 49 45 43
49 48 49 45 46 46 46 45 45 45 44 41 43 45 45 45 44 43 46 47 46 46 46 46 45 45 45 45 45 45 45 44 44 44 44 46 48 48 48 49 49 51 50 52 52 52 52 52 52 53 53 55 56 57 58 59 59 61 62 63 66 67 70 71 72 74 75 74 73 73 73 71 70 67 63 59 57 53 48 42 38 32
44 43 44 44 45 46 46 45 44 43 42 39 39 41 44 42 41 41 43 45 45 45 45 44 43 43 43 43 43 43 44 46 45 45 44 44 44 45 47 47 47 49 50 50 51 52 50 49 49 50 51 51 53 54 57 58 59 61 62 63 65 67 68 69 69 68 70 69 68 69 69 67 65 61 58 56 51 50 44 38 34 33
44 44 44 45 44 43 43 44 44 44 42 39 39 38 40 40 40 40 40 42 44 43 42 41 41 42 42 42 42 42 42 43 44 45 44 44 43 43 45 47 48 50 50 49 49 50 50 50 50 48 51 52 51 51 55 56 58 60 60 61 63 63 63 64 66 66 65 66 66 66 65 62 59 57 55 51 48 46 40 36 33 33
43 42 43 42 44 43 42 42 42 43 41 40 39 36 38 40 39 37 39 38 38 37 37 38 38 40 41 41 42 41 42 42 43 44 45 46 47 45 45 45 46 47 48 49 49 50 50 48 48 49 47 47 49 52 57 56 56 58 59 60 60 60 60 62 62 62 62 62 62 61 60 57 56 54 51 47 46 43 37 35 33 33
42 42 41 41 39 40 41 40 40 40 40 38 36 35 37 39 36 34 37 38 37 39 41 41 41 41 37 36 40 39 38 40 42 45 44 45 45 45 45 45 46 46 46 45 46 46 47 48 49 46 44 44 46 52 53 57 58 54 55 58 58 57 57 58 58 60 59 58 58 58 55 55 54 50 47 45 45 38 36 33 33 32
44 43 42 43 40 39 38 39 39 39 37 35 35 34 35 34 33 33 36 38 37 39 40 41 41 41 36 36 36 36 36 36 40 44 44 42 41 41 41 41 42 43 44 45 45 46 46 47 46 44 43 43 53 54 54 53 54 53 50 50 51 55 55 55 55 56 56 56 55 53 52 52 49 47 44 45 41 37 34 33 31 31
39 40 40 43 43 43 46 44 40 41 42 40 36 32 31 35 35 35 38 39 39 40 41 41 41 40 40 37 36 36 36 36 38 43 42 40 38 38 38 38 38 38 39 40 41 41 42 42 41 42 41 42 51 54 54 54 54 53 49 49 49 50 51 51 51 51 51 51 50 49 48 47 46 43 45 42 38 36 33 32 30 32
40 40 42 43 42 42 42 40 40 40 40 38 36 33 39 40 40 40 42 41 41 41 41 40 40 39 40 40 39 40 38 37 36 37 38 37 37 37 37 37 39 39 40 40 41 41 40 40 39 39 41 42 46 50 53 54 54 54 48 46 45 46 48 49 49 48 48 47 46 45 44 43 43 44 42 39 37 34 33 28 32 32
41 40 42 39 40 42 43 44 42 40 37 36 37 38 41 40 39 38 40 40 39 39 39 40 39 36 39 40 40 40 41 41 40 39 39 39 38 38 37 37 35 36 35 37 38 38 38 37 37 37 42 42 43 45 47 51 54 54 52 47 42 40 40 42 43 43 43 42 42 41 43 44 43 41 39 38 35 33 28 32 32 32
40 39 41 37 37 39 40 41 40 37 37 36 37 39 39 37 36 36 38 40 40 40 40 39 36 33 32 33 35 34 34 34 35 36 36 35 35 35 34 34 34 37 37 37 37 38 38 38 38 38 41 45 47 48 48 47 51 51 50 48 46 44 41 40 41 41 41 41 42 44 43 42 40 38 38 37 32 30 32 32 32 32
43 42 42 42 38 41 41 37 36 36 36 37 36 38 38 36 35 35 38 40 40 40 39 36 34 33 29 28 28 28 28 28 28 28 28 29 32 35 34 34 34 36 34 35 36 40 41 41 41 41 42 45 46 46 48 45 49 48 47 43 41 42 44 42 40 38 37 39 41 40 41 40 38 40 35 33 31 32 32 32 32 32
43 42 42 42 42 41 41 39 35 36 38 37 37 39 36 35 35 35 36 40 40 38 37 36 33 31 29 28 28 28 28 28 28 28 32 34 34 34 33 32 34 34 34 34 34 36 41 41 43 45 42 43 46 43 48 47 47 46 41 39 36 35 34 34 34 34 37 38 40 40 40 40 39 37 35 30 32 32 32 32 32 32
47 49 49 48 47 45 43 40 34 33 39 37 37 36 36 35 35 35 36 40 39 38 36 34 32 30 29 28 28 28 28 28 28 32 34 34 34 34 33 28 29 29 28 28 29 31 37 42 44 45 45 44 43 45 47 45 45 44 38 34 33 33 33 33 33 34 34 34 34 35 36 36 35 33 31 32 32 32 32 32 32 32
52 52 52 52 50 47 44 40 38 32 34 37 35 36 36 35 35 35 35 37 38 36 35 32 31 30 30 28 28 28 28 28 29 33 34 34 34 34 30 28 28 28 28 28 30 31 31 32 34 36 39 43 44 44 44 45 44 38 34 33 33 33 33 32 34 35 35 35 35 35 35 34 30 32 32 32 32 32 32 32 32 32
57 55 52 52 52 49 48 45 39 33 34 36 34 35 35 35 35 35 35 35 36 33 31 30 29 29 28 28 28 28 28 28 29 31 33 34 34 31 28 28 28 28 28 30 31 31 31 33 33 32 33 35 38 41 42 41 36 33 33 33 33 33 34 35 35 35 35 35 35 34 30 31 32 32 32 32 32 32 32 32 32 32
59 59 53 52 52 52 48 42 41 39 34 36 34 34 35 35 35 35 34 33 33 30 29 28 28 29 29 28 28 28 28 28 28 28 28 28 28 28 28 28 28 28 29 31 31 31 33 33 33 33 33 33 33 33 34 33 33 33 33 33 34 34 33 35 35 34 32 31 30 32 32 32 32 32 32 32 32 32 32 32 32 32
59 59 55 53 50 48 45 41 38 38 37 35 33 34 35 34 35 34 32 30 28 28 28 29 34 37 35 30 28 28 28 28 28 28 28 28 28 28 28 28 28 28 31 31 31 33 33 33 33 33 33 33 33 33 33 33 33 33 33 31 30 31 32 32 31 32 32 32 32 32 32 32 32 32 32 32 32 32 32 32 32 32
57 55 55 53 50 47 42 40 37 36 37 37 37 35 34 32 33 31 30 30 28 27 30 35 37 34 29 28 28 28 28 28 28 28 28 28 28 28 28 28 29 31 31 31 33 33 33 33 33 33 33 33 33 33 33 32 33 33 34 31 32 32 32 32 32 32 32 32 32 32 32 32 32 32 32 32 32 32 32 32 32 32
49 50 50 50 49 45 41 41 37 33 36 36 38 34 34 32 31 30 32 31 28 30 32 35 35 29 28 28 28 28 28 28 28 28 28 28 28 28 29 33 32 31 30 30 32 32 33 33 33 33 33 33 33 33 33 31 35 35 35 34 31 32 32 32 32 32 32 32 32 32 32 32 32 32 32 32 32 32 32 32 32 32
48 47 48 47 47 43 43 40 37 34 35 35 37 34 33 34 32 31 31 28 30 30 32 35 29 28 28 28 28 28 28 28 28 30 30 29 30 30 33 32 31 30 31 29 34 31 33 33 33 33 33 32 32 32 32 33 34 35 35 35 33 32 32 32 32 32 32 32 32 32 32 32 32 32 32 32 32 32 32 32 32 31
45 45 45 44 44 42 40 38 35 34 33 32 30 33 33 33 32 30 30 29 29 29 32 29 28 30 29 28 28 28 28 28 29 31 33 35 34 33 32 31 31 31 30 32 33 30 31 33 33 32 33 33 33 35 34 34 33 29 22 28 30 32 32 32 32 32 32 32 32 32 32 32 32 32 32 32 32 32 32 32 32 26
