Part_1_SDMs/env_data/future_climate_2070_RCP_8.5/bioclim_9.asc
NCOLS 444 
NROWS 438 
XLLCORNER -19 
YLLCORNER -35 
CELLSIZE 0.166666666666667 
NODATA_value -32768 
[rows 315 to 349 of 438, columns 158 to 236 of 444]
-32768 -32768 -32768 -32768 -32768 -32768 -32768 -32768 -32768 -32768 -32768 -32768 -32768 -32768 -32768 -32768 -32768 -32768 -32768 -32768 -32768 -32768 -32768 -32768 -32768 -32768 -32768 -32768 -32768 225 226 230 239 246 252 259 254 239 226 215 210 208 207 209 211 214 217 217 216 216 215 216 217 217 219 216 215 215 213 210 209 206 206 209 211 213 215 217 219 221 223 224 224 226 228 225 224 222 221
-32768 -32768 -32768 -32768 -32768 -32768 -32768 -32768 -32768 -32768 -32768 -32768 -32768 -32768 -32768 -32768 -32768 -32768 -32768 -32768 -32768 -32768 -32768 -32768 -32768 -32768 -32768 -32768 -32768 222 225 231 239 248 244 260 229 218 214 207 208 207 206 207 210 214 217 218 219 218 218 217 219 218 218 219 217 218 214 211 209 207 207 209 211 214 215 216 219 220 222 223 223 224 223 224 222 221 219
-32768 -32768 -32768 -32768 -32768 -32768 -32768 -32768 -32768 -32768 -32768 -32768 -32768 -32768 -32768 -32768 -32768 -32768 -32768 -32768 -32768 -32768 -32768 -32768 -32768 -32768 -32768 -32768 -32768 229 222 231 240 248 253 214 187 210 211 209 210 210 207 206 211 214 219 221 222 222 221 221 221 219 220 220 219 219 215 213 212 210 211 210 213 214 215 217 218 219 221 222 222 221 222 221 221 221 218
-32768 -32768 -32768 -32768 -32768 -32768 -32768 -32768 -32768 -32768 -32768 -32768 -32768 -32768 -32768 -32768 -32768 -32768 -32768 -32768 -32768 -32768 -32768 -32768 -32768 -32768 -32768 -32768 220 225 234 229 255 266 255 214 194 204 209 212 211 209 208 210 213 216 219 223 225 225 224 224 224 222 221 222 222 220 217 216 214 213 214 213 214 215 217 218 219 219 220 222 220 219 220 219 218 217 216
-32768 -32768 -32768 -32768 -32768 -32768 -32768 -32768 -32768 -32768 -32768 -32768 -32768 -32768 -32768 -32768 -32768 -32768 -32768 -32768 -32768 -32768 -32768 -32768 -32768 -32768 -32768 -32768 216 222 232 243 253 246 271 215 201 207 210 214 214 211 212 214 218 221 223 226 227 227 227 227 227 224 222 222 223 220 220 218 217 215 216 215 215 217 218 218 219 219 219 221 220 218 218 217 217 215 215
-32768 -32768 -32768 -32768 -32768 -32768 -32768 -32768 -32768 -32768 -32768 -32768 -32768 -32768 -32768 -32768 -32768 -32768 -32768 -32768 -32768 -32768 -32768 -32768 -32768 -32768 -32768 -32768 217 222 230 241 251 259 266 249 228 224 219 220 220 216 217 220 223 226 229 232 230 230 230 229 228 226 225 224 222 223 222 222 219 219 218 217 217 218 218 219 219 219 220 221 219 217 217 215 215 214 214
-32768 -32768 -32768 -32768 -32768 -32768 -32768 -32768 -32768 -32768 -32768 -32768 -32768 -32768 -32768 -32768 -32768 -32768 -32768 -32768 -32768 -32768 -32768 -32768 -32768 -32768 -32768 216 218 223 230 239 233 256 262 265 250 238 220 222 221 219 221 224 227 230 233 235 233 232 232 231 230 228 228 226 225 223 222 222 222 222 220 220 219 220 220 220 220 220 220 220 217 216 216 214 213 212 212
-32768 -32768 -32768 -32768 -32768 -32768 -32768 -32768 -32768 -32768 -32768 -32768 -32768 -32768 -32768 -32768 -32768 -32768 -32768 -32768 -32768 -32768 -32768 -32768 -32768 -32768 213 216 219 224 230 237 244 251 257 260 247 241 221 224 223 221 224 227 230 233 234 235 235 234 234 233 231 230 229 228 227 225 225 224 224 224 223 222 221 222 221 221 221 220 220 219 217 216 215 213 212 211 211
-32768 -32768 -32768 -32768 -32768 -32768 -32768 -32768 -32768 -32768 -32768 -32768 -32768 -32768 -32768 -32768 -32768 -32768 -32768 -32768 -32768 -32768 -32768 -32768 -32768 -32768 213 216 219 224 228 233 239 245 252 235 226 227 225 224 225 223 226 229 233 235 237 238 237 236 235 234 232 232 231 230 229 228 227 226 226 226 225 225 224 223 223 222 222 221 221 220 218 216 214 213 211 210 210
-32768 -32768 -32768 -32768 -32768 -32768 -32768 -32768 -32768 -32768 -32768 -32768 -32768 -32768 -32768 -32768 -32768 -32768 -32768 -32768 -32768 -32768 -32768 -32768 -32768 -32768 214 216 218 223 226 229 235 241 233 218 218 223 226 224 226 225 228 231 234 237 239 240 239 237 235 234 233 233 233 232 231 229 228 228 227 227 227 226 226 225 225 224 223 222 222 220 218 216 214 213 212 212 211
-32768 -32768 -32768 -32768 -32768 -32768 -32768 -32768 -32768 -32768 -32768 -32768 -32768 -32768 -32768 -32768 -32768 -32768 -32768 -32768 -32768 -32768 -32768 -32768 -32768 -32768 214 214 217 222 227 230 235 224 215 218 220 225 226 225 227 228 229 232 235 238 240 243 241 238 236 235 234 234 234 233 232 231 230 229 228 228 228 227 228 226 226 225 225 223 223 221 218 217 215 214 214 212 212
-32768 -32768 -32768 -32768 -32768 -32768 -32768 -32768 -32768 -32768 -32768 -32768 -32768 -32768 -32768 -32768 -32768 -32768 -32768 -32768 -32768 -32768 -32768 -32768 -32768 -32768 214 213 216 220 223 228 216 217 218 222 219 221 225 225 225 228 231 233 235 237 240 242 241 239 237 236 235 235 234 234 233 232 231 230 229 229 229 229 229 228 228 226 225 224 224 222 219 218 216 215 214 214 214
-32768 -32768 -32768 -32768 -32768 -32768 -32768 -32768 -32768 -32768 -32768 -32768 -32768 -32768 -32768 -32768 -32768 -32768 -32768 -32768 -32768 -32768 -32768 -32768 -32768 -32768 211 213 215 217 222 224 229 222 212 220 223 220 222 224 224 227 229 232 234 235 237 238 239 238 236 236 235 235 234 233 233 232 231 231 231 230 230 230 229 230 228 227 226 225 225 223 221 219 218 217 216 215 215
-32768 -32768 -32768 -32768 -32768 -32768 -32768 -32768 -32768 -32768 -32768 -32768 -32768 -32768 -32768 -32768 -32768 -32768 -32768 -32768 -32768 -32768 -32768 -32768 -32768 -32768 211 210 210 214 208 208 214 218 218 221 225 219 225 224 223 226 229 231 232 233 235 236 236 236 235 234 234 234 233 233 232 232 232 232 231 231 231 231 231 231 229 229 227 226 226 225 222 220 219 218 217 216 217
-32768 -32768 -32768 -32768 -32768 -32768 -32768 -32768 -32768 -32768 -32768 -32768 -32768 -32768 -32768 -32768 -32768 -32768 -32768 -32768 -32768 -32768 -32768 -32768 -32768 -32768 208 206 205 209 202 197 201 211 222 224 229 227 228 229 226 226 229 230 231 232 233 234 234 234 233 233 233 233 232 232 232 232 232 232 232 232 232 231 232 232 231 230 229 227 226 225 224 222 220 219 218 218 217
-32768 -32768 -32768 -32768 -32768 -32768 -32768 -32768 -32768 -32768 -32768 -32768 -32768 -32768 -32768 -32768 -32768 -32768 -32768 -32768 -32768 -32768 -32768 -32768 -32768 -32768 206 203 205 200 198 196 205 205 207 223 230 232 238 237 234 227 232 230 231 231 232 232 232 232 231 231 231 232 232 231 231 232 232 232 232 232 232 232 232 233 232 232 230 228 227 225 224 223 221 220 219 218 218
-32768 -32768 -32768 -32768 -32768 -32768 -32768 -32768 -32768 -32768 -32768 -32768 -32768 -32768 -32768 -32768 -32768 -32768 -32768 -32768 -32768 -32768 -32768 -32768 -32768 -32768 207 204 203 202 206 198 202 195 199 217 220 223 232 239 236 236 234 234 231 231 231 231 230 230 230 230 230 230 231 231 231 231 232 232 232 232 233 233 233 234 234 233 231 229 228 226 225 223 223 220 219 219 219
-32768 -32768 -32768 -32768 -32768 -32768 -32768 -32768 -32768 -32768 -32768 -32768 -32768 -32768 -32768 -32768 -32768 -32768 -32768 -32768 -32768 -32768 -32768 -32768 -32768 -32768 205 201 201 194 201 199 191 192 204 211 216 222 231 234 240 237 233 235 235 231 230 230 229 229 228 229 229 229 229 230 230 231 232 232 232 233 233 234 234 234 235 235 233 231 229 227 226 223 222 222 221 219 219
-32768 -32768 -32768 -32768 -32768 -32768 -32768 -32768 -32768 -32768 -32768 -32768 -32768 -32768 -32768 -32768 -32768 -32768 -32768 -32768 -32768 -32768 -32768 -32768 -32768 -32768 203 198 198 191 195 205 191 191 199 208 216 221 222 217 225 226 232 230 231 230 230 229 228 227 227 227 227 228 229 229 230 231 231 232 233 233 233 234 234 235 235 236 234 232 230 227 226 224 223 221 221 220 220
-32768 -32768 -32768 -32768 -32768 -32768 -32768 -32768 -32768 -32768 -32768 -32768 -32768 -32768 -32768 -32768 -32768 -32768 -32768 -32768 -32768 -32768 -32768 -32768 -32768 -32768 203 198 187 189 190 199 195 194 201 204 210 213 217 220 223 226 228 229 230 230 229 228 227 226 226 225 226 227 228 229 230 231 231 232 233 233 234 234 235 235 235 236 235 233 230 229 226 225 223 222 221 221 220
-32768 -32768 -32768 -32768 -32768 -32768 -32768 -32768 -32768 -32768 -32768 -32768 -32768 -32768 -32768 -32768 -32768 -32768 -32768 -32768 -32768 -32768 -32768 -32768 -32768 -32768 202 198 187 185 185 189 197 195 204 213 221 220 222 223 223 226 228 229 229 229 228 228 227 226 225 224 225 226 227 228 229 230 231 232 232 233 234 234 234 234 234 234 233 232 230 228 226 225 223 222 222 221 221
-32768 -32768 -32768 -32768 -32768 -32768 -32768 -32768 -32768 -32768 -32768 -32768 -32768 -32768 -32768 -32768 -32768 -32768 -32768 -32768 -32768 -32768 -32768 -32768 -32768 -32768 201 201 188 186 188 189 194 201 201 214 222 223 224 221 221 225 227 228 229 228 228 227 226 225 225 224 225 226 227 228 229 230 231 232 232 233 234 234 234 233 233 232 231 230 228 226 224 223 222 221 221 220 220
-32768 -32768 -32768 -32768 -32768 -32768 -32768 -32768 -32768 -32768 -32768 -32768 -32768 -32768 -32768 -32768 -32768 -32768 -32768 -32768 -32768 -32768 -32768 -32768 -32768 -32768 -32768 201 199 188 190 191 196 203 209 217 220 214 211 211 219 224 226 227 228 228 227 226 226 225 225 225 225 225 227 228 229 230 231 232 233 233 233 233 233 232 232 231 230 228 227 225 223 222 221 220 220 219 219
-32768 -32768 -32768 -32768 -32768 -32768 -32768 -32768 -32768 -32768 -32768 -32768 -32768 -32768 -32768 -32768 -32768 -32768 -32768 -32768 -32768 -32768 -32768 -32768 -32768 -32768 -32768 199 200 188 189 190 197 205 207 211 213 204 200 203 214 223 225 226 227 227 226 226 225 224 224 224 225 225 227 228 229 230 231 232 233 233 233 232 232 231 230 229 228 226 225 224 222 221 221 219 219 218 218
-32768 -32768 -32768 -32768 -32768 -32768 -32768 -32768 -32768 -32768 -32768 -32768 -32768 -32768 -32768 -32768 -32768 -32768 -32768 -32768 -32768 -32768 -32768 -32768 -32768 -32768 -32768 -32768 199 198 198 192 196 205 208 212 214 199 203 204 212 220 223 225 226 226 225 225 224 224 223 223 224 225 227 228 229 230 232 232 232 232 232 232 231 230 229 227 226 225 223 222 221 220 220 218 217 217 217
-32768 -32768 -32768 -32768 -32768 -32768 -32768 -32768 -32768 -32768 -32768 -32768 -32768 -32768 -32768 -32768 -32768 -32768 -32768 -32768 -32768 -32768 -32768 -32768 -32768 -32768 -32768 -32768 -32768 199 198 191 194 204 209 215 221 206 203 209 210 217 221 223 224 224 224 223 223 223 222 223 224 225 226 228 229 230 232 232 232 232 232 231 230 229 227 226 224 223 222 221 220 219 219 217 216 216 216
-32768 -32768 -32768 -32768 -32768 -32768 -32768 -32768 -32768 -32768 -32768 -32768 -32768 -32768 -32768 -32768 -32768 -32768 -32768 -32768 -32768 -32768 -32768 -32768 -32768 -32768 -32768 -32768 -32768 -32768 197 196 193 201 206 214 224 215 209 210 219 223 219 221 222 223 223 222 222 222 221 222 223 224 226 227 229 229 230 231 231 231 231 230 228 227 225 224 222 221 220 219 218 217 217 216 215 215 215
-32768 -32768 -32768 -32768 -32768 -32768 -32768 -32768 -32768 -32768 -32768 -32768 -32768 -32768 -32768 -32768 -32768 -32768 -32768 -32768 -32768 -32768 -32768 -32768 -32768 -32768 -32768 -32768 -32768 -32768 195 194 188 195 203 211 224 231 230 213 226 221 217 218 220 221 221 222 222 221 220 221 222 224 225 226 227 228 229 229 229 229 228 227 225 224 222 221 220 219 218 217 216 217 215 214 214 214 214
-32768 -32768 -32768 -32768 -32768 -32768 -32768 -32768 -32768 -32768 -32768 -32768 -32768 -32768 -32768 -32768 -32768 -32768 -32768 -32768 -32768 -32768 -32768 -32768 -32768 -32768 -32768 -32768 -32768 -32768 -32768 191 183 192 202 212 221 231 234 224 228 222 217 215 234 236 236 238 220 220 219 220 222 223 224 225 225 226 227 226 224 223 223 222 221 219 218 218 218 217 216 216 215 214 213 213 213 213 214
-32768 -32768 -32768 -32768 -32768 -32768 -32768 -32768 -32768 -32768 -32768 -32768 -32768 -32768 -32768 -32768 -32768 -32768 -32768 -32768 -32768 -32768 -32768 -32768 -32768 -32768 -32768 -32768 -32768 -32768 -32768 -32768 191 189 199 208 212 215 221 223 225 222 218 214 229 231 231 214 217 220 220 221 222 222 222 222 221 221 221 219 217 215 213 215 214 213 214 215 215 215 215 215 213 212 212 211 211 211 212
-32768 -32768 -32768 -32768 -32768 -32768 -32768 -32768 -32768 -32768 -32768 -32768 -32768 -32768 -32768 -32768 -32768 -32768 -32768 -32768 -32768 -32768 -32768 -32768 -32768 -32768 -32768 -32768 -32768 -32768 -32768 -32768 193 188 195 201 207 204 203 212 216 216 216 213 230 230 230 215 217 219 219 220 220 220 219 217 214 211 210 209 207 204 201 209 209 207 210 212 213 213 212 212 212 211 211 210 210 210 211
-32768 -32768 -32768 -32768 -32768 -32768 -32768 -32768 -32768 -32768 -32768 -32768 -32768 -32768 -32768 -32768 -32768 -32768 -32768 -32768 -32768 -32768 -32768 -32768 -32768 -32768 -32768 -32768 -32768 -32768 -32768 -32768 -32768 198 193 199 204 205 207 207 202 210 214 218 233 232 219 220 219 219 220 220 219 218 215 212 207 208 207 205 205 205 207 207 207 207 209 210 210 210 210 210 210 210 210 209 209 209 210
-32768 -32768 -32768 -32768 -32768 -32768 -32768 -32768 -32768 -32768 -32768 -32768 -32768 -32768 -32768 -32768 -32768 -32768 -32768 -32768 -32768 -32768 -32768 -32768 -32768 -32768 -32768 -32768 -32768 -32768 -32768 -32768 -32768 200 194 198 203 206 211 211 202 209 216 223 222 223 220 220 218 219 221 222 221 217 214 212 209 207 204 200 202 206 210 209 208 208 209 208 208 208 208 208 208 208 209 209 208 208 209
-32768 -32768 -32768 -32768 -32768 -32768 -32768 -32768 -32768 -32768 -32768 -32768 -32768 -32768 -32768 -32768 -32768 -32768 -32768 -32768 -32768 -32768 -32768 -32768 -32768 -32768 -32768 -32768 -32768 -32768 -32768 -32768 -32768 -32768 204 198 202 206 208 206 203 220 223 226 224 223 221 220 217 217 219 220 223 224 219 214 209 205 201 200 203 206 207 208 209 208 207 206 206 206 206 206 207 207 207 208 208 207 207
-32768 -32768 -32768 -32768 -32768 -32768 -32768 -32768 -32768 -32768 -32768 -32768 -32768 -32768 -32768 -32768 -32768 -32768 -32768 -32768 -32768 -32768 -32768 -32768 -32768 -32768 -32768 -32768 -32768 -32768 -32768 -32768 -32768 -32768 205 199 201 203 207 205 207 224 225 224 224 222 222 220 223 225 227 229 229 226 218 212 207 202 198 199 198 202 205 207 208 206 205 204 204 204 204 205 206 206 206 207 207 208 208
