Part_1_SDMs/env_data/future_climate_2070_RCP_8.5/bioclim_2.asc
NCOLS 444 
NROWS 438 
XLLCORNER -19 
YLLCORNER -35 
CELLSIZE 0.166666666666667 
NODATA_value -32768 
[rows 72 to 107 of 438, columns 80 to 159 of 444]
157 158 160 162 164 165 167 168 168 169 169 168 168 167 166 164 162 161 159 157 156 154 153 152 151 149 148 147 146 145 144 143 143 142 142 142 142 143 144 144 145 145 145 146 146 146 146 146 146 146 145 145 144 143 142 141 141 140 139 139 138 138 137 135 134 133 131 130 130 129 129 129 129 129 129 129 129 129 128 128
160 162 163 164 166 167 168 169 169 169 169 169 168 167 165 163 161 159 157 155 153 152 150 149 147 146 146 145 144 144 143 143 142 142 142 142 142 142 142 142 143 143 143 143 143 143 144 144 144 145 145 144 144 144 144 143 143 142 142 141 140 140 139 137 136 135 133 132 132 131 131 130 130 129 129 129 128 128 127 127
164 165 166 167 168 168 169 170 170 170 170 169 168 167 165 163 160 158 155 153 150 149 147 146 145 144 143 143 143 142 142 142 142 142 141 141 141 141 141 141 141 141 141 141 141 141 141 142 143 143 144 145 145 145 146 146 146 145 144 144 143 142 140 139 138 137 136 135 134 133 132 131 130 130 129 128 128 127 126 126
168 169 169 169 170 170 171 171 171 171 170 170 168 166 164 161 159 156 153 150 148 146 144 143 142 141 141 141 141 141 142 142 142 142 141 141 141 141 140 140 139 139 139 139 138 139 140 141 142 143 144 145 146 147 147 148 148 148 147 146 145 144 142 141 140 139 138 137 136 135 134 133 132 131 130 129 128 127 126 125
171 171 171 171 171 171 172 172 171 171 171 170 168 166 163 160 157 154 151 148 145 143 141 140 139 139 139 140 140 141 141 141 142 142 141 141 141 140 140 139 139 138 138 137 137 137 138 139 141 142 143 145 146 147 149 150 150 150 149 148 146 145 144 143 142 141 140 139 138 137 136 134 133 132 130 129 128 127 126 124
174 174 173 173 172 172 172 171 171 171 170 169 167 165 162 159 156 152 149 146 143 141 139 138 137 138 138 138 139 140 140 141 141 142 142 142 141 140 140 139 138 137 137 136 136 136 137 139 140 142 143 145 146 148 149 151 151 151 150 149 147 146 145 144 143 143 142 141 140 139 137 136 134 133 131 130 128 127 126 124
175 175 175 174 173 172 171 171 170 170 169 167 166 163 160 157 154 151 147 144 142 139 137 136 136 136 137 138 139 140 140 141 141 142 142 142 141 140 139 139 138 137 136 136 136 136 137 139 140 142 143 145 146 148 149 150 151 151 150 148 147 146 145 145 144 144 143 142 141 140 139 137 135 134 132 130 129 127 126 125
175 175 174 173 172 171 170 169 169 168 167 165 163 160 158 155 152 149 146 143 140 138 137 136 135 136 137 137 138 139 140 141 141 142 142 141 141 140 140 139 138 138 137 137 137 137 138 139 140 142 143 144 145 146 147 148 149 149 148 147 147 146 145 145 144 144 144 143 142 141 139 138 136 134 133 131 130 128 127 125
175 174 174 173 171 170 169 168 167 165 164 162 160 158 155 153 150 147 145 142 140 138 136 136 135 136 136 137 138 139 140 141 141 142 142 142 141 141 140 139 139 138 138 138 138 139 139 140 141 142 143 143 144 145 145 146 146 146 146 146 145 145 144 144 144 144 144 143 142 141 140 139 137 136 134 133 131 129 128 126
174 174 173 171 170 169 167 166 164 162 161 159 157 155 153 150 148 146 143 141 139 138 137 136 136 136 137 137 138 139 140 141 141 142 142 142 142 141 141 140 140 139 140 140 140 141 141 141 142 142 142 143 143 143 143 143 143 143 143 143 143 143 143 143 143 143 143 143 142 141 140 139 138 136 135 134 132 131 129 128
173 172 171 170 168 166 165 163 161 159 157 155 154 152 150 148 146 144 142 141 139 138 137 137 137 137 137 138 138 139 140 141 141 142 142 142 142 142 142 141 141 141 142 142 142 143 143 143 142 142 142 142 141 141 140 140 140 140 140 141 141 141 142 142 142 142 143 142 142 141 140 139 138 137 136 135 134 132 131 129
172 171 169 168 166 164 162 160 158 156 154 152 150 149 147 146 145 143 142 140 139 138 138 137 137 137 138 138 139 140 140 141 142 142 142 142 142 142 142 142 142 143 143 144 145 145 144 144 143 142 141 140 139 138 138 137 137 137 137 138 139 139 140 141 141 141 142 142 141 141 140 140 139 138 137 136 135 134 132 131
170 169 167 165 163 161 159 157 155 153 151 149 147 146 145 144 143 142 141 140 140 139 139 138 138 138 139 139 140 140 140 141 141 142 142 142 142 142 142 143 143 144 144 145 146 146 146 144 143 142 141 139 138 136 135 134 134 134 135 136 137 138 138 139 140 140 141 141 141 140 140 140 139 139 138 138 137 136 134 133
168 166 165 163 161 159 156 154 152 150 148 146 145 144 143 143 142 142 141 141 140 140 140 140 140 140 140 140 140 140 141 141 141 142 142 142 142 142 142 142 143 144 145 146 147 147 146 145 143 141 140 138 137 135 134 132 132 132 133 134 135 136 137 138 138 139 140 140 140 140 140 140 140 140 139 139 138 137 136 135
165 164 162 160 158 156 154 152 149 147 145 144 143 142 142 142 142 142 142 142 142 141 141 141 141 141 141 141 141 141 141 141 141 141 141 141 141 141 141 142 143 143 144 145 146 146 145 144 142 141 139 137 136 134 132 131 131 131 132 133 134 135 136 137 137 138 138 139 140 140 140 141 140 140 140 140 139 139 138 137
162 161 160 158 156 154 151 149 147 145 143 142 141 141 141 141 142 142 142 143 143 143 143 143 143 143 143 142 142 142 141 141 140 140 140 140 140 140 140 141 141 142 143 144 144 144 143 142 141 140 138 137 135 134 132 131 131 131 131 132 133 134 135 135 136 137 138 138 139 139 140 140 140 141 141 141 140 140 139 139
160 159 157 156 154 152 150 147 145 143 142 141 140 140 140 141 142 143 144 144 145 145 146 146 145 145 144 143 143 142 141 140 140 139 139 139 139 139 139 140 140 141 141 142 142 142 141 140 139 138 137 136 135 134 132 132 131 131 131 132 133 133 134 134 135 136 137 138 138 139 139 140 140 141 141 141 142 142 141 140
158 156 155 154 152 150 148 146 144 142 141 140 139 140 140 141 142 143 145 146 147 148 148 148 147 147 146 145 144 142 141 140 139 138 138 138 137 138 138 138 138 139 139 139 139 139 139 138 137 137 136 135 134 134 133 132 132 132 132 132 133 133 133 134 134 135 135 136 137 137 138 139 140 141 141 142 143 143 142 142
156 155 154 152 151 149 147 145 143 141 140 139 139 140 141 142 143 145 147 148 149 150 150 150 149 149 147 146 144 143 141 140 138 138 137 136 136 136 136 136 136 137 136 136 136 136 136 136 136 135 135 134 134 134 133 133 133 133 133 133 133 133 133 133 134 134 134 135 136 136 137 138 139 141 142 142 143 144 144 143
154 154 153 152 150 149 147 145 143 141 140 139 139 140 142 143 145 146 148 150 151 152 153 152 152 150 149 147 145 143 142 140 138 137 136 135 135 135 135 134 134 134 134 134 134 134 134 134 134 134 134 134 134 134 134 134 134 134 134 134 134 134 133 133 133 133 133 134 134 135 137 138 139 140 142 143 144 144 144 144
154 153 153 152 151 149 148 146 144 142 141 140 141 142 143 145 146 148 150 152 153 154 155 154 153 152 150 148 146 144 142 140 138 137 135 135 134 134 133 133 133 132 132 131 131 131 131 132 132 133 133 133 134 134 135 135 135 135 135 134 134 134 134 133 133 133 133 133 134 135 136 137 139 140 141 142 144 144 145 144
154 154 153 153 152 151 149 148 146 145 143 143 143 144 145 147 149 150 152 153 155 156 156 156 154 153 151 149 147 145 143 141 139 137 135 134 134 133 132 132 131 130 130 129 129 129 129 130 130 131 132 133 134 135 135 136 136 136 136 135 135 134 134 133 133 133 132 132 133 134 135 137 138 139 141 142 143 144 144 144
155 155 155 155 154 153 152 151 149 148 147 146 146 147 148 150 151 152 154 155 156 157 157 156 155 153 152 150 148 146 144 142 140 138 136 135 134 133 132 131 130 129 128 127 127 127 127 128 129 130 131 132 134 135 135 136 137 137 136 136 136 135 134 134 133 133 132 132 133 134 135 136 137 139 140 141 142 143 143 143
157 157 157 157 156 155 155 154 153 152 151 151 151 151 152 153 154 155 156 156 157 157 157 156 155 154 152 151 149 147 145 143 141 139 137 136 134 133 132 130 129 128 127 126 126 126 126 127 128 129 131 132 133 135 136 137 137 137 137 137 136 136 135 134 133 133 133 133 133 134 134 135 137 138 139 140 141 141 142 141
160 160 160 160 159 159 158 158 157 156 156 156 156 156 156 156 157 157 157 158 158 157 157 156 155 154 153 151 150 148 146 144 142 140 139 137 135 133 132 130 128 127 125 125 124 124 125 126 127 128 130 132 133 135 136 137 138 138 138 138 137 136 135 135 134 133 133 133 133 133 134 135 136 137 138 138 139 140 140 140
162 163 163 163 163 162 162 162 162 161 161 161 161 160 160 160 160 160 159 159 158 158 157 156 155 154 153 152 151 149 147 146 144 142 140 138 136 134 132 130 128 126 125 124 123 123 124 125 126 128 130 132 134 135 137 138 139 139 139 138 138 137 136 135 134 134 133 133 133 133 134 134 135 136 136 137 137 138 138 138
165 165 166 166 165 165 166 166 166 166 166 166 166 165 164 164 163 162 161 161 160 158 157 156 156 155 154 153 152 150 149 147 146 144 142 140 137 135 133 130 128 126 124 123 122 122 122 124 125 127 129 132 134 136 137 139 139 140 139 139 138 137 136 136 135 134 133 133 133 133 134 134 135 135 135 136 136 136 136 136
168 168 168 168 168 168 169 169 169 170 171 171 170 169 168 167 166 165 163 162 161 159 158 157 156 156 155 154 153 152 151 149 148 146 144 141 139 136 134 131 128 126 124 123 122 121 122 124 125 128 130 132 134 136 138 139 140 140 140 140 139 138 137 136 135 134 134 133 133 133 133 134 134 134 134 135 134 134 134 133
170 170 170 170 170 171 171 172 173 173 174 174 173 172 171 170 168 167 165 164 162 160 159 158 158 157 157 156 155 154 153 151 150 148 146 143 140 138 135 132 130 127 125 123 122 122 123 124 126 128 130 132 134 136 138 140 140 141 140 140 139 138 137 136 136 135 134 134 133 133 133 133 133 134 133 133 133 133 132 132
170 171 171 171 172 172 173 174 175 175 176 176 176 174 173 172 171 169 167 166 165 163 161 160 160 159 159 158 157 156 155 153 152 150 148 145 142 140 137 134 131 129 127 125 124 123 124 125 127 129 131 133 135 137 138 140 140 140 140 140 139 138 138 137 136 135 135 134 134 134 133 133 133 133 133 132 132 131 131 130
171 171 172 172 173 173 174 175 175 176 177 177 177 176 175 174 172 171 170 168 167 165 164 163 162 162 161 161 160 159 157 156 154 152 150 147 145 142 139 136 133 131 129 127 126 126 126 127 129 131 132 134 136 137 138 139 140 140 140 140 139 139 138 137 137 136 135 135 134 134 134 133 133 133 132 132 131 130 130 129
170 171 172 172 173 173 174 175 176 176 177 177 177 176 176 175 174 173 172 171 170 168 167 166 165 164 164 163 162 161 159 158 156 154 152 149 147 143 141 138 135 133 131 130 129 128 129 130 131 132 134 135 137 138 139 139 140 140 140 140 139 139 139 138 137 137 136 135 135 134 134 133 133 132 132 131 130 130 129 128
169 170 171 172 173 173 174 175 175 176 176 176 177 177 176 176 175 174 174 173 172 171 170 169 168 167 166 165 164 163 162 160 159 156 154 151 149 145 142 140 137 135 134 132 131 131 132 132 133 134 135 137 138 138 139 139 140 140 140 140 140 139 139 139 138 138 137 136 136 135 134 134 133 132 132 131 130 129 128 127
168 169 170 171 172 173 173 174 175 175 176 176 176 176 176 176 176 176 175 175 174 174 173 172 171 169 168 167 166 165 163 162 160 158 156 153 150 147 144 141 139 137 136 135 134 134 134 135 135 136 138 138 139 139 139 140 140 140 140 140 140 140 139 139 139 138 138 137 136 136 135 134 133 132 132 131 130 129 128 127
167 168 169 170 171 172 172 173 174 174 175 175 175 176 176 177 177 177 177 176 176 176 175 174 173 171 170 169 167 166 165 164 162 160 158 155 152 149 146 143 141 139 138 138 137 137 137 138 138 139 139 140 140 140 140 140 140 140 140 140 140 140 140 140 139 139 138 138 137 136 135 134 133 133 132 131 130 129 128 127
165 166 168 169 170 171 172 173 173 174 174 174 175 176 176 177 177 177 177 177 177 177 177 176 174 173 171 170 168 167 166 165 163 161 159 156 153 150 147 144 142 141 140 140 140 139 140 140 140 141 141 142 142 142 141 141 140 141 141 141 141 141 141 140 140 139 139 138 138 137 136 135 134 133 132 131 130 129 129 128
