Part_1_SDMs/env_data/future_climate_2070_RCP_8.5/bioclim_15.asc
NCOLS 444 
NROWS 438 
XLLCORNER -19 
YLLCORNER -35 
CELLSIZE 0.166666666666667 
NODATA_value -32768 
[rows 0 to 36 of 438, columns 82 to 163 of 444]
73 72 71 70 70 69 68 67 66 64 61 57 54 50 44 40 40 40 40 41 42 42 44 50 52 53 54 59 62 -32768 -32768 -32768 -32768 -32768 -32768 -32768 -32768 -32768 -32768 -32768 -32768 -32768 -32768 -32768 -32768 -32768 -32768 -32768 -32768 -32768 -32768 -32768 -32768 -32768 -32768 -32768 -32768 -32768 -32768 -32768 -32768 -32768 -32768 -32768 -32768 -32768 -32768 -32768 -32768 -32768 -32768 -32768 -32768 -32768 -32768 -32768 -32768 -32768 -32768 -32768 -32768 -32768
75 74 73 72 71 70 69 68 65 64 58 53 53 50 45 45 43 41 40 40 43 45 46 50 50 52 54 55 -32768 -32768 -32768 -32768 -32768 -32768 -32768 -32768 -32768 -32768 -32768 -32768 -32768 -32768 -32768 -32768 -32768 -32768 -32768 -32768 -32768 -32768 -32768 -32768 -32768 -32768 -32768 -32768 -32768 -32768 -32768 -32768 -32768 -32768 -32768 -32768 -32768 -32768 -32768 -32768 -32768 -32768 -32768 -32768 -32768 -32768 -32768 -32768 -32768 -32768 -32768 -32768 -32768 -32768
78 77 76 74 73 71 69 67 64 58 57 54 52 51 49 46 43 40 39 40 42 45 45 49 50 50 52 53 -32768 -32768 -32768 -32768 -32768 -32768 -32768 -32768 -32768 -32768 -32768 -32768 -32768 -32768 -32768 -32768 -32768 -32768 -32768 -32768 -32768 -32768 -32768 -32768 -32768 -32768 -32768 -32768 -32768 -32768 -32768 -32768 -32768 -32768 -32768 -32768 -32768 -32768 -32768 -32768 -32768 -32768 -32768 -32768 -32768 -32768 -32768 -32768 -32768 -32768 -32768 -32768 -32768 -32768
80 79 78 77 75 72 69 67 63 61 58 54 53 50 45 44 43 42 43 44 46 48 49 50 -32768 -32768 -32768 -32768 -32768 -32768 -32768 -32768 -32768 -32768 -32768 -32768 -32768 -32768 -32768 -32768 -32768 -32768 -32768 -32768 -32768 -32768 -32768 -32768 -32768 -32768 -32768 -32768 -32768 -32768 -32768 -32768 -32768 -32768 -32768 -32768 -32768 -32768 -32768 -32768 -32768 -32768 -32768 -32768 -32768 -32768 -32768 -32768 -32768 -32768 -32768 -32768 -32768 -32768 -32768 -32768 -32768 -32768
82 81 79 78 77 74 71 68 65 63 58 53 50 49 45 41 40 39 42 44 49 50 -32768 -32768 -32768 -32768 -32768 -32768 -32768 -32768 -32768 -32768 -32768 -32768 -32768 -32768 -32768 -32768 -32768 -32768 -32768 -32768 -32768 -32768 -32768 -32768 -32768 -32768 -32768 -32768 -32768 -32768 -32768 -32768 -32768 -32768 -32768 -32768 -32768 -32768 -32768 -32768 -32768 -32768 -32768 -32768 -32768 -32768 -32768 -32768 -32768 -32768 -32768 -32768 -32768 -32768 -32768 -32768 -32768 -32768 -32768 -32768
82 82 80 80 78 74 69 66 65 61 57 47 43 44 43 45 46 46 45 47 48 50 -32768 -32768 -32768 -32768 -32768 -32768 -32768 -32768 -32768 -32768 -32768 -32768 -32768 -32768 -32768 -32768 -32768 -32768 -32768 -32768 -32768 -32768 -32768 -32768 -32768 -32768 -32768 -32768 -32768 -32768 -32768 -32768 -32768 -32768 -32768 -32768 -32768 -32768 -32768 -32768 -32768 -32768 -32768 -32768 -32768 -32768 -32768 79 79 79 -32768 -32768 -32768 81 81 80 -32768 -32768 -32768 -32768
83 81 82 81 78 75 73 68 63 60 59 53 51 52 47 45 47 49 48 51 52 -32768 -32768 -32768 -32768 -32768 -32768 -32768 -32768 -32768 -32768 -32768 -32768 -32768 -32768 -32768 -32768 -32768 -32768 -32768 -32768 -32768 -32768 -32768 -32768 -32768 -32768 -32768 -32768 -32768 -32768 -32768 -32768 73 74 75 75 75 75 74 72 72 -32768 -32768 -32768 -32768 -32768 75 77 78 79 78 77 77 77 80 79 77 76 75 77 79
83 81 81 85 84 81 77 75 70 65 64 59 56 55 55 55 54 53 53 53 -32768 -32768 -32768 -32768 -32768 -32768 -32768 -32768 -32768 -32768 -32768 -32768 -32768 -32768 -32768 -32768 -32768 -32768 -32768 -32768 -32768 -32768 -32768 -32768 -32768 -32768 -32768 -32768 70 70 69 69 70 72 73 74 75 75 73 70 70 69 69 69 71 73 74 74 77 77 76 75 74 75 75 76 76 75 73 73 75 77
86 84 84 85 83 86 -32768 -32768 -32768 -32768 -32768 -32768 -32768 -32768 -32768 -32768 -32768 -32768 -32768 -32768 -32768 -32768 -32768 -32768 -32768 -32768 -32768 -32768 -32768 -32768 -32768 -32768 -32768 -32768 -32768 -32768 -32768 -32768 67 68 67 68 69 70 70 70 69 69 69 68 68 69 69 70 71 72 71 71 68 65 66 65 64 65 66 68 71 73 74 73 71 70 69 69 69 70 69 68 68 71 73 76
89 89 89 87 -32768 -32768 -32768 -32768 -32768 -32768 -32768 -32768 -32768 -32768 -32768 -32768 -32768 -32768 -32768 -32768 -32768 -32768 -32768 -32768 -32768 -32768 -32768 -32768 -32768 -32768 -32768 -32768 -32768 -32768 -32768 -32768 64 62 62 64 63 65 65 66 67 67 67 67 67 66 66 67 67 66 67 66 63 63 63 64 60 57 58 59 58 62 66 67 66 65 64 63 62 63 63 63 63 62 63 68 70 73
91 -32768 -32768 -32768 -32768 -32768 -32768 -32768 -32768 -32768 -32768 -32768 -32768 -32768 -32768 -32768 -32768 -32768 -32768 -32768 -32768 -32768 -32768 -32768 -32768 -32768 -32768 -32768 -32768 -32768 -32768 -32768 -32768 -32768 67 64 62 61 61 62 62 65 66 66 66 65 65 65 65 64 63 62 62 61 60 61 60 59 58 52 49 48 50 49 49 52 54 57 58 56 54 52 53 56 57 56 57 58 59 62 64 66
-32768 -32768 -32768 -32768 -32768 -32768 -32768 -32768 -32768 -32768 -32768 -32768 -32768 -32768 -32768 -32768 -32768 -32768 -32768 -32768 -32768 -32768 -32768 -32768 -32768 -32768 -32768 -32768 -32768 -32768 -32768 -32768 67 66 65 62 61 61 61 61 61 63 63 63 63 63 62 61 61 60 59 57 56 54 53 53 52 51 49 45 40 41 43 45 44 44 46 48 48 46 43 42 45 47 48 49 50 51 52 53 55 56
96 -32768 -32768 -32768 -32768 -32768 -32768 -32768 -32768 -32768 -32768 -32768 -32768 62 -32768 -32768 -32768 -32768 -32768 -32768 -32768 -32768 -32768 -32768 -32768 -32768 -32768 -32768 -32768 65 68 67 66 65 63 63 62 62 61 60 60 58 59 58 57 56 55 54 54 54 54 53 50 47 45 45 45 44 43 41 39 39 40 41 41 41 41 41 40 38 37 36 38 40 42 42 43 43 41 41 44 46
102 -32768 -32768 -32768 -32768 -32768 -32768 -32768 -32768 -32768 -32768 -32768 -32768 -32768 -32768 -32768 -32768 -32768 -32768 -32768 -32768 -32768 -32768 -32768 -32768 68 67 65 66 67 67 67 66 65 63 61 61 61 61 60 58 58 56 55 54 53 51 50 48 47 46 45 43 42 41 41 41 42 43 43 41 39 39 40 40 39 39 37 36 33 32 33 34 35 36 37 38 37 35 34 36 37
102 100 -32768 -32768 -32768 -32768 -32768 -32768 -32768 -32768 -32768 -32768 -32768 -32768 -32768 -32768 -32768 -32768 -32768 -32768 -32768 -32768 -32768 -32768 67 67 66 67 66 67 67 66 65 62 61 61 60 59 59 59 57 55 53 52 51 49 47 45 43 42 42 41 39 38 38 37 38 40 41 43 42 42 42 41 40 40 37 36 34 31 32 31 31 33 33 33 34 34 33 31 32 35
101 96 91 -32768 -32768 -32768 -32768 -32768 -32768 -32768 -32768 -32768 -32768 61 60 -32768 -32768 -32768 -32768 -32768 -32768 -32768 -32768 70 70 67 67 67 62 63 64 64 63 61 60 59 59 59 58 57 55 51 48 47 46 43 42 40 39 40 39 39 37 36 36 36 36 38 40 41 41 42 43 43 42 40 37 35 34 35 33 32 33 34 34 33 33 32 32 31 30 32
103 97 92 84 77 73 71 71 71 72 73 67 62 60 60 61 -32768 -32768 -32768 -32768 -32768 61 62 66 65 63 62 60 61 60 60 63 61 56 49 55 53 53 54 54 51 47 44 43 42 39 38 38 38 38 38 37 36 36 36 35 36 37 39 39 41 41 42 42 41 39 38 35 33 33 33 34 32 33 32 32 31 31 30 31 31 32
104 98 93 87 80 73 70 69 69 66 66 63 60 59 59 58 57 59 58 56 57 57 60 63 63 62 58 58 55 55 58 58 55 50 46 49 50 50 45 44 41 39 37 38 38 37 37 36 36 37 37 36 35 34 34 35 34 34 35 38 39 39 40 40 41 41 40 36 34 32 32 31 30 30 31 31 30 29 29 29 30 31
104 99 94 87 81 75 65 63 62 62 63 61 57 55 55 55 56 55 54 53 54 55 58 59 58 56 52 50 48 44 49 48 42 40 37 38 43 43 40 40 38 37 36 36 35 36 35 34 35 36 36 34 33 33 33 34 34 34 36 37 38 38 40 42 42 42 41 39 36 34 33 31 31 30 29 29 29 29 28 29 30 31
101 97 92 86 79 72 67 62 58 57 62 58 54 52 51 51 51 51 50 50 51 52 54 56 52 46 43 42 35 35 36 35 34 31 31 33 37 38 38 38 37 36 36 35 35 34 33 33 33 32 32 32 32 33 33 34 34 35 36 37 39 41 42 43 43 44 45 43 42 41 39 38 36 35 33 32 30 30 29 30 31 32
96 94 90 86 81 74 68 63 60 59 54 53 51 48 48 47 47 47 47 47 48 49 51 53 51 45 39 34 32 33 31 31 31 31 32 34 35 37 37 37 36 35 35 35 33 33 32 31 30 30 30 30 31 32 33 33 34 36 38 39 41 42 45 46 45 46 45 44 44 42 42 42 40 39 37 36 35 33 33 32 33 34
91 90 87 84 81 77 72 68 66 65 57 53 48 45 44 43 44 44 44 45 47 48 47 49 47 42 37 34 33 33 34 35 34 33 33 34 35 36 36 36 35 35 34 33 33 31 30 30 29 28 29 31 33 33 32 33 36 37 39 40 42 43 46 46 46 48 48 47 46 46 44 42 42 40 39 39 38 37 35 36 37 39
87 86 84 82 78 76 75 75 74 68 59 50 45 44 42 41 41 42 43 44 45 46 46 45 42 39 36 35 35 36 36 36 35 35 35 35 35 35 36 35 35 34 34 34 32 30 29 28 29 30 33 34 36 35 34 36 37 37 38 39 41 42 45 46 47 48 47 47 46 46 45 43 41 42 42 41 41 42 43 44 45 45
83 81 80 78 76 73 63 53 59 63 56 49 44 42 41 40 40 41 42 43 44 44 43 43 41 39 38 37 37 38 39 38 38 37 36 37 37 36 35 35 34 33 33 32 31 30 30 30 30 34 38 39 38 38 38 37 36 37 37 38 40 43 45 46 48 49 50 51 52 51 49 47 46 46 46 44 45 45 46 47 48 49
78 76 74 71 68 60 51 49 53 50 49 46 42 41 40 40 40 41 41 43 43 43 43 42 42 40 40 39 40 40 40 39 39 38 37 37 37 36 36 35 34 33 32 32 32 31 34 35 36 43 47 46 43 40 38 37 36 36 37 38 41 42 44 47 49 51 53 54 52 49 49 47 46 46 47 48 47 47 47 48 50 53
73 68 59 55 58 53 46 45 43 43 45 43 41 41 41 41 41 42 42 43 43 43 44 43 43 43 42 42 42 42 42 42 41 40 38 38 37 37 35 34 33 33 34 33 31 33 35 37 45 56 55 49 44 41 39 36 35 34 35 38 40 40 43 48 50 52 55 55 52 51 51 49 49 48 47 47 48 49 50 52 55 55
70 65 56 46 47 44 42 43 42 41 42 41 41 41 41 42 43 43 43 44 44 44 44 44 44 43 43 42 43 43 43 43 42 41 40 39 38 37 35 36 33 33 34 35 35 34 36 40 45 52 52 48 44 41 37 35 34 33 36 37 39 41 46 48 50 51 54 58 53 51 51 50 50 50 50 49 50 51 52 51 52 54
69 63 55 47 45 40 40 42 39 40 40 40 41 42 43 43 44 44 45 45 45 45 45 45 45 44 43 43 44 44 45 45 44 42 41 41 39 39 38 38 36 35 36 36 36 36 37 39 42 46 47 45 41 37 35 33 32 34 35 36 38 42 45 47 49 50 53 54 53 52 51 49 49 50 50 49 49 50 51 52 53 54
65 60 54 49 42 39 38 38 39 41 40 40 42 43 43 44 45 45 45 46 47 47 47 47 46 46 44 44 44 45 45 44 44 43 43 43 41 42 42 40 40 39 38 37 37 36 37 39 41 43 42 41 39 37 35 34 34 34 35 37 39 42 46 48 50 50 49 50 49 51 51 50 50 51 52 51 50 48 49 50 54 55
62 56 52 46 41 39 38 38 39 39 38 41 43 44 44 45 46 47 47 47 47 47 48 48 47 46 45 46 45 45 45 46 45 45 47 47 45 45 44 44 43 41 40 39 38 37 37 37 38 40 41 40 37 36 34 33 33 34 36 38 40 44 45 49 49 49 47 45 48 51 51 50 50 50 51 50 51 51 51 51 52 53
59 54 50 44 40 38 37 37 37 37 40 43 44 45 47 47 47 47 47 48 49 50 50 49 48 46 46 44 44 43 46 47 47 48 51 52 50 48 46 45 44 42 41 39 39 38 37 36 36 37 37 36 34 33 32 32 33 36 37 38 41 43 47 48 49 48 47 46 48 49 50 50 49 49 49 48 49 50 51 52 51 52
58 53 47 42 39 38 37 36 34 37 41 44 48 50 50 49 48 48 48 51 52 53 52 48 48 47 46 46 44 46 47 47 48 51 51 51 50 49 47 46 45 43 42 41 40 38 37 36 36 34 33 33 32 31 31 34 35 35 38 40 42 45 47 49 50 50 48 47 48 49 49 48 47 48 49 50 50 50 49 49 49 49
55 50 45 41 38 36 35 35 35 36 40 47 54 55 53 50 50 50 51 53 54 53 53 52 51 48 46 45 44 47 47 50 52 51 51 51 50 49 48 47 45 44 43 42 41 41 39 38 37 35 33 33 32 32 33 34 34 37 40 42 45 46 48 49 51 53 52 51 50 50 51 48 46 46 48 48 48 49 49 50 51 51
50 47 43 40 38 36 34 34 33 35 40 48 56 55 53 51 51 52 53 55 54 54 53 53 51 46 46 47 47 51 50 51 52 52 51 51 50 49 47 47 45 43 43 42 41 40 38 37 35 35 34 33 33 32 33 34 37 40 43 43 44 48 51 53 52 52 53 54 54 53 51 49 48 48 47 47 47 48 48 48 48 49
48 46 43 42 39 39 37 34 32 32 35 42 49 50 50 49 50 51 53 53 50 53 53 53 52 49 51 48 51 51 50 50 51 51 50 49 49 48 47 46 45 44 43 42 41 39 38 37 36 35 35 35 34 34 36 39 40 41 44 46 48 50 53 54 54 54 54 53 52 51 51 48 46 47 46 46 46 46 46 46 47 48
48 46 45 42 40 42 39 37 34 31 30 30 35 40 43 46 49 50 52 51 49 50 52 53 55 54 52 51 51 50 49 50 49 50 50 50 49 48 47 46 45 44 42 41 40 39 39 38 39 35 36 35 36 37 40 41 42 45 46 49 52 54 55 58 60 57 53 52 50 49 48 45 45 45 45 45 45 45 45 45 45 45
48 48 49 50 53 56 51 47 41 40 40 33 30 35 39 44 46 49 52 53 51 55 56 55 54 51 50 50 51 49 49 50 49 49 50 50 48 47 46 46 46 45 44 43 42 42 41 41 41 41 40 40 40 40 41 43 47 49 51 52 53 54 57 60 62 56 55 53 50 49 47 44 44 45 45 45 46 47 47 48 48 49
