Part_1_SDMs/env_data/future_climate_2070_RCP_8.5/bioclim_11.asc
NCOLS 444 
NROWS 438 
XLLCORNER -19 
YLLCORNER -35 
CELLSIZE 0.166666666666667 
NODATA_value -32768 
[rows 175 to 209 of 438, columns 237 to 315 of 444]
288 289 290 289 289 290 288 289 287 286 281 278 278 270 266 264 267 265 265 267 270 271 268 261 267 273 277 279 281 286 289 291 293 294 295 295 296 297 299 298 300 302 303 304 306 306 307 307 307 307 307 307 307 306 305 304 304 303 303 302 302 302 303 303 303 303 304 304 304 304 304 303 302 301 301 300 299 300 300
282 284 289 285 282 283 286 283 277 274 276 270 269 264 263 265 269 267 267 267 270 269 267 268 269 275 277 280 282 283 286 290 291 293 293 293 296 298 298 299 301 302 304 305 306 306 306 307 307 307 307 307 306 306 305 304 303 303 302 302 302 302 302 302 303 303 303 303 303 303 303 303 302 301 300 299 300 299 299
286 282 286 282 279 278 278 278 277 273 272 269 269 266 268 263 265 270 270 272 272 268 268 271 273 276 277 278 281 286 288 288 289 292 291 294 297 296 298 299 301 302 303 305 306 306 306 306 306 307 307 307 307 306 305 304 303 302 302 302 302 302 302 302 302 302 302 303 303 302 302 302 302 301 301 300 300 300 299
288 282 282 280 277 274 275 274 274 274 271 271 268 267 271 269 268 272 273 272 269 267 267 270 270 272 275 278 282 284 287 286 287 290 292 296 297 295 297 299 300 301 303 303 305 306 306 306 306 306 306 306 306 305 304 303 302 302 301 302 301 301 302 301 302 302 302 302 302 302 302 302 302 302 301 301 300 300 299
288 283 278 276 274 275 275 275 273 274 272 274 270 271 270 274 272 270 274 272 267 266 271 273 272 273 274 277 279 283 283 284 287 290 293 296 296 295 296 298 300 302 302 303 305 306 306 306 306 305 305 305 305 304 303 303 302 302 301 301 301 301 301 301 301 302 302 302 302 302 302 302 302 302 302 301 301 301 299
289 285 280 276 274 276 277 277 275 276 273 275 275 274 271 273 273 272 274 272 270 270 273 275 274 276 276 276 277 280 282 285 288 290 294 296 295 293 293 297 300 301 302 304 305 305 305 305 305 304 304 303 303 303 303 302 302 302 301 301 301 301 300 300 301 301 301 301 301 302 302 303 303 303 302 302 302 301 300
286 286 284 276 275 277 277 277 277 278 275 274 275 275 274 275 275 275 274 273 271 272 274 276 276 277 278 277 277 279 282 285 287 291 293 295 294 293 295 298 300 300 302 302 303 304 303 304 304 303 303 303 303 303 302 302 302 301 301 301 300 300 300 300 301 301 301 301 301 302 302 303 303 303 303 303 303 302 301
288 287 284 277 274 275 278 277 278 279 277 274 275 276 276 275 272 271 272 271 272 273 274 276 278 278 278 277 277 280 284 285 288 290 291 293 293 295 297 297 297 299 299 300 302 303 301 302 303 302 302 302 302 302 302 301 301 301 301 300 300 300 300 300 300 301 301 301 302 302 302 303 303 303 304 304 304 303 301
285 284 284 282 280 276 278 278 279 277 277 275 276 278 277 273 271 270 273 272 273 275 274 277 279 279 279 278 278 280 281 284 288 288 289 292 292 293 296 295 296 298 299 301 301 301 300 300 301 301 301 301 301 301 301 301 301 300 300 300 300 299 299 300 300 300 301 301 302 302 302 303 303 304 304 305 304 303 302
283 284 283 282 283 280 278 279 279 276 278 277 277 278 276 273 271 273 272 273 274 275 275 277 279 279 280 280 280 280 281 281 285 285 288 291 291 294 294 294 296 297 299 299 298 300 297 298 299 299 300 300 300 301 301 301 301 300 300 299 299 299 299 299 299 300 300 301 301 302 302 303 304 304 305 305 304 304 302
282 281 282 282 282 281 278 279 278 277 278 278 278 277 274 273 273 271 273 275 275 276 276 278 280 279 281 281 282 283 283 282 282 283 287 289 291 292 293 295 296 298 298 296 297 298 297 297 298 297 298 299 300 300 300 300 300 300 299 299 299 299 299 299 299 300 300 301 301 302 303 303 304 305 305 305 305 304 303
277 279 280 280 281 281 280 279 278 278 279 279 277 275 274 274 273 270 271 273 275 276 278 278 279 281 282 282 284 284 283 283 283 283 286 287 290 291 293 294 296 296 296 295 297 296 295 297 297 295 297 298 299 300 300 300 300 299 299 299 299 299 299 299 300 300 300 301 301 302 303 303 304 305 305 305 305 304 304
276 277 277 276 278 276 275 277 279 280 279 278 276 275 276 273 271 272 272 272 271 276 279 278 280 282 282 284 285 284 285 283 281 282 283 286 288 291 292 294 293 294 293 294 295 295 294 296 295 295 295 297 297 298 299 299 299 299 299 299 298 298 299 299 299 300 300 301 302 302 302 303 304 304 305 305 305 305 304
275 276 275 273 275 274 276 276 278 279 277 276 277 276 276 273 274 273 273 274 273 276 278 277 281 283 284 284 283 284 285 282 282 281 283 284 288 291 291 292 292 291 291 293 294 293 292 295 293 294 294 296 296 297 297 298 298 299 298 298 297 296 297 299 300 300 300 300 301 302 302 303 304 304 305 305 305 305 304
274 275 276 276 275 277 278 275 277 279 277 274 275 274 274 274 275 273 275 273 275 277 279 277 281 283 283 283 284 285 284 284 282 284 284 285 288 289 290 290 291 289 290 291 293 291 291 294 292 292 293 294 296 295 296 296 297 298 298 298 298 297 297 299 299 300 300 300 301 301 302 303 304 304 304 305 305 305 305
273 276 277 278 277 278 277 277 278 278 276 276 276 274 274 274 276 276 275 274 274 279 280 278 279 283 282 282 284 285 284 282 283 284 284 282 284 287 288 289 289 288 289 290 292 289 289 292 290 289 292 293 294 294 294 296 295 296 297 298 299 299 298 299 299 299 299 300 301 301 302 303 303 304 304 304 305 305 305
277 279 282 282 280 278 278 277 277 278 278 278 277 276 276 275 278 276 275 275 277 279 282 281 283 284 284 283 284 284 283 283 284 284 283 281 281 284 286 287 287 286 287 289 289 286 289 291 290 289 291 291 292 293 293 295 295 295 296 296 298 299 299 300 300 299 300 300 301 302 302 303 303 304 304 304 304 304 305
283 282 284 280 280 280 278 277 277 278 277 278 278 277 278 278 279 279 279 276 277 279 282 283 284 285 286 284 285 284 284 284 283 282 283 282 281 281 282 284 285 284 287 289 288 287 287 288 288 288 288 289 291 292 292 293 293 294 296 295 296 297 298 299 300 301 301 301 301 302 302 303 303 303 303 304 304 304 304
282 285 282 278 278 278 278 277 276 277 276 277 277 277 279 279 280 280 279 279 278 280 282 284 285 285 283 284 283 284 282 283 283 283 283 282 282 282 281 280 282 285 286 287 288 286 284 287 287 287 285 287 289 289 290 290 292 292 295 295 296 298 298 298 300 301 301 302 302 302 302 302 303 303 303 303 303 304 304
278 281 278 278 278 278 276 276 277 278 276 276 275 276 277 280 281 281 279 279 279 280 282 281 282 283 284 285 285 285 285 284 284 282 282 282 282 282 280 279 279 282 283 285 286 286 283 285 284 286 286 285 287 287 288 289 291 291 294 293 295 297 297 298 299 301 302 302 302 303 302 303 303 303 302 302 302 303 304
278 280 273 277 279 276 275 276 277 275 276 277 279 280 281 281 282 280 278 279 279 281 282 281 282 282 285 284 285 287 287 285 283 283 283 283 282 280 279 279 278 280 283 283 284 284 282 282 282 283 285 283 285 286 285 287 288 289 292 292 294 297 296 297 299 300 301 303 302 303 303 302 302 302 302 301 302 303 303
280 280 273 278 278 277 275 274 278 275 276 280 282 282 283 283 283 281 279 279 280 282 280 282 283 283 284 283 287 287 285 285 285 284 284 282 281 280 279 279 278 279 280 280 281 283 281 280 280 280 283 281 282 283 283 285 285 286 290 290 292 295 295 297 299 299 301 303 302 303 302 302 302 302 301 300 301 301 301
279 277 272 278 280 274 272 276 278 273 277 281 282 284 284 284 282 280 280 280 280 280 281 282 283 283 284 286 286 287 284 283 282 281 282 282 281 281 280 279 278 276 278 280 279 281 282 281 280 280 280 281 280 281 280 283 283 283 287 289 290 293 295 296 298 300 301 303 302 302 302 301 301 301 300 300 299 299 298
277 273 273 279 283 275 273 275 273 276 282 282 284 285 286 284 282 280 280 280 281 281 282 281 282 285 286 286 286 286 284 284 282 280 278 281 280 279 279 278 277 276 277 277 278 280 280 280 280 279 279 279 278 277 277 280 281 280 283 287 288 289 293 294 298 300 302 302 302 301 300 300 297 297 299 298 298 296 294
272 273 274 280 280 278 272 275 275 281 284 282 285 287 287 285 283 281 281 280 280 281 281 282 283 284 284 284 285 284 284 283 282 280 278 279 278 279 278 277 277 277 275 275 278 279 279 278 279 278 278 278 276 274 274 277 278 278 281 285 287 286 290 290 296 299 301 299 298 299 299 299 296 286 297 296 293 293 290
276 276 277 278 276 274 275 275 279 282 284 284 285 286 285 283 283 281 280 279 280 283 282 282 282 283 283 283 283 283 282 282 281 281 279 278 280 279 277 278 277 276 276 275 275 276 278 278 277 276 276 276 276 273 270 271 273 277 281 283 284 284 285 288 294 298 300 299 291 292 296 297 297 292 286 293 290 285 280
277 277 277 276 272 272 276 276 279 283 284 284 286 285 283 283 282 281 281 281 282 282 282 283 283 282 282 283 282 282 281 280 281 281 280 279 279 278 278 278 276 276 276 274 275 275 276 276 274 274 274 274 275 273 273 271 273 277 279 280 282 283 283 284 290 297 297 297 288 286 290 291 294 296 294 291 287 267 251
275 275 274 272 273 274 277 279 281 284 285 286 288 286 285 284 283 282 282 281 281 282 283 283 283 282 282 283 282 282 281 280 281 280 277 279 278 276 276 276 275 276 275 275 275 275 275 274 275 276 275 275 275 274 273 273 273 276 278 279 280 281 281 283 288 295 297 293 291 288 284 282 288 285 292 271 281 264 230
274 274 272 267 268 269 274 278 280 283 285 287 287 285 284 283 282 281 282 282 283 282 283 284 283 283 283 282 282 281 281 281 280 279 278 277 278 278 276 275 276 276 276 276 276 275 276 276 277 277 276 276 276 276 275 274 274 274 276 277 277 278 280 281 285 289 292 292 286 285 282 277 259 261 256 272 279 276 266
274 274 273 270 271 271 274 278 279 282 283 285 287 286 285 285 285 283 283 283 282 282 282 283 283 283 282 281 280 280 281 279 279 279 278 278 278 278 276 276 277 276 277 277 276 277 277 278 278 277 278 278 278 277 276 275 275 274 274 275 275 276 276 279 281 285 278 289 286 285 286 281 272 245 203 252 276 273 269
274 274 275 273 270 274 274 278 281 283 284 285 284 285 285 284 282 283 284 284 283 283 283 283 282 282 281 280 280 281 279 278 279 279 278 278 277 277 276 275 276 277 277 277 277 278 279 279 279 280 279 279 278 278 277 276 276 275 274 272 269 270 274 277 279 280 278 277 285 290 287 282 276 265 244 265 269 269 246
275 276 274 271 273 274 275 279 281 282 282 284 284 282 282 283 285 286 287 285 284 283 283 284 283 282 281 280 281 280 279 278 278 277 277 277 276 277 276 276 275 274 275 276 277 278 279 280 281 281 280 279 278 277 276 275 275 274 272 268 265 265 268 272 276 283 284 282 287 290 289 283 276 268 268 269 268 269 254
278 275 275 274 274 275 277 278 279 280 279 281 281 282 282 283 287 287 288 288 288 287 283 283 282 282 282 281 280 279 277 277 276 276 276 277 276 276 276 275 275 275 275 276 276 278 279 280 280 280 280 277 278 276 274 273 272 271 270 267 264 263 262 270 274 284 290 287 288 288 286 280 273 269 271 270 268 268 250
282 280 276 276 275 276 277 279 278 279 281 282 280 282 283 284 283 284 285 287 288 288 288 287 284 281 281 280 280 278 278 277 276 275 275 276 276 276 276 275 276 275 275 277 277 278 279 280 280 279 279 274 274 275 274 272 271 271 270 267 262 260 263 271 278 284 286 280 281 283 279 281 277 275 273 271 268 266 267
285 283 276 277 279 280 280 282 281 281 281 283 281 280 280 282 283 283 283 284 287 289 288 288 287 285 284 281 278 277 277 276 277 275 274 275 274 274 276 275 274 275 274 275 278 278 277 278 278 278 276 274 272 272 272 270 268 269 268 264 261 257 261 271 278 280 273 269 269 273 273 271 275 275 271 269 267 262 266
