Part_1_SDMs/env_data/future_climate_2070_RCP_8.5/bioclim_13.asc
NCOLS 444 
NROWS 438 
XLLCORNER -19 
YLLCORNER -35 
CELLSIZE 0.166666666666667 
NODATA_value -32768 
[rows 350 to 384 of 438, columns 240 to 319 of 444]
141 144 147 150 153 157 159 162 164 166 166 167 167 166 164 159 154 149 146 142 137 135 132 130 129 126 121 115 110 112 113 113 111 109 113 120 128 139 151 167 173 174 174 180 179 177 186 183 182 177 182 186 182 188 206 207 208 208 219 243 234 248 267 245 219 183 156 141 209 296 341 279 257 260 272 289 306 306 296 292
138 141 145 149 153 156 158 161 163 164 166 166 167 165 162 158 153 148 144 139 135 132 130 128 125 122 117 112 107 110 112 113 109 107 111 118 125 131 135 145 159 169 176 182 182 174 178 177 169 166 179 184 189 208 227 227 212 208 211 219 229 240 278 244 215 186 171 159 210 263 284 252 245 263 277 293 295 281 278 275
134 139 144 148 152 156 158 160 162 165 167 166 166 163 160 156 151 146 141 136 132 129 127 125 122 119 114 109 104 107 110 111 109 109 112 117 124 128 128 133 147 162 174 174 174 171 168 164 162 163 176 189 198 216 220 211 199 194 205 209 210 215 224 211 200 186 182 177 202 229 221 245 251 274 281 279 274 266 263 258
132 137 143 148 154 158 160 162 165 166 166 166 164 161 158 154 149 144 139 134 129 127 125 123 120 117 113 108 104 103 105 106 108 110 114 119 127 132 136 141 146 154 157 159 160 159 157 158 159 158 169 188 197 192 184 174 178 181 187 191 191 192 193 191 185 184 176 174 187 204 223 244 259 274 268 265 260 254 252 247
131 138 144 150 154 158 161 163 165 165 165 163 162 159 156 153 148 143 139 134 128 126 124 122 119 116 112 109 105 101 101 103 106 110 115 121 127 131 142 147 144 144 143 142 143 144 143 147 153 153 160 171 173 168 153 143 151 164 176 176 174 174 168 174 175 174 172 169 176 192 210 234 242 254 254 251 248 245 244 238
131 137 143 150 155 158 160 163 164 163 162 161 159 157 154 151 147 142 138 135 130 126 123 121 118 117 113 110 107 105 104 105 108 112 117 122 127 130 134 136 137 134 131 127 126 131 134 133 140 142 145 150 158 155 146 140 143 148 159 164 167 169 169 170 171 171 177 168 169 188 203 227 236 238 242 240 238 236 234 230
129 136 143 149 153 156 159 161 161 161 160 159 157 155 153 150 146 142 138 135 132 128 126 124 121 118 115 112 110 108 108 109 112 115 119 121 124 126 127 126 125 124 121 119 118 120 122 119 126 132 130 135 144 143 134 135 138 141 147 154 163 173 175 180 178 170 166 170 177 186 200 216 222 222 226 229 229 229 231 227
127 134 141 148 150 153 156 157 158 158 158 157 155 153 151 148 144 142 139 136 133 130 127 125 122 119 116 113 111 110 110 111 115 117 119 120 120 120 119 118 119 119 117 115 112 112 113 114 116 120 116 120 129 130 125 123 129 138 147 152 154 166 181 194 191 174 171 178 182 190 200 206 208 215 222 227 229 230 232 226
124 131 138 144 147 149 152 154 155 156 155 155 153 151 149 146 143 140 138 137 134 131 128 125 122 120 117 115 112 112 112 115 117 119 121 123 123 119 113 112 116 117 115 114 110 108 105 104 102 105 109 110 115 118 120 122 128 133 143 154 167 164 174 189 184 173 173 173 177 184 191 198 203 210 217 222 227 229 228 225
120 127 133 139 143 146 149 151 152 153 153 152 151 149 147 144 141 138 136 135 132 130 127 124 122 119 117 115 113 112 113 118 121 123 126 129 126 119 113 111 114 117 113 107 103 101 101 101 100 100 104 106 105 108 117 130 137 137 139 148 166 160 156 170 175 165 160 163 167 173 181 188 196 205 212 220 224 224 224 223
116 123 129 134 138 142 145 148 150 150 150 149 148 146 144 141 139 136 134 132 130 128 126 123 121 119 117 115 114 113 116 121 126 131 135 135 130 123 115 112 114 116 112 106 101 97 95 98 101 101 99 98 98 102 115 131 136 141 142 140 151 147 141 154 164 155 150 151 157 164 172 181 191 200 209 217 222 218 218 221
112 118 124 129 134 138 141 144 146 147 147 146 144 143 141 139 136 133 131 129 128 126 124 122 120 118 116 115 114 114 119 124 129 133 135 131 126 124 118 112 112 111 108 105 99 96 94 93 97 99 99 100 104 99 107 123 131 136 139 137 139 137 132 136 148 140 137 139 146 155 165 175 186 197 207 216 222 218 219 222
109 114 119 124 129 133 136 139 141 143 143 142 141 139 138 135 133 130 128 126 125 123 121 119 118 116 115 114 113 115 120 125 129 129 128 126 122 117 112 107 105 105 103 101 100 97 94 95 100 101 107 113 117 112 119 131 140 144 147 141 134 130 129 118 128 128 125 128 136 147 158 170 182 195 207 216 221 218 219 222
106 111 117 121 126 129 133 136 138 139 139 138 137 135 134 132 130 128 125 124 122 121 119 117 116 115 113 112 112 115 121 126 127 124 123 122 120 117 116 108 101 99 97 96 95 93 93 97 108 109 111 110 114 128 141 154 176 203 187 166 147 148 138 118 109 116 113 120 129 141 153 166 179 194 208 218 222 221 220 221
104 109 113 118 122 126 130 132 134 135 135 134 133 131 130 128 126 124 123 121 119 118 117 116 114 113 112 111 111 115 121 127 130 130 129 124 120 115 111 105 101 99 98 100 105 104 100 103 109 109 108 112 129 148 196 288 299 239 233 182 156 143 144 132 113 105 107 116 126 137 150 164 178 193 209 219 221 221 221 220
101 106 110 115 119 123 126 129 130 131 131 130 129 127 126 125 124 121 120 117 116 115 114 113 112 112 111 110 110 114 118 121 128 128 126 125 120 113 105 101 97 100 102 108 115 109 108 112 113 111 130 151 207 253 294 359 293 225 201 174 154 137 130 134 119 106 108 116 126 137 149 163 176 191 207 216 217 218 218 218
97 102 107 111 115 119 122 124 126 126 127 127 125 124 123 121 120 118 117 115 114 113 112 111 111 110 110 109 109 110 113 117 121 124 124 121 115 106 100 100 97 96 106 115 121 115 116 156 133 121 165 140 176 215 258 267 244 234 209 181 156 136 123 122 123 114 112 117 127 137 148 161 174 187 199 208 211 213 214 212
93 98 103 107 111 114 117 119 121 121 122 122 121 120 119 118 117 116 115 113 112 111 110 110 109 109 108 107 106 105 108 112 115 118 119 116 110 101 95 98 102 103 110 121 125 122 124 145 125 132 134 149 201 238 245 234 231 217 199 177 156 139 126 118 118 119 117 119 129 138 148 159 171 182 192 201 206 209 211 212
89 94 98 102 106 109 112 114 115 116 117 116 116 116 115 114 114 113 112 112 111 110 108 108 108 107 106 105 102 101 105 108 110 113 113 111 106 96 92 100 108 112 113 124 130 119 123 134 136 143 150 173 226 285 273 242 230 206 182 158 145 138 128 124 114 116 120 124 129 139 148 157 167 178 187 195 202 205 209 213
85 89 94 98 101 104 107 108 110 110 111 111 111 111 110 110 110 110 109 109 109 108 107 106 106 105 105 104 102 100 102 105 110 111 109 107 103 102 106 114 116 121 120 126 130 123 122 126 136 144 155 185 236 289 285 277 232 182 157 142 131 132 124 125 121 117 123 128 132 140 148 156 165 174 182 191 197 202 208 214
81 86 90 93 97 100 101 102 104 104 105 105 105 105 105 106 106 106 106 107 107 107 106 106 106 105 104 104 102 102 101 102 106 106 106 105 105 111 117 121 123 132 136 135 143 132 128 128 139 142 146 177 232 285 306 268 193 159 136 134 136 131 125 122 134 127 125 132 136 141 148 154 161 170 178 186 193 199 207 213
78 82 86 89 93 95 96 96 97 98 98 99 99 99 100 100 101 102 103 104 105 106 106 105 106 106 106 104 102 100 99 100 102 100 102 104 108 115 124 133 133 149 160 155 153 135 122 127 145 146 139 171 214 263 275 232 188 154 133 131 141 142 135 127 132 130 133 136 142 146 152 156 158 165 173 181 187 193 202 210
75 78 82 85 88 90 91 91 91 91 91 92 92 93 94 95 96 98 99 101 102 104 105 106 105 107 106 101 98 96 95 94 96 99 104 105 112 115 121 133 135 154 166 164 160 151 133 127 141 152 149 172 200 244 251 222 169 144 137 129 127 130 131 132 133 144 147 146 149 153 158 161 163 165 169 175 180 186 194 202
72 75 78 80 83 84 85 85 85 85 85 85 86 87 88 90 92 93 96 98 100 102 104 106 107 108 108 102 94 93 94 94 95 99 101 104 111 119 124 135 156 155 158 163 172 165 137 134 135 143 136 156 164 186 200 215 184 150 140 139 138 138 142 142 144 150 155 155 157 161 164 167 169 170 170 170 174 180 186 194
69 72 74 76 78 79 80 79 79 78 79 79 80 81 83 85 87 89 92 94 98 101 103 106 107 109 108 100 93 93 96 96 96 98 101 105 112 121 129 152 170 166 160 163 169 153 134 119 119 122 128 136 145 176 175 192 191 178 179 165 162 157 153 153 149 149 154 161 164 168 171 175 176 174 172 173 178 181 181 183
66 69 70 72 73 74 74 74 73 73 73 73 74 76 78 80 82 84 88 91 95 99 102 106 108 110 104 98 94 93 92 93 95 99 104 108 114 122 129 135 148 154 155 161 160 150 130 130 126 125 127 134 148 166 181 176 183 217 221 219 190 170 160 158 157 157 158 165 169 173 176 182 184 179 173 175 182 186 188 189
64 65 67 68 69 70 69 69 68 68 68 69 69 71 72 74 77 80 84 88 92 97 101 106 110 109 104 103 99 94 90 93 96 102 107 114 120 123 122 137 144 144 152 153 140 135 131 135 129 127 129 136 160 170 174 169 186 212 235 233 192 169 161 162 162 162 162 167 169 172 176 184 190 187 179 175 186 192 194 197
61 62 63 64 65 65 65 64 64 64 64 64 65 65 67 70 73 77 81 85 89 93 98 103 109 113 109 107 100 94 93 94 99 106 113 117 122 125 125 124 136 130 130 139 140 134 134 133 129 126 130 147 168 157 155 179 185 215 238 242 213 168 162 160 163 168 164 163 166 168 175 191 205 199 185 177 187 197 201 203
57 58 59 60 61 61 61 61 60 61 61 60 60 61 63 66 70 74 78 82 86 90 95 100 105 110 108 108 106 101 101 102 106 113 117 118 128 132 130 124 124 123 125 126 131 131 131 132 131 132 133 156 168 154 179 194 181 229 226 237 198 167 166 168 166 164 164 164 164 165 174 190 204 195 184 183 190 196 199 -32768
54 55 56 56 57 57 57 57 57 58 58 58 58 58 60 64 68 72 76 80 84 88 93 97 101 104 107 110 111 109 110 113 117 123 129 124 133 133 129 124 122 121 121 120 125 129 133 136 136 138 138 145 158 168 207 205 182 208 215 231 211 170 176 175 173 168 165 163 167 169 175 184 191 187 189 188 -32768 -32768 -32768 -32768
51 52 52 53 53 54 54 56 57 58 59 59 60 61 61 63 67 71 74 78 83 87 92 96 100 102 104 108 114 115 120 126 130 135 136 125 126 128 125 122 122 124 128 131 135 139 144 140 139 139 140 143 161 170 209 180 174 191 198 185 184 185 185 183 176 165 166 168 177 178 175 179 185 187 -32768 -32768 -32768 -32768 -32768 -32768
49 49 49 50 51 53 54 56 58 59 60 61 62 63 65 65 66 70 73 78 82 86 91 95 99 102 105 108 115 121 122 130 136 143 144 136 130 125 124 120 121 133 139 142 147 149 149 143 137 137 143 153 167 168 198 179 184 195 210 195 202 198 203 195 178 165 168 177 189 191 188 185 -32768 -32768 -32768 -32768 -32768 -32768 -32768 -32768
46 46 48 49 51 53 55 58 59 61 61 62 64 65 67 69 67 70 73 77 82 86 91 94 99 103 109 113 117 122 126 132 136 141 143 141 137 138 138 135 133 140 147 152 155 157 149 142 137 137 142 158 172 175 181 182 194 203 219 199 224 257 224 196 185 187 184 186 204 215 208 -32768 -32768 -32768 -32768 -32768 -32768 -32768 -32768 -32768
45 46 47 49 51 53 56 59 62 62 62 64 65 66 69 69 68 69 73 77 82 86 90 95 100 105 110 115 119 122 124 128 134 137 141 143 144 144 148 145 147 144 150 158 163 156 148 143 138 143 150 161 171 177 178 183 193 204 221 249 292 270 233 196 187 202 195 193 212 232 224 208 -32768 -32768 -32768 -32768 -32768 -32768 -32768 -32768
45 46 47 48 50 52 55 59 62 63 63 65 66 66 67 65 65 69 73 78 83 88 91 95 99 104 111 116 119 121 121 124 129 131 133 137 141 145 148 148 152 148 147 149 152 150 146 142 140 145 154 166 174 179 182 188 194 206 220 239 263 267 225 187 174 183 188 186 200 212 204 206 -32768 -32768 -32768 -32768 -32768 -32768 -32768 -32768
