Part_1_SDMs/env_data/future_climate_2070_RCP_8.5/bioclim_9.asc
NCOLS 444 
NROWS 438 
XLLCORNER -19 
YLLCORNER -35 
CELLSIZE 0.166666666666667 
NODATA_value -32768 
[rows 105 to 139 of 438, columns 0 to 78 of 444]
-32768 -32768 -32768 -32768 -32768 -32768 -32768 -32768 -32768 -32768 -32768 -32768 -32768 -32768 -32768 254 259 263 268 274 280 285 290 295 301 305 308 311 313 315 318 319 320 321 317 311 334 332 337 307 311 314 316 317 319 320 321 322 322 323 324 325 326 326 327 328 328 329 330 330 331 332 333 333 334 335 336 337 338 338 339 340 340 341 341 341 342 342 342
-32768 -32768 -32768 -32768 -32768 -32768 -32768 -32768 -32768 -32768 -32768 -32768 -32768 -32768 -32768 -32768 263 267 272 278 284 290 296 301 307 310 313 316 319 321 322 323 324 325 322 309 308 338 341 309 313 317 319 321 322 323 322 323 324 325 325 326 327 327 328 329 330 331 331 332 333 333 334 335 336 337 338 339 340 340 341 341 342 342 342 343 343 343 344
-32768 -32768 -32768 -32768 -32768 -32768 -32768 -32768 -32768 -32768 -32768 -32768 -32768 -32768 -32768 -32768 265 270 275 281 288 294 301 306 311 314 318 323 325 326 327 328 327 323 318 320 315 312 314 313 316 320 322 324 325 325 323 324 325 326 326 327 327 328 329 330 331 298 333 333 334 335 336 337 338 339 340 341 341 342 342 342 343 343 343 344 344 344 344
-32768 -32768 -32768 -32768 -32768 -32768 -32768 -32768 -32768 -32768 -32768 -32768 -32768 -32768 -32768 262 267 271 277 284 291 297 303 309 314 319 324 327 327 329 331 331 326 327 326 324 323 321 318 316 319 322 325 327 327 326 325 326 326 327 327 328 329 329 330 331 332 266 266 267 336 337 338 339 340 341 341 342 343 343 344 344 344 344 345 345 345 345 345
-32768 -32768 -32768 -32768 -32768 -32768 -32768 -32768 -32768 -32768 -32768 -32768 -32768 -32768 -32768 262 268 273 279 286 292 299 305 312 317 323 327 330 329 331 334 335 335 332 328 330 329 325 325 323 327 327 326 329 328 327 327 327 327 327 328 328 329 330 331 332 333 268 268 268 269 339 339 340 341 342 343 343 344 345 345 345 345 345 346 346 346 346 346
-32768 -32768 -32768 -32768 -32768 -32768 -32768 -32768 -32768 -32768 -32768 -32768 -32768 -32768 259 264 269 275 281 287 293 300 307 313 318 324 328 331 332 334 336 338 339 339 339 338 336 331 334 332 331 331 330 332 330 297 298 297 296 327 328 329 330 331 332 333 335 269 270 270 270 271 341 342 342 343 344 345 345 345 346 346 346 347 347 347 347 347 347
-32768 -32768 -32768 -32768 -32768 -32768 -32768 -32768 -32768 -32768 -32768 -32768 -32768 -32768 273 278 270 276 282 288 295 301 308 314 319 324 328 332 334 337 339 341 342 341 343 344 338 340 341 340 338 335 334 303 299 299 297 296 266 266 327 329 330 331 333 335 336 270 271 271 272 272 273 343 343 344 345 346 346 347 347 347 347 348 348 348 348 348 348
-32768 -32768 -32768 -32768 -32768 -32768 -32768 -32768 -32768 -32768 -32768 -32768 -32768 -32768 -32768 279 271 277 283 289 296 302 308 314 319 325 329 333 335 339 341 343 343 345 346 348 345 346 343 341 339 338 307 303 302 299 296 295 295 264 265 266 330 332 334 336 337 271 272 273 273 274 274 275 275 346 347 347 347 348 348 348 349 349 349 349 349 349 348
-32768 -32768 -32768 -32768 -32768 -32768 -32768 -32768 -32768 -32768 -32768 -32768 -32768 -32768 -32768 -32768 287 278 285 291 297 303 309 314 319 324 329 334 337 340 342 343 346 349 350 349 347 348 348 343 341 340 308 306 302 296 293 293 293 263 264 266 267 333 335 337 272 273 274 274 275 275 276 276 277 277 348 348 348 349 349 350 350 350 350 350 350 350 349
-32768 -32768 -32768 -32768 -32768 -32768 -32768 -32768 -32768 -32768 -32768 -32768 -32768 -32768 -32768 -32768 275 279 285 291 297 303 308 314 319 325 330 334 338 341 344 346 347 350 351 351 351 351 348 347 345 313 309 304 298 295 292 293 293 293 264 266 268 269 336 338 274 275 275 276 277 278 278 279 279 279 279 350 350 350 351 351 351 276 276 275 351 351 350
-32768 -32768 -32768 -32768 -32768 -32768 -32768 -32768 -32768 -32768 -32768 -32768 -32768 -32768 -32768 -32768 -32768 280 286 292 298 303 309 314 319 325 330 335 339 343 345 347 349 351 352 325 324 353 350 318 316 312 305 301 297 292 291 292 293 295 265 267 270 272 275 276 275 276 277 278 278 280 281 281 281 281 281 280 352 352 352 279 279 278 277 277 276 275 274
-32768 -32768 -32768 -32768 -32768 -32768 -32768 -32768 -32768 -32768 -32768 -32768 -32768 -32768 -32768 -32768 -32768 281 287 293 299 305 310 315 321 326 331 336 340 344 346 349 350 352 326 326 325 325 351 321 315 309 304 300 296 295 293 292 293 295 266 270 272 276 279 280 279 278 279 280 281 282 283 285 283 283 283 283 283 283 282 282 281 280 279 279 278 277 275
-32768 -32768 -32768 -32768 -32768 -32768 -32768 -32768 -32768 -32768 -32768 -32768 -32768 -32768 -32768 -32768 -32768 283 287 294 300 306 312 317 323 328 332 337 341 344 347 349 352 353 326 326 325 324 323 322 318 311 307 302 298 296 295 293 294 302 271 273 282 282 282 282 285 287 286 286 285 285 287 288 288 286 286 286 286 286 286 285 284 283 282 281 280 279 277
-32768 -32768 -32768 -32768 -32768 -32768 -32768 -32768 -32768 -32768 -32768 -32768 -32768 -32768 -32768 -32768 -32768 283 288 295 301 308 314 320 325 330 334 338 342 345 347 350 351 353 353 325 324 324 325 323 318 312 307 302 299 297 297 308 312 285 286 285 283 283 284 285 287 288 289 290 292 291 291 291 292 290 288 289 288 288 288 288 287 286 285 283 282 281 279
-32768 -32768 -32768 -32768 -32768 -32768 -32768 -32768 -32768 -32768 -32768 -32768 -32768 -32768 -32768 -32768 -32768 285 289 297 304 311 317 323 328 332 336 316 318 345 348 350 352 353 353 354 354 325 325 325 320 314 309 305 303 307 308 313 315 284 285 285 286 286 287 288 289 290 291 292 292 293 293 294 295 294 291 291 291 291 291 290 290 289 287 286 284 283 282
-32768 -32768 -32768 -32768 -32768 -32768 -32768 -32768 -32768 -32768 -32768 -32768 -32768 -32768 -32768 -32768 -32768 288 292 299 307 313 320 325 330 313 315 318 319 321 349 351 352 353 354 354 356 325 325 326 322 319 313 309 308 313 316 318 319 320 287 288 288 289 290 290 291 292 293 294 294 295 296 296 297 300 299 293 294 294 293 293 292 291 290 288 287 285 284
-32768 -32768 -32768 -32768 -32768 -32768 -32768 -32768 -32768 -32768 -32768 -32768 -32768 -32768 -32768 -32768 -32768 291 296 302 309 316 322 328 312 315 317 319 321 323 349 351 353 353 297 297 296 325 326 327 320 319 314 312 311 312 318 322 323 323 290 290 290 291 292 293 293 294 295 296 296 297 298 298 299 301 305 304 304 298 296 295 294 293 292 291 289 287 286
-32768 -32768 -32768 -32768 -32768 -32768 -32768 -32768 -32768 -32768 -32768 -32768 -32768 -32768 -32768 -32768 -32768 294 298 305 313 319 325 310 314 317 319 320 322 324 351 352 353 353 297 297 296 295 297 324 318 317 313 311 341 316 324 293 293 293 293 291 292 292 294 295 295 296 297 297 298 299 300 301 302 302 303 304 307 304 299 298 297 295 294 292 291 289 287
-32768 -32768 -32768 -32768 -32768 -32768 -32768 -32768 -32768 -32768 -32768 -32768 -32768 -32768 -32768 -32768 -32768 295 301 308 315 322 327 312 315 318 320 321 323 324 325 352 353 353 298 297 296 295 297 296 318 314 312 340 344 293 295 296 296 296 296 294 293 294 295 296 297 297 298 299 299 300 301 302 303 304 305 306 308 308 304 300 298 297 296 294 292 290 288
-32768 -32768 -32768 -32768 -32768 -32768 -32768 -32768 -32768 -32768 -32768 -32768 -32768 -32768 -32768 -32768 291 296 303 311 300 305 329 334 316 318 320 321 348 349 326 327 353 354 298 298 297 297 299 300 295 286 314 321 293 295 297 298 298 297 296 294 294 295 295 297 298 298 299 300 300 302 302 303 304 305 306 306 307 307 307 304 300 299 297 295 293 291 290
-32768 -32768 -32768 -32768 -32768 -32768 -32768 -32768 -32768 -32768 -32768 -32768 -32768 -32768 -32768 -32768 291 297 305 297 302 306 330 335 338 339 342 344 347 350 352 327 298 296 299 299 299 300 301 301 294 294 292 293 359 296 297 299 297 295 295 292 293 293 295 297 298 299 299 300 301 302 303 303 304 305 306 307 308 309 305 301 300 299 297 295 294 292 290
-32768 -32768 -32768 -32768 -32768 -32768 -32768 -32768 -32768 -32768 -32768 -32768 -32768 -32768 -32768 283 289 298 307 299 304 308 332 335 337 338 340 344 347 350 353 328 298 297 300 301 302 302 301 301 300 291 294 292 295 297 297 299 295 294 292 289 291 292 295 297 298 299 300 301 302 302 303 303 304 305 306 308 310 310 303 301 300 298 297 295 294 292 291
-32768 -32768 -32768 -32768 -32768 -32768 -32768 -32768 -32768 -32768 -32768 -32768 -32768 -32768 -32768 281 288 298 308 316 322 327 331 335 336 334 338 343 348 351 353 329 299 298 301 303 305 305 304 302 303 295 289 293 297 297 298 300 296 295 293 288 289 294 295 295 297 300 301 301 302 301 302 303 304 304 306 309 311 311 303 300 299 298 297 296 294 292 291
-32768 -32768 -32768 -32768 -32768 -32768 -32768 -32768 -32768 -32768 -32768 -32768 -32768 -32768 -32768 277 286 297 308 317 321 324 328 332 330 327 334 342 349 351 299 300 300 300 303 304 306 307 305 305 304 300 291 292 297 298 299 300 299 297 296 296 291 297 297 298 298 299 300 300 300 301 301 302 303 305 306 308 309 311 306 299 298 297 296 295 294 293 291
-32768 -32768 -32768 -32768 -32768 -32768 -32768 -32768 -32768 -32768 -32768 -32768 -32768 -32768 -32768 273 283 295 306 314 318 321 324 326 325 324 332 340 347 299 299 301 302 301 305 307 308 308 306 306 305 304 295 295 299 300 300 301 298 294 294 297 298 298 300 300 299 300 299 299 299 300 301 302 303 304 305 306 307 308 307 302 298 296 296 295 294 293 291
-32768 -32768 -32768 -32768 -32768 -32768 -32768 -32768 -32768 -32768 -32768 -32768 -32768 -32768 262 268 279 291 301 309 315 319 322 324 325 327 332 339 345 299 301 306 334 337 309 310 310 308 308 308 306 305 294 292 300 301 300 300 300 295 295 297 299 300 300 300 300 300 299 299 299 300 300 301 301 302 303 303 304 304 304 301 299 295 295 294 293 292 291
-32768 -32768 -32768 -32768 -32768 -32768 -32768 -32768 -32768 -32768 -32768 -32768 -32768 -32768 258 264 275 286 297 305 312 318 321 324 327 330 334 339 344 301 305 307 361 363 310 309 310 310 309 307 306 306 297 294 302 303 302 301 301 296 296 299 300 300 300 300 300 299 299 299 298 299 299 299 300 300 300 301 301 301 299 298 297 295 294 293 292 291 290
-32768 -32768 -32768 -32768 -32768 -32768 -32768 -32768 -32768 -32768 -32768 -32768 -32768 -32768 253 260 272 283 294 303 311 317 322 326 329 332 335 339 343 301 303 305 308 311 310 309 309 309 309 307 306 305 299 302 305 305 303 301 298 296 300 302 303 302 301 300 299 298 298 298 297 297 297 298 298 298 298 298 297 297 297 296 295 295 293 292 291 291 290
-32768 -32768 -32768 -32768 -32768 -32768 -32768 -32768 -32768 -32768 -32768 -32768 -32768 -32768 258 262 271 281 292 302 312 318 324 328 331 334 318 320 300 302 303 353 355 360 363 310 309 309 309 309 308 306 296 302 307 307 303 299 300 301 304 305 303 302 302 300 299 297 297 297 297 296 296 297 297 296 295 295 294 295 295 295 295 294 293 291 290 289 289
-32768 -32768 -32768 -32768 -32768 -32768 -32768 -32768 -32768 -32768 -32768 -32768 -32768 262 263 267 274 283 293 303 312 320 326 330 333 336 320 300 301 297 298 351 354 358 362 362 309 310 310 310 307 307 304 307 309 307 304 300 304 306 306 306 304 303 302 300 299 298 296 296 296 278 278 278 295 294 294 293 293 293 293 293 294 293 292 290 289 289 289
-32768 -32768 -32768 -32768 -32768 -32768 -32768 -32768 -32768 -32768 -32768 -32768 -32768 266 268 268 273 279 286 305 314 321 328 333 334 320 321 323 343 297 297 350 352 354 356 360 310 309 309 309 309 308 307 309 310 308 305 303 306 309 309 308 305 302 300 300 298 296 295 295 278 277 277 276 276 293 293 292 292 273 273 273 274 274 291 290 289 289 288
-32768 -32768 -32768 -32768 -32768 -32768 -32768 -32768 -32768 -32768 -32768 -32768 270 271 276 275 280 285 290 295 315 322 327 317 320 321 322 324 297 297 297 305 305 305 305 306 308 309 310 310 309 308 309 310 309 308 308 307 310 312 313 305 303 300 298 298 296 295 292 293 276 276 276 276 276 276 293 293 291 272 271 272 272 272 273 272 271 270 288
-32768 -32768 -32768 -32768 -32768 -32768 -32768 -32768 -32768 -32768 -32768 267 273 277 276 281 286 290 293 297 302 308 313 316 319 321 323 324 304 304 304 304 305 304 304 304 306 309 310 310 310 310 311 312 311 308 310 312 315 316 315 308 306 302 299 298 295 294 293 293 275 276 277 276 276 276 294 293 292 271 271 272 272 272 273 272 271 271 270
-32768 -32768 -32768 -32768 -32768 -32768 -32768 -32768 -32768 -32768 261 275 278 284 281 286 292 295 296 299 304 308 312 316 318 321 323 324 304 305 305 305 305 304 304 303 304 307 309 311 312 312 313 313 312 310 294 299 316 316 310 306 307 304 302 300 298 297 296 296 295 279 279 278 278 277 295 294 293 292 272 273 273 273 274 273 273 292 291
-32768 -32768 -32768 -32768 -32768 -32768 -32768 -32768 246 254 265 277 283 288 293 291 299 300 299 302 306 310 313 316 318 320 322 324 305 305 305 305 305 304 327 328 305 306 308 312 314 315 315 314 311 312 297 317 317 312 308 305 304 303 302 301 300 298 298 298 298 299 279 280 279 279 277 295 294 293 292 292 274 274 274 274 294 275 292
