Part_1_SDMs/env_data/future_climate_2070_RCP_8.5/bioclim_11.asc
NCOLS 444 
NROWS 438 
XLLCORNER -19 
YLLCORNER -35 
CELLSIZE 0.166666666666667 
NODATA_value -32768 
[rows 35 to 69 of 438, columns 79 to 157 of 444]
51 51 60 82 86 109 97 96 119 115 120 127 126 122 128 131 133 134 131 130 130 128 119 112 112 121 126 135 134 135 135 137 134 131 131 132 132 133 132 132 133 133 134 135 136 136 136 137 139 140 141 143 142 139 141 143 145 150 152 153 154 154 154 154 153 154 154 155 153 151 150 149 148 149 149 149 149 150 150
49 44 61 88 101 122 129 135 143 141 139 134 135 134 135 137 139 140 139 138 135 132 131 124 133 134 137 139 136 136 134 137 136 134 134 134 134 134 134 135 135 137 138 139 139 139 139 139 140 141 142 142 142 142 145 145 148 151 152 154 155 155 155 155 154 154 155 155 154 151 150 149 149 149 149 150 150 150 151
63 69 85 109 127 141 142 144 141 142 143 139 132 129 130 133 137 140 143 139 137 136 135 131 138 140 142 139 136 136 136 137 139 136 136 136 136 136 136 136 137 139 141 142 142 142 141 141 142 142 142 143 143 144 147 146 149 152 154 155 156 156 156 156 156 155 156 156 154 152 151 150 150 150 150 150 151 151 151
64 98 120 137 144 147 149 152 152 149 143 137 131 130 132 137 140 141 144 140 139 138 131 139 144 137 141 140 137 137 138 139 141 139 139 139 139 139 139 139 138 140 143 143 142 142 142 143 144 143 143 144 144 146 146 149 152 154 155 156 157 157 157 158 158 158 158 157 155 153 152 151 151 151 151 151 151 152 152
111 120 131 139 140 138 141 150 155 155 150 145 139 134 134 136 142 143 144 145 146 143 138 145 144 140 142 141 140 140 141 141 142 141 143 143 144 143 143 142 142 142 144 143 142 142 142 143 143 143 144 145 145 147 147 150 153 154 156 157 157 158 158 159 159 159 158 157 155 154 153 152 152 152 152 152 152 153 153
96 98 112 139 138 150 155 154 158 157 155 152 141 137 138 139 143 150 150 151 150 146 142 146 144 141 140 142 143 144 144 143 144 144 144 146 146 145 145 144 145 146 145 144 144 143 143 144 144 144 145 145 146 146 148 151 154 155 156 158 159 159 160 160 159 159 159 157 156 155 154 154 153 153 153 153 153 153 154
103 98 124 150 154 162 163 159 160 156 158 155 149 144 142 143 146 152 153 154 153 148 146 145 144 144 144 144 145 147 147 146 146 146 146 146 146 146 146 146 146 146 146 145 145 145 145 145 145 145 146 146 147 147 148 152 153 155 157 158 159 159 160 159 160 160 158 157 156 156 155 154 154 154 154 154 154 155 155
143 135 151 158 157 165 167 164 161 158 158 156 152 149 147 146 147 150 155 154 155 152 150 147 146 145 145 145 147 148 148 148 148 148 148 148 147 147 148 147 147 147 147 146 146 146 146 146 146 146 146 146 145 147 150 152 154 155 157 158 159 160 160 160 161 161 159 158 157 156 156 155 155 155 155 155 156 156 156
151 161 165 163 166 168 168 166 165 161 155 152 152 150 150 150 151 152 154 156 157 155 153 151 148 147 148 148 148 148 148 149 149 149 149 149 149 149 149 150 150 149 148 148 148 147 147 147 147 147 147 148 148 149 152 153 154 156 158 158 159 160 160 161 161 160 159 158 157 157 157 157 156 157 157 157 157 157 157
162 153 165 166 171 170 165 161 164 159 157 154 155 153 153 153 153 154 154 155 157 156 154 153 151 151 150 150 150 150 150 150 151 151 151 151 151 151 151 151 151 150 150 150 149 149 149 149 149 149 149 149 149 151 153 152 155 156 158 158 161 160 161 161 161 160 159 159 158 158 158 157 157 157 158 158 158 158 159
173 158 160 163 171 166 160 162 164 165 163 158 156 156 155 155 155 156 156 156 157 158 155 154 153 153 153 152 152 152 152 153 153 152 152 153 153 152 152 152 152 152 152 151 151 151 151 151 151 150 150 151 152 154 154 153 155 157 158 159 160 161 161 161 161 160 159 159 159 159 158 158 158 158 159 159 159 160 160
178 176 161 171 170 168 167 169 169 168 166 160 159 159 158 158 158 158 158 159 160 161 158 157 156 155 155 155 154 154 154 154 154 154 154 155 154 154 154 154 154 154 154 154 154 153 153 153 152 152 152 151 153 154 155 154 155 156 157 159 160 161 161 160 161 160 160 160 159 159 159 159 159 159 160 160 160 161 161
177 177 174 173 172 171 173 174 174 171 169 165 162 161 161 160 159 160 160 159 161 161 161 159 158 158 157 157 156 156 156 156 156 156 156 156 156 156 156 156 157 156 156 156 156 156 155 155 154 153 152 152 153 155 153 155 156 156 158 159 160 161 161 161 161 160 159 159 159 159 159 160 160 160 161 161 161 162 162
186 183 180 178 175 176 177 176 175 174 171 167 165 165 163 162 159 160 159 163 164 163 163 163 161 160 159 158 158 158 158 158 158 158 158 159 159 159 159 159 159 159 159 159 158 158 157 156 151 150 151 153 155 155 154 155 157 157 159 160 160 161 161 162 161 160 161 160 159 160 160 160 160 161 161 162 162 162 162
187 185 183 180 178 177 177 176 176 174 172 169 168 167 166 165 164 161 158 158 162 167 166 164 164 162 160 160 160 160 160 160 160 160 161 161 162 162 162 162 162 161 161 161 160 159 157 155 151 151 153 155 155 154 155 157 160 160 159 159 160 161 161 161 160 160 160 160 161 161 161 161 161 162 162 162 162 163 162
184 185 184 182 179 177 177 178 177 176 173 171 170 169 168 166 165 165 164 164 160 166 163 159 161 164 162 162 162 162 162 162 162 163 163 164 165 165 165 165 164 163 163 162 159 158 156 153 153 154 155 154 153 154 156 159 160 161 159 159 161 161 161 161 161 161 161 161 161 162 162 162 162 162 163 163 163 163 163
179 181 182 182 180 178 177 177 178 176 173 173 173 171 170 169 167 166 163 163 162 164 165 163 163 164 166 164 164 164 163 164 164 165 166 167 171 168 167 166 165 165 165 164 163 156 155 155 155 157 155 154 155 156 158 159 161 161 161 160 161 161 161 162 162 162 162 162 162 163 163 162 163 163 163 163 163 163 163
181 182 182 182 181 180 179 178 179 175 174 173 174 174 173 172 169 168 167 167 166 166 166 166 166 166 168 168 166 165 165 165 166 168 168 172 171 168 168 168 166 165 165 165 162 158 158 160 158 155 153 154 155 156 158 160 161 161 161 161 161 161 162 163 163 163 163 163 163 163 164 164 164 164 163 163 163 164 164
182 183 184 183 183 182 181 180 180 178 175 172 170 174 175 173 174 172 169 168 168 167 167 168 168 168 167 169 168 167 167 167 168 169 172 175 171 169 169 168 168 167 165 164 160 161 162 161 160 155 154 155 156 158 160 161 162 162 161 161 161 162 163 163 164 164 164 164 164 164 164 165 165 164 164 164 164 164 164
184 185 185 185 184 184 184 182 181 180 179 177 176 175 175 175 175 175 176 171 166 167 168 169 169 169 168 168 168 168 168 167 169 171 175 174 170 169 169 165 167 164 163 161 162 163 163 161 158 155 154 156 157 159 160 160 162 162 161 161 162 163 164 165 164 165 164 165 165 165 165 166 165 165 165 165 165 166 166
187 187 187 186 185 185 185 184 182 181 180 179 178 177 177 177 177 177 176 177 173 173 171 170 169 169 169 168 169 169 168 169 170 171 172 170 170 169 166 165 164 164 163 163 164 163 161 160 156 155 155 156 157 159 160 160 162 163 160 161 162 163 165 166 166 166 165 166 166 166 166 166 166 166 166 166 167 166 165
189 188 188 187 186 186 186 186 184 182 181 181 180 179 179 179 179 178 178 178 177 176 176 174 171 170 170 170 170 170 169 169 169 170 170 169 169 167 165 165 165 166 166 165 165 163 160 157 155 155 155 156 158 159 159 159 161 163 161 160 161 162 165 166 166 165 165 166 167 167 167 168 167 167 167 166 165 165 164
189 189 188 188 187 188 186 186 185 184 183 182 182 181 181 181 180 180 179 179 178 177 176 177 175 174 172 171 171 171 170 169 169 169 168 168 169 167 166 165 165 167 167 166 165 163 159 157 156 155 155 156 157 158 158 160 161 163 162 161 162 163 165 167 165 166 167 168 169 169 169 168 167 166 166 165 165 164 165
190 189 189 189 189 188 187 186 185 185 185 184 183 183 182 182 181 181 180 180 179 179 178 177 176 175 175 174 173 172 171 169 168 168 167 168 168 167 166 166 166 166 165 163 162 160 158 156 156 154 154 155 156 157 158 159 160 162 160 161 164 166 169 166 164 166 168 168 169 170 169 168 168 168 166 165 164 166 167
189 189 189 189 188 188 187 187 186 186 186 185 184 184 184 183 183 182 182 181 181 180 179 178 177 176 175 175 174 173 171 170 168 166 166 167 168 167 167 167 167 166 164 163 161 159 158 157 158 160 154 155 156 157 157 157 159 160 160 164 169 171 170 166 164 166 167 169 170 170 171 171 171 171 170 169 170 169 168
189 189 189 189 189 188 189 188 188 188 187 186 186 185 185 184 184 183 183 182 182 181 180 179 178 177 176 176 175 174 173 171 168 166 166 168 168 168 168 168 170 169 166 163 161 159 158 165 168 164 164 167 169 170 167 160 160 156 161 169 172 172 169 167 166 167 168 169 170 171 171 172 172 173 172 171 171 171 171
190 190 190 190 190 190 190 190 190 189 188 188 187 187 186 185 185 185 185 184 184 183 182 180 179 179 178 177 177 176 176 174 172 169 169 170 171 171 172 172 172 171 168 165 162 160 161 169 170 169 170 171 173 174 173 172 170 166 171 173 173 173 174 173 170 168 169 171 171 171 170 173 174 175 176 174 174 174 174
192 192 192 192 192 192 192 191 190 190 189 188 187 187 187 186 185 185 185 185 185 184 183 182 181 180 180 179 179 178 178 178 176 174 173 174 174 175 176 175 175 173 171 168 165 163 168 172 172 173 172 173 176 178 177 177 177 176 176 175 175 175 175 175 175 172 172 172 172 172 174 176 176 178 179 177 177 178 177
194 194 194 194 194 193 193 192 192 191 189 188 187 187 186 187 186 186 186 186 186 186 185 184 183 182 182 181 181 180 181 182 182 179 177 177 178 179 180 179 178 177 175 172 169 171 174 176 174 176 174 176 181 181 180 180 180 178 178 178 177 176 177 176 176 176 174 174 173 175 177 178 179 180 180 179 181 181 181
196 196 196 195 194 194 193 192 191 190 187 187 186 185 186 186 187 187 188 188 187 187 187 185 185 185 184 184 183 183 183 186 186 186 182 182 183 183 184 183 182 182 180 179 177 177 179 181 180 182 183 184 184 182 182 182 185 184 181 180 179 179 178 178 177 177 178 178 178 178 179 181 182 181 181 182 184 184 184
198 197 197 195 194 194 193 192 190 189 187 185 185 186 186 186 187 188 189 189 189 189 188 187 187 187 186 186 186 186 186 189 191 192 189 187 187 188 189 189 187 186 184 182 182 183 184 185 185 185 185 186 185 185 187 187 187 186 184 183 182 182 181 180 179 179 180 179 180 180 180 185 185 182 182 184 181 187 186
199 199 197 195 196 194 192 192 190 189 187 186 186 188 187 187 188 189 190 190 191 190 190 189 189 189 188 188 188 189 190 191 193 196 196 192 191 192 192 192 192 190 189 188 189 189 191 188 187 188 188 188 189 191 191 191 190 190 188 185 184 183 183 182 180 181 180 177 182 180 176 188 188 185 184 185 184 185 190
202 201 199 197 197 195 192 192 190 192 190 188 188 189 190 190 189 191 191 192 192 192 192 191 191 191 191 191 191 192 193 194 195 198 201 200 197 197 198 196 196 195 195 193 192 192 196 194 193 192 191 192 194 195 193 195 192 192 192 190 189 188 189 183 180 178 179 176 178 171 168 181 190 188 187 187 187 188 186
204 202 200 198 197 196 196 194 194 194 193 191 191 190 192 192 191 191 193 194 194 194 194 193 193 193 193 194 194 195 196 197 198 200 203 204 204 203 204 200 202 202 202 202 200 200 199 198 197 197 196 196 197 197 196 198 197 194 196 195 192 192 192 181 180 173 182 177 170 163 167 180 187 193 190 190 192 190 186
206 204 202 200 199 197 198 197 197 195 194 192 194 193 194 194 194 194 195 196 196 196 196 195 195 196 196 196 197 198 199 200 201 202 203 205 205 205 207 205 207 208 207 206 205 204 202 200 200 199 199 200 200 200 200 200 190 198 198 197 193 195 192 184 180 182 184 172 167 166 174 181 189 187 195 191 193 187 188
