Part_1_SDMs/env_data/future_climate_2070_RCP_8.5/bioclim_12.asc
NCOLS 444 
NROWS 438 
XLLCORNER -19 
YLLCORNER -35 
CELLSIZE 0.166666666666667 
NODATA_value -32768 
[rows 374 to 407 of 438, columns 231 to 307 of 444]
210 213 221 230 239 247 255 263 271 280 291 297 302 308 312 315 315 314 314 315 317 322 330 338 344 351 360 372 385 399 412 427 441 452 467 473 461 452 448 450 444 447 456 476 500 520 558 598 664 717 699 672 682 708 652 593 561 556 574 614 665 729 864 848 939 934 846 834 715 684 695 696 693 680 687 717 756
207 212 218 225 233 242 249 257 265 272 282 289 295 301 303 307 307 308 309 309 310 314 320 329 334 342 353 368 382 397 414 428 445 458 469 461 450 443 436 423 427 440 465 496 524 547 571 614 616 648 664 671 695 699 661 600 579 565 572 596 655 747 826 885 880 912 1049 1065 1037 874 781 738 721 719 729 747 790
205 210 215 222 228 234 243 251 258 267 274 282 288 293 297 299 300 301 301 302 302 306 310 317 323 336 350 365 379 397 414 431 451 465 467 457 459 446 421 400 420 443 484 519 560 597 594 582 631 641 644 683 694 658 642 622 594 574 582 603 684 784 829 855 856 930 1038 1136 1139 926 800 751 749 748 756 767 810
202 208 212 219 224 230 239 246 253 261 267 275 281 285 290 292 294 295 296 297 297 298 300 306 319 332 347 362 375 390 406 423 444 467 479 473 472 447 419 413 422 457 504 550 586 584 587 590 603 632 613 618 631 634 632 622 605 585 580 621 733 810 786 796 882 919 1055 1162 1232 1075 815 766 743 753 783 777 790
200 205 211 217 222 228 235 241 248 255 262 267 273 279 284 286 290 292 292 294 293 290 293 300 315 331 344 359 372 387 403 420 439 460 479 476 479 472 453 454 463 491 532 573 589 605 615 614 592 605 594 598 595 611 614 610 605 599 608 649 766 815 779 870 932 892 1108 1148 1221 1003 832 791 778 763 759 771 787
197 202 209 216 221 226 230 237 243 249 255 259 266 272 278 282 286 289 291 292 292 289 290 299 315 329 343 357 372 385 400 417 435 453 469 481 495 499 493 500 518 539 571 612 626 657 617 604 592 596 598 597 595 616 632 651 667 650 658 675 733 791 832 967 980 924 1053 1115 1182 1054 856 842 798 782 767 769 774
193 200 207 214 219 224 227 232 239 244 249 254 258 266 272 279 283 288 294 295 293 295 298 309 321 334 347 358 370 383 400 415 433 452 469 479 491 515 524 551 577 593 614 631 621 614 608 607 602 619 626 644 650 665 683 710 703 713 704 711 749 817 849 975 919 930 1010 1030 970 946 928 891 826 794 749 763 776
189 196 206 213 219 221 224 229 234 238 242 248 253 259 266 274 284 292 296 298 300 305 313 327 338 344 350 359 370 382 397 414 433 451 468 477 476 512 547 568 602 624 651 660 651 649 644 632 616 624 663 700 703 709 717 724 717 709 713 747 776 834 851 936 935 979 1033 1115 1015 1072 1013 998 919 813 766 769 786
184 193 203 211 216 219 222 224 228 232 237 242 246 252 261 271 285 293 301 302 305 313 327 348 363 356 354 358 370 383 399 415 432 450 467 487 495 518 554 585 615 631 652 667 665 663 673 672 658 649 687 727 733 726 733 723 716 721 722 733 774 821 855 900 929 1013 1084 1178 1021 1205 1322 1127 944 856 881 845 800
179 187 198 206 210 215 217 220 222 225 230 235 239 245 254 266 282 295 302 304 313 321 332 356 369 357 354 357 370 384 399 417 435 454 473 494 513 534 562 587 609 629 645 661 674 681 686 703 690 710 702 734 734 733 725 721 725 732 737 749 772 799 827 851 909 992 1054 1172 1350 1523 1428 1238 970 871 1012 931 815
171 181 190 199 205 209 212 213 214 217 221 226 231 237 244 256 271 287 299 303 314 325 332 340 346 341 348 357 373 388 407 423 434 451 472 497 519 543 567 584 598 615 626 635 653 669 688 706 720 753 751 752 750 740 730 728 732 739 741 759 780 791 805 834 906 987 1086 1186 1295 1423 1477 1226 937 830 861 876 788
162 174 185 193 200 205 207 208 208 210 214 218 223 228 236 243 256 271 287 301 313 327 328 332 333 335 350 369 384 399 418 433 439 450 468 495 517 542 566 583 597 608 614 613 626 647 665 681 715 737 774 779 742 731 732 734 736 744 748 763 776 795 814 847 907 989 1079 1176 1288 1429 1504 1259 840 769 790 837 761
154 165 178 186 193 199 201 200 199 201 205 207 213 217 222 230 242 260 276 294 309 323 327 337 343 351 365 384 400 412 428 443 447 455 468 492 510 541 569 602 614 607 601 601 617 634 656 682 703 724 744 727 730 725 735 742 745 746 751 769 783 796 821 854 905 976 1060 1159 1270 1356 1288 1100 812 754 869 842 727
147 160 171 176 182 186 188 187 187 190 193 197 201 204 208 215 231 249 269 288 304 320 334 343 354 367 384 405 420 431 442 447 448 457 463 480 503 533 573 616 630 622 603 616 622 629 643 655 684 696 706 712 727 731 739 743 740 736 749 762 779 790 814 852 904 962 1032 1124 1204 1167 1064 837 833 740 755 843 723
149 158 165 161 165 173 170 171 173 178 182 187 189 190 194 202 219 240 261 285 305 325 341 355 369 382 402 425 438 443 442 446 448 450 456 471 495 530 564 600 627 624 609 614 620 626 648 670 676 687 693 704 723 730 741 744 733 728 734 749 765 786 810 849 895 946 1009 1068 1090 1102 1083 919 871 728 683 782 728
135 141 150 153 154 162 157 158 165 171 176 181 182 184 185 194 217 242 262 281 306 339 359 374 386 397 415 435 443 448 450 449 449 450 457 469 496 531 563 591 612 612 608 607 615 629 653 660 678 686 692 705 720 734 742 741 730 724 723 740 762 786 814 855 896 938 991 1047 1111 1124 1004 1008 860 735 678 791 729
121 132 140 145 151 155 154 157 163 169 173 178 180 184 189 202 225 255 276 291 306 335 362 388 415 427 433 454 460 455 452 445 448 459 465 470 496 531 564 588 593 596 599 611 619 635 657 663 673 680 690 709 727 750 756 749 737 726 730 751 777 801 823 861 899 935 984 1022 1077 1043 986 952 906 780 702 739 730
115 124 135 139 147 152 154 157 162 169 175 180 183 191 200 213 234 270 304 301 316 351 385 410 426 445 456 468 472 466 455 439 469 464 465 479 497 527 559 577 577 581 592 606 619 634 648 657 662 668 684 713 739 764 774 765 750 739 743 762 798 832 857 877 911 953 989 1023 1019 955 910 919 865 758 685 706 719
112 119 127 135 143 152 154 158 164 169 177 183 188 197 211 222 240 278 306 309 325 358 410 439 452 462 470 473 472 466 455 442 471 467 476 479 493 517 538 554 561 570 583 597 609 625 645 655 665 674 692 724 750 769 771 763 762 755 767 788 817 859 880 892 933 959 988 1027 994 910 874 868 798 725 655 670 729
113 118 125 134 143 149 157 162 167 172 180 187 194 203 216 229 248 279 302 314 335 368 408 454 459 473 477 473 469 463 449 426 476 476 473 472 487 505 523 539 550 561 573 586 601 616 637 652 667 684 697 735 757 763 771 761 762 772 782 802 827 853 867 893 925 963 992 1018 978 945 927 906 848 765 713 724 763
114 119 123 133 147 150 163 167 171 175 183 190 199 209 221 231 252 281 327 326 341 372 404 450 467 471 471 467 464 459 433 419 458 461 462 471 485 502 523 527 538 549 563 579 591 604 623 640 656 677 705 737 747 763 771 758 763 776 812 840 850 869 874 883 899 942 972 994 1002 999 944 918 882 831 851 786 844
112 119 128 136 151 154 167 176 175 180 185 193 204 213 228 233 250 281 325 335 338 365 392 428 468 461 462 461 456 442 413 419 446 451 459 474 489 504 513 513 528 542 553 573 592 601 623 642 665 677 696 727 746 760 766 761 762 775 802 839 871 866 869 881 882 907 933 941 947 944 915 902 903 933 921 914 914
109 115 129 136 159 167 162 166 172 182 189 198 207 216 228 238 251 270 294 325 334 368 390 428 450 448 450 453 442 423 413 434 442 449 461 471 488 506 515 524 532 540 550 566 585 602 625 652 677 696 716 733 745 761 765 766 770 772 806 847 884 869 871 876 873 880 904 903 899 914 905 883 878 938 985 967 993
116 132 136 141 160 163 159 172 183 184 184 189 199 205 220 230 244 269 286 315 316 347 378 421 420 432 440 443 425 410 423 433 442 456 468 471 486 501 523 550 552 553 562 575 588 594 620 651 676 701 729 762 764 774 801 798 804 804 857 888 896 880 873 852 871 873 876 890 884 908 904 926 926 929 964 994 1050
91 114 122 126 153 148 157 171 183 176 169 177 186 197 215 240 247 265 293 295 303 330 375 395 407 418 430 427 408 415 430 428 436 445 453 459 468 483 514 545 560 562 564 579 594 604 626 655 686 727 792 818 821 825 887 854 865 901 933 954 899 864 845 819 837 893 846 890 904 923 910 935 972 985 995 1019 1090
83 99 129 138 123 133 151 162 161 157 164 181 198 194 211 244 246 267 295 280 290 322 364 381 391 406 412 398 412 427 431 435 443 450 452 451 459 465 496 526 551 570 581 581 586 609 642 678 729 755 829 860 848 872 1010 954 936 1113 1093 972 897 855 822 798 813 841 831 889 917 925 949 971 1037 1057 1072 1101 1168
105 129 158 173 152 136 121 130 139 152 171 188 201 200 204 226 238 270 265 275 291 321 339 359 377 386 382 385 410 429 441 444 446 449 446 443 445 456 485 515 545 575 602 609 610 626 661 707 759 787 812 846 850 889 1068 1024 1006 1206 1098 974 885 851 806 783 786 798 830 855 881 925 968 1042 1083 1098 1131 1167 1194
128 161 178 182 176 160 132 134 155 167 178 191 203 205 205 213 234 255 265 289 304 307 321 345 355 353 362 381 399 422 449 451 442 437 436 438 446 460 486 521 553 586 611 632 635 650 702 743 754 769 779 830 898 991 994 946 919 974 1153 1036 921 863 831 821 865 841 904 943 929 944 1030 1134 1138 1144 1165 1188 -32768
133 163 185 186 176 156 147 137 148 163 177 193 205 211 224 221 232 250 270 302 297 305 300 325 325 336 356 372 396 418 439 447 437 435 438 444 456 470 495 539 571 593 617 642 660 680 716 763 748 782 829 882 931 935 892 859 816 823 927 1072 1068 968 926 928 907 927 960 984 985 999 1057 1112 1123 1140 -32768 -32768 -32768
155 163 172 170 161 157 159 145 140 145 162 177 195 210 222 221 226 242 266 285 291 288 281 294 309 325 349 371 391 411 415 425 429 435 444 454 470 476 498 533 572 605 631 647 679 682 709 729 751 822 867 871 894 818 791 781 720 733 884 994 1118 1039 966 958 978 955 977 982 984 1014 1073 1094 1116 -32768 -32768 -32768 -32768
155 157 158 156 155 156 154 150 151 148 149 171 188 205 221 224 225 241 249 279 270 267 281 294 308 320 334 357 378 393 400 413 417 423 438 453 466 478 500 528 565 602 626 641 666 670 694 713 752 816 867 808 829 789 705 699 723 765 862 988 1129 1095 997 947 941 946 973 1005 1007 1030 1055 1082 -32768 -32768 -32768 -32768 -32768
147 147 148 149 153 155 151 152 154 151 149 172 188 202 217 229 234 245 255 253 251 264 279 292 306 316 325 331 348 365 383 400 417 430 433 441 450 460 482 519 555 591 621 639 662 666 684 723 765 808 835 814 747 785 728 643 706 797 881 1098 1032 1039 1047 981 954 954 937 956 993 1025 1050 -32768 -32768 -32768 -32768 -32768 -32768
140 146 146 146 148 146 147 145 142 142 149 164 178 194 206 221 238 247 258 256 249 255 265 287 303 307 317 325 330 349 366 392 417 434 450 454 440 458 475 498 541 584 616 626 639 670 720 752 774 789 834 766 729 730 779 648 769 861 1044 1088 1057 1032 952 969 965 949 960 985 1015 1036 -32768 -32768 -32768 -32768 -32768 -32768 -32768
134 139 143 144 138 132 136 135 139 141 147 155 168 181 198 212 225 242 251 249 253 249 256 276 279 289 306 314 325 342 353 380 402 426 452 442 437 440 475 501 527 577 603 619 645 693 747 758 752 824 781 742 707 734 739 720 839 884 1069 1080 1028 982 948 916 932 963 991 1021 1041 1048 -32768 -32768 -32768 -32768 -32768 -32768 -32768
