Part_1_SDMs/env_data/future_climate_2070_RCP_8.5/bioclim_5.asc
NCOLS 444 
NROWS 438 
XLLCORNER -19 
YLLCORNER -35 
CELLSIZE 0.166666666666667 
NODATA_value -32768 
[rows 35 to 69 of 438, columns 158 to 236 of 444]
478 476 475 473 471 469 466 464 461 457 454 450 447 442 439 436 431 426 422 424 426 427 428 430 432 429 423 419 416 415 415 416 422 416 420 415 414 416 414 412 409 405 402 397 392 388 386 381 378 -32768 -32768 -32768 -32768 -32768 -32768 -32768 -32768 -32768 -32768 -32768 -32768 -32768 -32768 -32768 -32768 -32768 -32768 -32768 -32768 -32768 -32768 -32768 -32768 -32768 -32768 349 349 350 349
479 478 476 474 472 470 468 465 462 459 455 451 448 444 438 433 430 425 420 416 416 414 419 422 422 419 419 413 411 415 417 419 419 415 417 413 415 420 421 419 418 413 408 404 399 395 391 386 383 -32768 -32768 -32768 -32768 -32768 -32768 -32768 -32768 -32768 -32768 -32768 -32768 -32768 -32768 -32768 -32768 -32768 -32768 -32768 -32768 -32768 -32768 -32768 -32768 -32768 -32768 352 353 354 355
481 479 478 476 474 472 469 466 463 460 457 452 448 444 438 434 429 425 420 416 412 408 406 403 403 405 409 411 413 417 421 423 424 420 422 422 425 425 426 426 424 419 414 409 405 399 394 390 386 -32768 -32768 -32768 -32768 -32768 -32768 -32768 -32768 -32768 -32768 -32768 -32768 -32768 -32768 -32768 -32768 -32768 -32768 -32768 -32768 -32768 -32768 -32768 -32768 -32768 -32768 359 360 364 366
483 481 479 477 476 473 471 468 465 462 458 454 449 445 439 432 425 419 416 412 407 407 405 404 406 407 410 413 416 418 422 426 429 428 429 428 430 431 430 429 426 423 419 414 408 402 396 392 388 387 -32768 -32768 -32768 -32768 -32768 -32768 -32768 -32768 -32768 -32768 -32768 -32768 -32768 -32768 -32768 -32768 -32768 -32768 -32768 -32768 -32768 -32768 -32768 -32768 -32768 366 368 371 373
484 482 481 479 477 475 473 470 467 463 459 454 450 444 439 431 425 417 411 408 406 405 406 406 407 409 412 415 417 420 424 428 430 432 433 434 435 435 434 432 429 425 418 414 409 404 399 394 391 388 386 382 -32768 -32768 -32768 -32768 -32768 -32768 -32768 -32768 -32768 -32768 -32768 -32768 -32768 -32768 -32768 -32768 -32768 -32768 -32768 -32768 -32768 -32768 -32768 -32768 376 378 380
485 484 482 481 479 477 474 471 468 465 461 456 451 446 440 433 425 416 408 403 403 403 405 407 409 410 414 417 419 422 425 428 430 431 432 434 437 437 436 433 427 424 420 416 411 407 401 395 392 390 388 384 380 375 370 365 364 363 -32768 -32768 -32768 -32768 -32768 -32768 -32768 -32768 -32768 -32768 -32768 -32768 -32768 -32768 -32768 -32768 -32768 -32768 382 385 386
486 485 484 482 480 477 475 473 470 467 463 459 454 448 442 434 427 417 408 402 401 402 404 406 410 411 413 417 420 423 426 426 427 426 427 433 435 437 436 432 429 426 423 420 415 410 405 399 396 393 391 388 382 378 372 368 366 365 365 365 365 366 -32768 -32768 -32768 -32768 -32768 -32768 -32768 -32768 -32768 -32768 -32768 -32768 -32768 -32768 391 391 392
487 486 484 482 481 479 477 475 472 470 466 461 457 451 444 437 428 421 411 403 402 403 404 407 410 412 415 417 418 421 425 424 424 425 427 429 436 436 437 435 433 430 425 422 418 414 408 404 401 397 394 391 386 381 377 374 371 369 368 367 367 366 366 367 -32768 -32768 -32768 -32768 -32768 -32768 -32768 -32768 -32768 -32768 -32768 -32768 396 397 397
487 486 485 483 482 481 479 477 475 472 468 464 459 454 447 439 432 424 416 409 406 406 407 410 412 414 415 418 419 421 422 424 425 426 428 433 437 436 437 437 433 429 426 423 420 417 412 409 406 401 398 394 390 387 383 380 377 375 372 371 369 368 367 367 367 369 -32768 -32768 -32768 -32768 -32768 -32768 -32768 -32768 -32768 397 400 403 401
488 487 485 485 483 482 480 478 476 474 472 468 463 458 451 444 436 429 422 415 411 411 411 412 414 416 418 419 420 422 424 425 426 427 428 432 435 435 435 436 432 429 427 424 422 420 416 412 410 405 401 398 395 391 388 385 383 380 378 376 373 372 371 370 370 371 372 375 -32768 -32768 -32768 -32768 -32768 -32768 396 399 404 405 405
488 487 486 485 483 482 481 480 479 477 475 472 469 463 457 450 442 434 427 422 419 417 415 415 416 419 421 421 422 423 425 426 427 428 429 431 433 433 433 433 432 429 427 426 424 422 421 418 415 410 405 402 400 397 393 391 389 386 383 382 378 377 375 374 374 375 375 376 379 381 -32768 -32768 391 394 397 401 404 407 410
488 487 486 485 484 484 483 482 480 479 478 477 474 468 462 455 447 440 433 428 424 421 420 420 419 420 421 422 423 425 426 427 428 429 430 431 431 432 433 432 430 430 429 426 423 422 422 422 419 415 410 406 404 403 397 396 394 392 389 387 384 381 379 378 377 376 378 379 382 384 386 388 392 397 400 403 407 410 413
488 488 487 486 485 484 484 482 481 481 480 479 478 473 464 457 452 445 438 431 427 425 424 423 422 422 422 423 424 425 426 427 428 429 429 430 431 431 431 430 430 431 429 426 424 424 422 424 423 418 416 410 408 407 404 400 399 397 394 391 388 386 384 382 379 378 380 382 384 387 390 392 394 399 403 407 410 413 415
488 489 488 486 485 485 484 483 482 482 482 480 477 472 466 458 454 449 442 434 430 427 425 424 424 424 424 425 425 426 426 427 429 429 430 430 430 431 431 430 430 432 429 427 427 425 423 425 426 425 423 416 412 410 409 405 403 401 398 396 393 389 388 384 382 381 382 385 387 388 391 395 399 404 407 409 412 415 417
489 489 488 487 486 485 484 484 483 483 482 479 474 470 465 460 454 450 443 437 432 430 428 426 426 425 426 426 427 427 427 428 429 429 430 430 430 430 431 431 431 432 429 428 428 425 425 427 427 429 427 425 417 411 411 408 406 404 402 398 395 391 390 387 385 383 384 386 390 392 394 396 401 407 412 413 414 417 419
489 488 487 488 487 486 485 483 483 481 479 475 471 467 463 459 453 449 441 437 434 432 431 429 428 427 427 427 428 428 429 429 430 430 430 430 431 431 431 431 432 432 430 430 430 428 429 427 429 431 431 429 425 414 411 410 407 405 404 405 400 396 390 390 389 387 387 390 392 395 396 399 403 406 412 414 416 419 421
489 488 488 488 487 486 484 483 481 478 475 472 469 466 462 456 451 446 442 439 436 434 432 430 430 429 429 428 429 429 429 430 430 430 430 430 430 430 432 433 433 433 432 432 431 429 430 429 432 431 435 435 431 417 412 410 409 409 407 407 407 404 397 393 393 391 392 395 396 399 402 404 405 407 411 415 417 420 422
489 489 488 486 486 485 484 484 481 477 473 470 467 464 460 456 452 448 445 441 437 435 433 432 431 430 430 430 430 430 430 429 430 431 431 431 431 430 431 432 433 433 433 432 432 432 430 433 432 432 438 440 437 425 417 415 413 412 412 411 410 408 403 397 397 395 396 400 403 405 409 411 412 409 411 415 422 420 422
489 488 487 487 485 483 484 483 482 479 472 467 465 462 458 455 452 450 447 443 439 438 436 434 433 431 431 431 431 430 430 430 430 430 431 432 431 431 431 432 432 432 432 432 431 433 432 434 434 439 441 443 439 434 428 423 420 417 415 412 411 412 406 399 400 399 402 404 409 411 411 412 413 413 416 418 425 424 423
489 488 487 487 484 481 481 479 477 475 470 465 463 460 457 455 453 450 447 444 443 441 438 437 436 434 432 431 431 431 432 431 431 431 431 431 432 431 430 432 431 432 432 433 431 430 431 429 430 434 435 437 438 434 429 424 422 419 417 413 409 413 410 403 400 401 405 408 413 413 413 413 413 413 416 418 422 422 424
487 486 486 484 481 479 477 476 474 471 469 464 461 459 457 454 453 451 448 447 446 443 442 442 441 436 434 435 436 437 435 434 433 433 433 433 432 431 430 431 431 432 432 432 432 428 425 422 424 427 429 429 429 425 424 424 421 419 417 413 411 413 413 409 405 404 404 409 413 417 416 415 414 413 416 418 421 423 424
486 484 482 482 479 478 477 476 475 472 466 463 461 459 457 456 455 453 452 450 449 448 447 446 446 446 444 443 444 440 441 440 437 436 436 435 435 433 431 429 430 433 432 431 431 431 428 426 427 428 428 428 426 424 421 422 421 417 415 413 412 413 415 412 411 411 411 413 414 418 418 416 417 416 415 418 418 423 425
485 482 481 481 481 480 479 477 476 474 471 470 467 465 463 460 458 457 455 453 452 450 449 447 447 448 449 449 450 450 450 450 445 440 438 439 440 438 435 428 430 433 434 433 433 434 431 430 430 431 430 428 426 425 423 423 421 419 417 414 413 411 413 413 414 415 415 415 415 418 419 418 419 419 422 424 420 421 424
486 485 484 483 482 480 479 478 476 474 471 469 466 464 463 463 461 460 458 457 455 453 452 450 449 449 450 449 449 449 449 450 445 443 440 441 442 441 437 428 430 435 437 437 438 438 436 434 433 431 430 429 427 423 423 423 421 419 417 414 412 412 412 412 413 415 416 415 414 418 418 418 420 421 422 424 423 423 425
484 483 483 482 481 480 480 479 477 475 473 471 469 467 467 466 465 463 460 459 458 457 455 454 452 451 451 452 451 451 451 451 448 445 444 444 444 442 439 433 434 438 439 440 440 441 440 438 437 434 433 430 427 424 422 421 420 417 415 414 411 410 412 412 412 414 415 416 415 417 418 419 420 422 423 424 425 424 425
484 484 483 483 482 481 481 478 477 475 474 471 469 468 468 467 466 466 464 462 462 460 459 457 456 454 454 453 453 453 453 453 448 447 447 447 446 446 444 441 440 441 442 442 443 443 442 440 439 438 434 431 427 424 422 419 415 414 412 411 410 410 411 412 412 414 417 418 417 418 418 420 421 423 424 425 426 428 429
484 484 484 483 483 482 481 480 477 477 478 477 476 473 471 470 469 468 468 466 463 463 461 460 459 458 457 456 455 455 455 456 452 450 450 450 449 449 449 448 447 448 447 447 446 446 444 443 441 439 435 431 428 425 423 418 413 409 407 405 407 409 410 412 413 415 418 419 420 419 420 421 422 424 425 425 427 429 431
484 484 484 484 483 483 482 481 477 478 477 477 475 473 472 471 471 471 470 467 465 464 463 462 461 460 458 458 457 456 457 457 457 456 455 454 454 455 454 454 454 454 454 453 452 451 448 444 443 441 437 433 430 427 423 418 413 408 403 401 403 406 409 412 414 416 419 420 420 420 421 422 423 425 425 427 428 430 432
485 485 485 484 484 483 483 482 480 477 477 478 477 475 473 473 473 471 470 468 467 466 465 463 462 461 460 460 458 458 458 458 458 458 459 460 460 460 461 461 460 459 457 455 453 451 448 445 444 443 439 435 431 428 425 421 415 409 402 400 402 404 408 412 415 418 420 421 421 422 423 424 425 426 427 429 430 431 433
484 485 485 484 484 484 483 483 482 481 479 478 476 475 474 473 474 472 469 468 467 468 466 463 461 461 461 460 459 459 459 458 458 458 458 459 459 459 460 459 459 458 457 456 453 452 448 447 446 444 441 436 432 429 427 423 417 412 407 402 402 404 409 413 417 420 421 421 422 424 425 426 427 428 429 430 431 432 434
484 483 484 484 484 485 485 484 483 482 480 479 476 474 473 473 474 473 470 468 467 466 464 462 462 462 461 460 460 459 458 458 459 458 459 458 458 458 459 458 458 458 458 456 453 452 449 448 448 445 442 439 434 431 428 424 420 416 411 407 405 408 412 415 418 420 422 424 424 425 426 428 430 430 431 432 432 433 435
482 481 481 482 484 486 486 485 484 483 481 479 476 474 471 471 471 471 469 467 466 466 464 463 463 462 461 461 460 459 459 458 457 458 457 458 458 458 457 458 458 458 458 455 455 453 451 449 448 447 444 441 438 435 431 427 425 421 417 412 410 412 416 419 421 424 426 426 427 427 429 430 432 432 432 433 434 435 436
482 481 480 481 482 484 486 485 484 482 481 479 477 475 473 471 471 471 470 467 466 466 464 463 462 461 461 461 460 459 459 460 459 458 458 458 458 457 458 457 458 458 457 456 455 453 451 450 449 448 447 444 441 439 436 432 429 425 422 420 418 418 421 423 425 427 428 429 429 430 431 432 433 433 434 434 435 436 437
480 480 483 483 485 485 485 485 484 481 479 477 475 474 472 471 469 469 467 466 466 466 463 462 462 462 461 461 462 462 462 461 460 461 460 459 458 458 457 458 459 459 459 458 456 454 452 451 449 449 448 446 444 442 439 436 434 432 428 425 424 424 425 427 429 432 432 432 433 433 433 434 434 434 435 436 436 437 438
475 466 477 481 484 483 484 483 481 479 476 472 471 472 470 470 469 468 467 466 465 466 463 462 462 462 463 463 463 458 456 452 453 455 457 458 459 460 460 459 460 460 459 458 456 455 453 451 450 449 450 448 447 445 442 439 437 434 432 429 428 430 431 433 434 435 436 436 438 438 436 435 435 436 436 437 437 438 439
