Part_1_SDMs/env_data/future_climate_2070_RCP_8.5/bioclim_13.asc
NCOLS 444 
NROWS 438 
XLLCORNER -19 
YLLCORNER -35 
CELLSIZE 0.166666666666667 
NODATA_value -32768 
[rows 105 to 139 of 438, columns 240 to 319 of 444]
2 2 2 2 2 2 2 2 2 2 3 3 3 3 4 4 4 4 4 4 5 5 5 5 6 6 5 6 6 6 5 6 6 6 6 6 6 6 6 6 6 5 5 5 5 5 4 4 4 4 4 3 3 3 3 3 2 2 2 2 3 3 3 3 3 3 3 3 4 4 4 4 4 4 4 4 4 5 5 6
2 2 2 2 2 2 2 3 3 3 3 3 4 4 4 4 5 4 5 5 5 6 6 6 6 6 6 6 6 6 6 6 6 7 7 7 7 7 7 6 6 7 6 6 6 6 5 5 5 4 4 4 4 4 3 3 3 3 3 3 3 3 3 3 3 3 4 4 4 4 4 4 4 4 4 5 5 5 6 7
2 2 2 2 2 2 3 3 3 3 3 4 4 4 5 5 5 5 5 6 6 6 7 6 7 7 7 7 7 7 7 7 7 7 7 7 8 8 8 7 7 6 7 7 6 6 6 5 5 5 5 5 4 4 4 4 4 3 3 3 3 3 4 4 4 4 4 4 4 4 4 4 5 5 5 5 6 6 7 7
3 3 2 3 3 3 3 3 4 4 4 5 5 5 5 6 6 6 6 6 7 7 7 7 7 7 7 7 7 7 8 8 8 8 8 8 9 8 8 8 8 7 7 7 7 7 6 6 6 6 6 5 5 5 5 4 4 4 4 4 4 4 4 4 5 5 5 5 5 5 5 5 5 5 5 6 6 7 7 8
3 3 3 3 3 4 4 4 4 5 5 5 6 6 6 6 6 7 7 7 8 8 8 8 8 8 8 8 8 8 8 9 9 9 9 10 10 9 9 9 8 8 8 8 8 8 8 7 7 7 6 6 6 6 5 5 5 5 5 5 5 5 5 5 5 6 5 5 5 5 5 5 5 6 6 6 7 7 8 8
3 3 3 4 4 4 4 4 5 5 6 6 6 6 7 7 7 7 8 8 8 8 8 9 8 8 9 9 9 9 9 10 10 10 10 11 11 11 10 10 10 9 9 9 9 9 8 8 8 8 8 7 7 6 6 6 6 5 6 6 6 6 6 6 6 6 6 6 6 6 6 6 6 6 6 7 8 8 9 9
4 4 4 4 5 5 5 6 6 6 7 7 7 7 8 8 8 9 9 9 9 9 9 9 9 9 10 10 10 10 10 11 11 11 11 12 12 12 12 11 11 11 10 10 10 10 10 9 9 9 9 8 8 8 7 7 6 6 6 7 7 7 7 7 7 7 7 7 7 7 7 7 7 7 7 8 8 9 10 10
5 4 5 4 4 5 6 6 7 8 8 8 8 9 9 9 10 10 10 10 10 10 10 10 10 10 11 11 11 11 11 12 12 12 13 14 14 14 13 12 12 12 12 12 12 12 11 11 10 10 10 10 9 9 8 8 8 7 8 8 8 8 8 8 8 8 8 8 8 8 8 8 8 8 8 9 9 10 11 12
5 5 4 4 5 7 8 8 7 8 8 8 9 10 11 11 11 11 11 11 11 11 11 11 11 11 12 12 12 12 13 13 13 14 14 15 15 15 15 14 14 14 13 13 13 13 13 13 12 12 12 11 11 11 10 10 9 9 10 10 10 10 10 9 9 9 8 9 8 8 9 9 10 10 10 10 11 11 12 14
7 6 6 5 6 7 8 8 8 9 9 10 10 12 12 12 12 12 12 12 12 12 12 12 12 13 13 13 13 14 14 14 15 15 16 16 16 16 16 16 15 15 15 15 15 15 15 14 14 14 14 13 13 13 12 12 12 12 12 12 12 12 11 10 10 10 9 9 9 10 11 11 11 11 11 11 12 13 14 15
8 8 8 8 8 8 9 10 10 10 11 12 13 13 14 14 14 14 13 13 13 13 13 13 14 14 14 14 15 15 16 16 16 17 17 18 18 18 18 17 17 17 17 17 17 17 17 16 16 16 16 15 15 15 15 15 15 15 15 15 15 14 13 12 11 11 10 11 11 12 12 12 13 13 13 13 13 15 16 18
11 11 11 10 11 11 11 11 12 12 12 13 14 15 15 15 14 14 14 14 14 15 15 15 15 15 15 16 16 17 17 18 18 18 18 19 20 20 19 19 19 19 19 19 19 19 19 19 18 18 18 18 18 18 18 18 19 19 19 19 19 17 16 14 13 12 12 13 13 14 14 14 16 15 15 15 16 17 18 20
13 14 14 14 13 13 13 13 13 13 13 13 14 16 14 14 14 15 15 16 16 16 16 16 16 17 17 17 18 18 19 19 20 20 20 21 22 22 22 22 21 21 21 21 21 21 20 20 20 20 20 21 21 21 21 22 22 23 23 23 22 21 19 17 15 14 14 15 15 16 17 17 18 17 17 18 18 19 21 23
17 17 17 17 16 16 16 15 14 14 14 14 14 14 15 15 15 16 17 18 18 18 18 18 18 19 19 19 20 20 21 21 22 22 22 23 24 25 25 24 24 24 23 23 23 22 22 22 23 23 23 24 24 24 25 26 27 27 28 28 26 24 22 20 18 17 17 17 18 19 20 20 20 20 20 20 21 22 23 26
21 22 22 22 21 20 18 17 16 15 14 15 15 15 15 17 18 19 19 20 19 19 19 20 20 21 21 21 22 22 23 23 23 24 24 25 26 27 26 25 25 25 25 25 25 25 25 25 26 26 26 26 27 27 28 29 30 31 32 32 30 27 25 23 22 20 20 20 21 21 22 23 23 23 23 23 24 25 27 29
29 30 30 29 27 25 22 20 18 17 17 16 17 18 19 20 21 20 21 21 21 21 21 22 22 23 23 24 24 24 25 25 26 26 27 27 27 28 27 27 27 27 27 27 27 27 28 29 28 29 29 29 30 30 31 32 33 34 36 36 33 30 27 26 24 23 23 23 25 25 26 26 26 27 27 27 27 28 30 33
38 42 43 42 38 34 29 26 22 21 21 21 21 24 24 24 24 23 24 23 23 23 24 24 24 24 25 26 26 27 27 28 29 29 29 29 29 29 29 29 29 29 29 29 29 29 30 30 30 30 31 31 32 33 34 35 36 37 37 37 35 33 30 29 27 26 26 26 26 27 28 29 29 30 30 30 30 31 34 37
48 57 60 58 53 47 40 36 31 29 27 28 29 27 27 27 27 26 25 25 25 25 25 25 26 26 27 28 29 30 30 31 31 31 31 31 31 31 31 31 31 31 31 31 31 31 32 32 32 33 33 34 35 36 37 38 38 39 39 39 38 36 34 32 30 29 28 28 28 29 30 31 32 33 33 33 33 33 37 41
63 69 76 75 68 62 56 48 44 40 36 36 34 33 32 31 30 28 27 27 27 28 27 28 29 29 30 30 31 32 33 33 33 33 33 33 33 33 33 33 33 34 34 34 34 34 34 34 34 35 36 36 37 39 40 40 40 41 41 41 40 38 36 34 33 32 33 32 32 33 33 34 35 36 36 37 38 39 42 45
78 83 87 88 82 77 72 65 57 52 48 45 43 41 38 35 33 31 30 29 30 29 30 31 31 32 32 33 34 34 34 35 35 35 35 36 36 36 36 35 35 36 36 36 36 36 37 37 37 38 39 40 42 43 43 43 42 43 44 44 42 40 38 36 35 36 36 36 36 37 38 38 40 40 41 42 43 46 48 50
96 97 96 94 95 89 85 78 74 67 61 56 52 48 43 40 38 34 33 32 32 32 32 33 33 34 35 35 36 37 37 38 38 39 38 39 40 40 39 38 38 39 38 38 39 39 39 39 40 42 42 44 45 46 45 44 44 45 47 47 45 42 40 38 38 38 39 39 40 41 42 42 44 45 46 47 49 52 54 56
115 113 113 110 105 103 93 91 88 81 75 67 62 55 49 45 42 39 37 36 35 35 35 36 37 37 38 39 39 40 40 41 41 42 41 42 43 42 42 42 41 41 41 41 41 42 42 43 43 45 46 47 46 45 46 46 47 47 48 50 48 45 42 40 40 41 41 42 43 44 46 47 47 48 50 52 54 58 60 61
136 134 128 123 116 109 105 98 96 95 87 81 75 66 56 50 46 43 41 39 39 38 39 40 40 41 42 43 44 44 44 45 45 45 45 45 47 45 45 44 44 44 44 43 44 44 45 45 47 49 50 48 48 49 50 50 49 50 50 52 51 48 46 43 42 42 43 44 45 47 47 50 52 53 55 57 60 62 64 66
160 156 149 142 135 126 119 112 114 114 108 93 84 72 63 57 53 49 46 44 43 42 43 44 44 46 47 48 49 48 48 49 50 50 49 49 51 50 49 48 48 47 47 47 47 47 48 49 50 53 50 51 51 52 56 55 52 53 53 55 54 51 49 46 45 44 46 47 48 50 51 52 55 57 61 63 66 68 70 72
184 179 171 163 154 146 140 138 133 124 125 110 96 85 77 69 62 57 53 50 48 48 48 49 50 51 53 54 54 54 54 54 55 55 54 53 56 54 53 52 51 50 50 50 50 50 51 51 52 52 53 54 57 59 62 61 57 57 57 57 56 53 52 50 48 47 49 50 51 52 54 57 60 64 69 71 73 75 77 78
207 201 194 185 176 168 161 159 146 142 143 128 112 102 91 80 74 68 63 58 56 55 55 56 58 60 61 61 60 61 61 62 61 60 59 58 61 61 58 57 56 55 54 54 54 54 54 55 56 57 60 63 67 71 73 70 69 66 65 64 60 57 56 53 51 51 52 54 54 55 58 62 67 70 76 80 82 84 85 86
226 221 214 207 198 193 182 173 167 164 154 145 131 116 105 97 90 83 76 70 65 64 65 65 68 70 70 70 70 71 70 70 68 66 66 66 68 67 65 63 62 60 59 58 58 58 58 59 60 65 68 71 75 78 80 79 78 76 75 72 66 61 59 57 54 54 56 57 57 58 63 69 74 77 83 89 92 93 94 94
240 236 233 229 220 210 202 194 188 183 168 156 143 131 120 112 104 97 89 82 77 78 78 77 79 80 82 81 81 83 81 78 76 76 76 74 74 73 72 70 68 67 65 64 63 63 63 64 67 73 76 80 82 85 86 86 85 83 81 78 72 66 63 61 58 59 60 61 60 62 68 74 80 85 91 98 102 102 102 102
251 249 247 243 241 235 230 224 220 208 188 172 158 146 135 125 117 109 102 96 92 92 92 91 91 92 95 96 96 94 91 88 86 87 86 84 82 81 80 78 76 74 71 70 69 68 68 69 74 79 83 86 88 91 92 91 90 89 87 82 75 70 67 65 64 64 65 66 66 68 74 79 84 89 96 102 108 109 109 110
259 260 258 258 256 255 262 259 246 227 207 191 179 167 154 145 135 128 120 113 111 107 106 106 105 105 108 111 110 105 102 99 98 98 97 95 92 89 89 87 84 81 79 76 75 74 74 74 80 86 89 91 92 94 95 95 95 92 90 87 80 74 71 70 69 71 71 71 74 78 82 86 90 94 100 105 112 114 116 118
263 266 268 272 282 280 285 280 262 244 226 211 198 187 174 164 155 149 138 132 128 124 124 122 122 120 123 121 119 116 113 113 115 116 111 105 102 98 98 96 92 89 86 83 82 80 79 80 85 91 93 94 95 96 99 98 97 95 94 90 84 80 78 76 75 76 77 77 79 85 90 93 95 97 103 108 115 120 123 125
264 269 274 279 294 308 305 293 277 260 244 229 214 202 192 182 176 168 158 152 146 143 139 138 136 138 136 131 129 128 126 127 130 135 124 114 110 108 107 103 100 96 94 91 88 87 86 85 89 93 96 96 97 98 100 100 101 99 95 91 86 85 83 82 81 81 82 82 82 89 99 101 98 99 106 112 119 125 130 132
261 268 280 285 306 314 310 302 290 276 260 244 231 218 207 198 191 185 178 170 162 160 153 149 148 149 145 142 141 140 138 136 134 130 126 120 117 116 114 112 108 105 103 98 95 93 92 91 92 95 97 97 98 99 101 101 103 98 94 90 89 90 89 89 88 88 87 85 85 92 101 105 100 99 109 119 126 132 137 140
257 267 281 292 309 320 317 309 299 285 270 256 243 232 222 212 204 197 191 183 177 172 166 161 160 158 155 152 152 150 148 145 141 135 130 126 124 123 121 118 115 113 110 105 102 99 98 97 95 95 97 98 98 100 101 101 98 96 93 92 93 94 94 94 95 94 91 88 88 95 102 106 106 110 119 128 135 140 144 149
253 268 276 293 309 317 318 312 301 287 274 261 250 240 230 221 214 206 199 193 186 180 175 170 168 164 162 160 159 158 154 150 146 141 137 132 129 128 125 124 121 118 114 110 107 104 104 104 101 98 98 99 99 100 100 100 98 96 96 96 97 98 99 100 100 101 99 95 95 101 109 117 124 130 135 140 145 148 153 158
