Part_1_SDMs/env_data/future_climate_2070_RCP_8.5/bioclim_10.asc
NCOLS 444 
NROWS 438 
XLLCORNER -19 
YLLCORNER -35 
CELLSIZE 0.166666666666667 
NODATA_value -32768 
[rows 315 to 349 of 438, columns 316 to 394 of 444]
264 266 264 264 259 272 298 292 289 312 297 285 294 302 303 305 308 310 311 310 307 303 299 292 296 296 295 303 303 304 303 306 307 305 304 303 300 297 297 297 299 303 303 305 -32768 -32768 -32768 -32768 -32768 -32768 -32768 -32768 -32768 -32768 -32768 -32768 -32768 -32768 -32768 -32768 -32768 -32768 -32768 -32768 -32768 -32768 -32768 -32768 -32768 -32768 -32768 -32768 -32768 -32768 -32768 -32768 -32768 -32768 -32768
266 272 270 270 263 266 282 294 296 310 304 291 297 302 303 306 311 310 311 312 306 291 291 288 290 293 297 296 301 300 301 304 306 308 308 306 301 299 300 299 302 305 304 306 -32768 -32768 -32768 -32768 -32768 -32768 -32768 -32768 -32768 -32768 -32768 -32768 -32768 -32768 -32768 -32768 -32768 -32768 -32768 -32768 -32768 -32768 -32768 -32768 -32768 -32768 -32768 -32768 -32768 -32768 -32768 -32768 -32768 -32768 -32768
276 280 279 277 264 259 284 297 301 308 305 297 300 300 302 306 309 307 302 294 299 287 284 283 284 290 291 288 297 297 302 306 309 311 311 310 302 298 300 303 304 309 308 -32768 -32768 -32768 -32768 -32768 -32768 -32768 -32768 -32768 -32768 -32768 -32768 -32768 -32768 -32768 -32768 -32768 -32768 -32768 -32768 -32768 -32768 -32768 -32768 -32768 -32768 -32768 -32768 -32768 -32768 -32768 -32768 -32768 -32768 -32768 -32768
282 293 290 281 264 255 284 302 305 302 291 297 299 299 298 300 303 305 290 295 292 282 266 281 284 288 290 292 296 295 305 310 313 315 313 309 302 299 301 303 306 309 308 -32768 -32768 -32768 -32768 -32768 -32768 -32768 -32768 -32768 -32768 -32768 -32768 -32768 -32768 -32768 -32768 -32768 -32768 -32768 -32768 -32768 -32768 -32768 -32768 -32768 -32768 -32768 -32768 -32768 -32768 -32768 -32768 -32768 -32768 -32768 -32768
300 294 298 285 268 262 293 308 308 282 288 297 298 297 291 294 299 298 294 271 259 275 280 286 289 292 295 297 300 304 309 311 317 316 313 310 307 305 303 304 305 306 307 -32768 -32768 -32768 -32768 -32768 -32768 -32768 -32768 -32768 -32768 -32768 -32768 -32768 -32768 -32768 -32768 -32768 -32768 -32768 -32768 -32768 -32768 -32768 -32768 -32768 -32768 -32768 -32768 -32768 -32768 -32768 -32768 -32768 -32768 -32768 309
321 312 306 301 286 289 309 311 302 276 287 295 297 296 294 292 291 289 287 278 264 277 281 288 291 294 299 302 303 305 312 315 318 318 315 312 311 309 308 305 304 306 -32768 -32768 -32768 -32768 -32768 -32768 -32768 -32768 -32768 -32768 -32768 -32768 -32768 -32768 -32768 -32768 -32768 -32768 -32768 -32768 -32768 -32768 -32768 -32768 -32768 -32768 -32768 -32768 -32768 -32768 -32768 -32768 -32768 -32768 -32768 309 310
329 320 313 302 297 311 319 306 290 280 289 293 294 295 290 287 288 291 291 295 293 290 286 293 299 300 302 304 307 309 312 315 319 321 318 314 313 310 308 307 306 306 -32768 -32768 -32768 -32768 -32768 -32768 -32768 -32768 -32768 -32768 -32768 -32768 -32768 -32768 -32768 -32768 -32768 -32768 -32768 -32768 -32768 -32768 -32768 -32768 -32768 -32768 -32768 -32768 -32768 -32768 -32768 -32768 -32768 312 311 310 309
333 331 329 319 308 316 321 296 273 281 288 287 283 292 288 289 291 293 296 299 298 292 296 299 300 305 308 311 313 312 316 317 320 322 320 317 316 314 311 307 306 -32768 -32768 -32768 -32768 -32768 -32768 -32768 -32768 -32768 -32768 -32768 -32768 -32768 -32768 -32768 -32768 -32768 -32768 -32768 -32768 -32768 -32768 -32768 -32768 -32768 -32768 -32768 -32768 -32768 -32768 311 311 312 311 311 311 310 309
333 329 327 324 325 320 327 302 268 284 287 241 264 295 291 292 290 289 291 297 303 304 300 304 305 307 310 312 312 315 317 318 320 323 321 318 317 315 314 311 -32768 -32768 -32768 -32768 -32768 -32768 -32768 -32768 -32768 -32768 -32768 -32768 -32768 -32768 -32768 -32768 -32768 -32768 -32768 -32768 -32768 -32768 -32768 -32768 -32768 -32768 -32768 -32768 310 310 312 312 311 312 312 312 313 311 313
336 329 327 327 327 331 334 323 279 288 291 284 285 299 299 294 289 293 300 305 306 307 307 307 310 312 311 313 313 314 316 319 319 320 321 319 318 317 316 -32768 -32768 -32768 -32768 -32768 -32768 -32768 -32768 -32768 -32768 -32768 -32768 -32768 -32768 -32768 -32768 -32768 -32768 -32768 -32768 -32768 -32768 -32768 -32768 -32768 -32768 -32768 -32768 310 310 311 311 312 311 313 312 312 314 316 316
338 333 327 329 328 330 336 337 306 299 297 291 293 298 298 291 280 292 301 306 311 310 311 311 313 315 313 311 315 316 315 318 319 320 319 320 320 318 316 -32768 -32768 -32768 -32768 -32768 -32768 -32768 -32768 -32768 -32768 -32768 -32768 -32768 -32768 -32768 -32768 -32768 -32768 -32768 -32768 -32768 -32768 -32768 -32768 -32768 309 309 310 310 310 310 310 310 312 313 313 311 313 314 313
336 334 328 324 325 330 332 338 334 323 308 302 292 302 300 301 303 307 308 313 314 311 310 314 314 315 315 312 314 316 315 317 318 318 318 318 318 317 -32768 -32768 -32768 -32768 -32768 -32768 -32768 -32768 -32768 -32768 -32768 -32768 -32768 -32768 -32768 -32768 -32768 -32768 -32768 -32768 -32768 -32768 -32768 -32768 -32768 -32768 309 309 309 310 309 308 308 309 309 310 311 307 310 315 316
328 334 329 333 332 332 328 331 334 331 321 308 298 302 300 299 305 312 314 317 317 316 313 313 315 313 315 313 315 316 316 316 316 316 315 316 317 -32768 -32768 -32768 -32768 -32768 -32768 -32768 -32768 -32768 -32768 -32768 -32768 -32768 -32768 -32768 -32768 -32768 -32768 -32768 -32768 -32768 -32768 -32768 -32768 -32768 -32768 -32768 310 310 309 307 307 304 303 307 308 308 311 308 315 317 319
322 324 325 335 336 335 334 326 323 329 328 320 313 305 303 302 303 309 314 318 317 317 316 314 315 314 314 314 315 313 314 314 314 314 313 -32768 -32768 -32768 -32768 -32768 -32768 -32768 -32768 -32768 -32768 -32768 -32768 -32768 -32768 -32768 -32768 -32768 -32768 -32768 -32768 -32768 -32768 -32768 -32768 -32768 -32768 -32768 -32768 -32768 310 310 307 306 300 301 298 301 305 309 312 310 316 319 321
315 320 326 326 330 332 334 329 314 325 328 318 308 305 306 306 308 310 312 317 318 317 317 314 315 314 312 312 313 313 312 312 312 313 -32768 -32768 -32768 -32768 -32768 -32768 -32768 -32768 -32768 -32768 -32768 -32768 -32768 -32768 -32768 -32768 -32768 -32768 -32768 -32768 -32768 -32768 -32768 -32768 -32768 -32768 -32768 -32768 -32768 310 309 310 305 299 296 297 295 293 302 309 314 315 317 318 322
311 313 317 322 326 328 328 330 315 332 325 312 306 307 309 310 312 312 313 316 318 317 318 316 315 313 312 311 311 312 311 311 310 -32768 -32768 -32768 -32768 -32768 -32768 -32768 -32768 -32768 -32768 -32768 -32768 -32768 -32768 -32768 -32768 -32768 -32768 -32768 -32768 -32768 307 -32768 -32768 -32768 -32768 -32768 -32768 -32768 309 309 308 308 304 299 297 298 296 288 298 309 310 311 313 322 320
304 309 316 322 322 322 326 331 325 332 322 306 305 309 312 312 314 314 314 315 318 315 316 317 315 312 311 310 310 -32768 -32768 -32768 -32768 -32768 -32768 -32768 -32768 -32768 -32768 -32768 -32768 -32768 -32768 -32768 -32768 -32768 -32768 -32768 -32768 -32768 -32768 -32768 -32768 -32768 -32768 -32768 -32768 -32768 -32768 -32768 -32768 -32768 309 309 308 307 299 293 297 296 297 286 293 303 311 307 317 318 313
302 307 311 316 317 320 322 328 332 331 312 305 308 310 312 313 313 314 315 317 316 316 316 316 314 312 -32768 -32768 -32768 -32768 -32768 -32768 -32768 -32768 -32768 -32768 -32768 -32768 -32768 -32768 -32768 -32768 -32768 -32768 -32768 -32768 -32768 -32768 -32768 -32768 -32768 -32768 -32768 -32768 -32768 -32768 -32768 -32768 -32768 -32768 -32768 308 309 307 307 304 304 292 293 296 298 292 290 307 318 315 314 311 305
300 301 305 310 311 315 320 325 329 328 314 310 311 312 313 314 313 314 315 315 315 314 314 314 -32768 -32768 -32768 -32768 -32768 -32768 -32768 -32768 -32768 -32768 -32768 -32768 -32768 -32768 -32768 -32768 -32768 -32768 -32768 -32768 -32768 -32768 -32768 -32768 -32768 -32768 -32768 -32768 -32768 -32768 -32768 -32768 -32768 -32768 -32768 -32768 -32768 308 308 307 306 305 297 302 301 301 303 308 310 310 309 306 305 298 292
295 297 302 309 311 314 318 321 326 325 319 314 314 313 313 313 314 314 314 314 313 313 313 -32768 -32768 -32768 -32768 -32768 -32768 -32768 -32768 -32768 -32768 -32768 -32768 -32768 -32768 -32768 -32768 -32768 -32768 -32768 -32768 -32768 -32768 -32768 -32768 -32768 -32768 -32768 -32768 -32768 -32768 -32768 -32768 -32768 -32768 -32768 -32768 -32768 -32768 307 307 306 304 305 303 304 306 306 304 306 295 297 293 297 292 284 285
295 298 303 310 313 314 317 321 324 321 318 317 315 313 313 313 314 314 313 313 312 -32768 -32768 -32768 -32768 -32768 -32768 -32768 -32768 -32768 -32768 -32768 -32768 -32768 -32768 -32768 -32768 -32768 -32768 -32768 -32768 -32768 -32768 -32768 -32768 -32768 -32768 -32768 -32768 -32768 -32768 -32768 -32768 -32768 -32768 -32768 -32768 -32768 -32768 -32768 -32768 -32768 306 306 303 299 305 306 308 307 299 293 281 290 289 281 283 275 273
295 298 302 310 315 316 319 322 319 314 311 312 313 313 313 313 313 313 312 312 -32768 -32768 -32768 -32768 -32768 -32768 -32768 -32768 -32768 -32768 -32768 -32768 -32768 -32768 -32768 -32768 -32768 -32768 -32768 -32768 -32768 -32768 -32768 -32768 -32768 -32768 -32768 -32768 -32768 -32768 -32768 -32768 -32768 -32768 -32768 -32768 -32768 -32768 -32768 -32768 -32768 -32768 305 306 302 295 302 306 308 304 289 281 278 288 287 281 273 262 270
295 296 297 308 314 318 320 318 313 306 308 310 312 312 311 311 311 311 311 311 -32768 -32768 -32768 -32768 -32768 -32768 -32768 -32768 -32768 -32768 -32768 -32768 -32768 -32768 -32768 -32768 -32768 -32768 -32768 -32768 -32768 -32768 -32768 -32768 -32768 -32768 -32768 -32768 -32768 -32768 -32768 -32768 -32768 -32768 -32768 -32768 -32768 -32768 -32768 -32768 -32768 -32768 306 306 303 295 289 305 308 301 272 267 280 284 283 278 269 260 248
295 295 257 306 316 318 318 310 307 307 308 310 311 311 310 310 310 310 310 -32768 -32768 -32768 -32768 -32768 -32768 -32768 -32768 -32768 -32768 -32768 -32768 -32768 -32768 -32768 -32768 -32768 -32768 -32768 -32768 -32768 -32768 -32768 -32768 -32768 -32768 -32768 -32768 -32768 -32768 -32768 -32768 -32768 -32768 -32768 -32768 -32768 -32768 -32768 -32768 -32768 -32768 -32768 306 306 303 301 292 303 312 310 272 274 274 276 277 260 264 266 245
296 297 294 308 317 318 313 306 307 307 308 310 311 310 310 309 309 309 -32768 -32768 -32768 -32768 -32768 -32768 -32768 -32768 -32768 -32768 -32768 -32768 -32768 -32768 -32768 -32768 -32768 -32768 -32768 -32768 -32768 -32768 -32768 -32768 -32768 -32768 -32768 -32768 -32768 -32768 -32768 -32768 -32768 -32768 -32768 -32768 -32768 -32768 -32768 -32768 -32768 -32768 -32768 -32768 307 307 307 306 300 298 312 311 286 278 279 279 279 273 267 261 255
300 300 302 313 317 317 307 305 306 307 309 310 310 309 309 308 308 -32768 -32768 -32768 -32768 -32768 -32768 -32768 -32768 -32768 -32768 -32768 -32768 -32768 -32768 -32768 -32768 -32768 -32768 -32768 -32768 -32768 -32768 -32768 -32768 -32768 -32768 -32768 -32768 -32768 -32768 -32768 -32768 -32768 -32768 -32768 -32768 -32768 -32768 -32768 -32768 -32768 -32768 -32768 -32768 -32768 -32768 309 310 310 306 294 312 318 292 282 277 282 280 274 270 266 255
294 300 307 314 316 314 305 305 306 307 309 309 309 308 308 307 307 -32768 -32768 -32768 -32768 -32768 -32768 -32768 -32768 -32768 -32768 -32768 -32768 -32768 -32768 -32768 -32768 -32768 -32768 -32768 -32768 -32768 -32768 -32768 -32768 -32768 -32768 -32768 -32768 -32768 -32768 -32768 -32768 -32768 -32768 -32768 -32768 -32768 -32768 -32768 -32768 -32768 -32768 -32768 -32768 -32768 -32768 309 309 311 308 293 312 321 298 282 276 279 281 272 274 270 256
292 300 310 314 315 313 306 306 306 308 308 309 308 308 -32768 -32768 -32768 -32768 -32768 -32768 -32768 -32768 -32768 -32768 -32768 -32768 -32768 -32768 -32768 -32768 -32768 -32768 -32768 -32768 -32768 -32768 -32768 -32768 -32768 -32768 -32768 -32768 -32768 -32768 -32768 -32768 -32768 -32768 -32768 -32768 -32768 -32768 -32768 -32768 -32768 -32768 -32768 -32768 -32768 -32768 -32768 -32768 -32768 309 310 312 313 302 311 321 306 274 270 280 285 282 276 261 247
302 307 310 314 315 313 308 307 307 308 308 308 -32768 -32768 -32768 -32768 -32768 -32768 -32768 -32768 -32768 -32768 -32768 -32768 -32768 -32768 -32768 -32768 -32768 -32768 -32768 -32768 -32768 -32768 -32768 -32768 -32768 -32768 -32768 -32768 -32768 -32768 -32768 -32768 -32768 -32768 -32768 -32768 -32768 -32768 -32768 -32768 -32768 -32768 -32768 -32768 -32768 -32768 -32768 -32768 -32768 -32768 -32768 309 310 312 315 309 302 314 316 284 273 276 288 279 274 265 247
308 307 310 314 315 313 309 309 308 308 308 -32768 -32768 -32768 -32768 -32768 -32768 -32768 -32768 -32768 -32768 -32768 -32768 -32768 -32768 -32768 -32768 -32768 -32768 -32768 -32768 -32768 -32768 -32768 -32768 -32768 -32768 -32768 -32768 -32768 -32768 -32768 -32768 -32768 -32768 -32768 -32768 -32768 -32768 -32768 -32768 -32768 -32768 -32768 -32768 -32768 -32768 -32768 -32768 -32768 -32768 -32768 -32768 -32768 311 311 312 315 305 309 322 304 302 290 288 280 274 264 243
310 307 310 312 314 313 310 310 309 308 308 -32768 -32768 -32768 -32768 -32768 -32768 -32768 -32768 -32768 -32768 -32768 -32768 -32768 -32768 -32768 -32768 -32768 -32768 -32768 -32768 -32768 -32768 -32768 -32768 -32768 -32768 -32768 -32768 -32768 -32768 -32768 -32768 -32768 -32768 -32768 -32768 -32768 -32768 -32768 -32768 -32768 -32768 -32768 -32768 -32768 -32768 -32768 -32768 -32768 -32768 -32768 -32768 -32768 312 311 313 319 314 313 326 306 297 286 276 276 268 257 237
310 312 312 310 311 313 311 309 309 -32768 -32768 -32768 -32768 -32768 -32768 -32768 -32768 -32768 -32768 -32768 -32768 -32768 -32768 -32768 -32768 -32768 -32768 -32768 -32768 -32768 -32768 -32768 -32768 -32768 -32768 -32768 -32768 -32768 -32768 -32768 -32768 -32768 -32768 -32768 -32768 -32768 -32768 -32768 -32768 -32768 -32768 -32768 -32768 -32768 -32768 -32768 -32768 -32768 -32768 -32768 -32768 -32768 -32768 -32768 312 312 315 317 320 317 325 315 301 291 281 275 264 257 243
309 311 311 312 312 312 310 309 -32768 -32768 -32768 -32768 -32768 -32768 -32768 -32768 -32768 -32768 -32768 -32768 -32768 -32768 -32768 -32768 -32768 -32768 -32768 -32768 -32768 -32768 -32768 -32768 -32768 -32768 -32768 -32768 -32768 -32768 -32768 -32768 -32768 -32768 -32768 -32768 -32768 -32768 -32768 -32768 -32768 -32768 -32768 -32768 -32768 -32768 -32768 -32768 -32768 -32768 -32768 -32768 -32768 -32768 -32768 -32768 312 312 314 315 318 311 321 317 308 298 286 269 249 241 231
309 304 303 308 309 309 307 -32768 -32768 -32768 -32768 -32768 -32768 -32768 -32768 -32768 -32768 -32768 -32768 -32768 -32768 -32768 -32768 -32768 -32768 -32768 -32768 -32768 -32768 -32768 -32768 -32768 -32768 -32768 -32768 -32768 -32768 -32768 -32768 -32768 -32768 -32768 -32768 -32768 -32768 -32768 -32768 -32768 -32768 -32768 -32768 -32768 -32768 -32768 -32768 -32768 -32768 -32768 -32768 -32768 -32768 -32768 -32768 -32768 311 312 314 313 310 312 321 321 305 288 285 280 253 236 224
305 297 300 306 308 307 306 -32768 -32768 -32768 -32768 -32768 -32768 -32768 -32768 -32768 -32768 -32768 -32768 -32768 -32768 -32768 -32768 -32768 -32768 -32768 -32768 -32768 -32768 -32768 -32768 -32768 -32768 -32768 -32768 -32768 -32768 -32768 -32768 -32768 -32768 -32768 -32768 -32768 -32768 -32768 -32768 -32768 -32768 -32768 -32768 -32768 -32768 -32768 -32768 -32768 -32768 -32768 -32768 -32768 -32768 -32768 -32768 309 310 313 315 313 310 315 320 322 306 288 272 272 263 260 244
