Part_1_SDMs/env_data/future_climate_2070_RCP_8.5/bioclim_14.asc
NCOLS 444 
NROWS 438 
XLLCORNER -19 
YLLCORNER -35 
CELLSIZE 0.166666666666667 
NODATA_value -32768 
[rows 148 to 184 of 438, columns 332 to 414 of 444]
0 0 0 0 0 1 1 1 1 2 3 3 3 3 7 6 5 4 3 4 11 15 15 12 7 5 3 3 2 1 2 5 5 2 1 1 0 0 -32768 -32768 -32768 1 1 2 2 2 2 2 1 2 1 1 1 0 0 0 -32768 -32768 -32768 -32768 -32768 -32768 -32768 -32768 -32768 -32768 -32768 -32768 -32768 -32768 -32768 -32768 -32768 -32768 -32768 -32768 -32768 -32768 -32768 -32768 -32768 -32768 -32768
0 0 0 0 0 1 1 1 2 2 3 3 4 4 6 8 8 7 4 4 10 13 15 14 8 6 4 3 2 1 1 3 2 2 4 2 2 0 0 0 -32768 0 1 2 2 2 2 2 2 1 1 1 1 0 0 -32768 -32768 -32768 -32768 -32768 -32768 -32768 -32768 -32768 -32768 -32768 -32768 -32768 -32768 -32768 -32768 -32768 -32768 -32768 -32768 -32768 -32768 -32768 -32768 -32768 -32768 -32768 -32768
0 0 1 0 1 1 1 2 3 2 2 3 3 5 6 7 8 8 6 7 13 14 14 12 9 8 5 3 2 1 1 2 1 2 4 3 3 1 0 0 0 -32768 0 1 2 2 2 2 1 1 1 1 0 -32768 -32768 -32768 -32768 -32768 -32768 -32768 -32768 -32768 -32768 -32768 -32768 -32768 -32768 -32768 -32768 -32768 -32768 -32768 -32768 -32768 -32768 -32768 -32768 -32768 -32768 -32768 -32768 -32768 -32768
0 0 0 0 1 1 3 5 4 3 3 3 4 5 6 7 9 10 8 14 14 14 14 11 9 8 5 4 3 2 2 2 2 3 4 4 3 2 1 0 0 -32768 0 0 1 1 2 1 1 1 1 1 0 -32768 -32768 -32768 -32768 -32768 -32768 -32768 -32768 -32768 -32768 -32768 -32768 -32768 -32768 -32768 -32768 -32768 -32768 -32768 -32768 -32768 -32768 -32768 -32768 -32768 -32768 -32768 -32768 -32768 -32768
0 0 0 1 3 4 6 5 4 3 3 3 4 5 6 9 11 12 9 16 16 15 13 10 9 7 6 5 4 4 4 3 3 3 4 4 4 3 3 2 0 0 0 -32768 -32768 0 0 0 0 -32768 -32768 -32768 -32768 -32768 -32768 -32768 -32768 -32768 -32768 -32768 -32768 -32768 -32768 -32768 -32768 -32768 -32768 -32768 -32768 -32768 -32768 -32768 -32768 -32768 -32768 -32768 -32768 -32768 -32768 -32768 -32768 -32768 -32768
0 0 0 1 3 3 3 5 4 2 3 3 4 5 7 8 8 14 12 17 15 15 14 11 9 7 7 6 6 4 4 4 4 4 3 4 4 3 3 3 2 0 0 -32768 -32768 -32768 -32768 -32768 -32768 -32768 -32768 -32768 -32768 -32768 -32768 -32768 -32768 -32768 -32768 -32768 -32768 -32768 -32768 -32768 -32768 -32768 -32768 -32768 -32768 -32768 -32768 -32768 -32768 -32768 -32768 -32768 -32768 -32768 -32768 -32768 -32768 -32768 -32768
0 0 1 2 3 2 2 3 4 3 3 3 4 6 8 10 8 9 14 19 16 15 12 10 9 7 6 5 4 4 3 3 3 3 3 3 2 4 4 4 3 1 0 -32768 -32768 -32768 -32768 -32768 -32768 -32768 -32768 -32768 -32768 -32768 -32768 -32768 -32768 -32768 -32768 -32768 -32768 -32768 -32768 -32768 -32768 -32768 -32768 -32768 -32768 -32768 -32768 -32768 -32768 -32768 -32768 -32768 -32768 -32768 -32768 -32768 -32768 -32768 -32768
0 1 3 4 3 3 3 3 2 2 3 4 4 6 9 10 7 5 8 18 18 14 11 10 8 6 4 3 2 3 3 3 3 2 3 2 2 5 6 4 3 0 0 -32768 -32768 -32768 -32768 -32768 -32768 -32768 -32768 -32768 -32768 -32768 -32768 -32768 -32768 -32768 -32768 -32768 -32768 -32768 -32768 -32768 -32768 -32768 -32768 -32768 -32768 -32768 -32768 -32768 -32768 -32768 -32768 -32768 -32768 -32768 -32768 -32768 -32768 -32768 -32768
0 1 4 5 3 3 2 2 2 3 4 5 6 7 9 11 9 6 7 16 18 13 10 9 7 5 4 2 2 1 1 2 2 3 4 4 4 7 6 5 3 0 0 -32768 -32768 -32768 -32768 -32768 -32768 -32768 -32768 -32768 -32768 -32768 -32768 -32768 -32768 -32768 -32768 -32768 -32768 -32768 -32768 -32768 -32768 -32768 -32768 -32768 -32768 -32768 -32768 -32768 -32768 -32768 -32768 -32768 -32768 -32768 -32768 -32768 -32768 -32768 -32768
0 1 2 3 3 2 2 3 3 4 9 9 8 8 8 8 6 6 8 15 17 13 9 8 7 5 4 2 1 1 1 2 2 2 3 3 3 6 4 3 3 0 -32768 -32768 -32768 -32768 -32768 -32768 -32768 -32768 -32768 -32768 -32768 -32768 -32768 -32768 -32768 -32768 -32768 -32768 -32768 -32768 -32768 -32768 -32768 -32768 -32768 -32768 -32768 -32768 -32768 -32768 -32768 -32768 -32768 -32768 -32768 -32768 -32768 -32768 -32768 -32768 -32768
1 1 5 6 4 3 3 4 7 9 9 9 8 9 9 9 8 11 12 12 16 12 9 8 6 4 3 1 1 1 0 1 3 1 3 2 2 3 3 3 0 0 0 -32768 -32768 -32768 -32768 -32768 -32768 -32768 -32768 -32768 -32768 -32768 -32768 -32768 -32768 -32768 -32768 -32768 -32768 -32768 -32768 -32768 -32768 -32768 -32768 -32768 -32768 -32768 -32768 -32768 -32768 -32768 -32768 -32768 -32768 -32768 -32768 -32768 -32768 0 0
1 1 4 6 6 7 8 5 6 10 8 9 8 8 9 10 12 14 14 14 16 13 10 8 5 3 2 1 2 1 1 1 1 2 2 2 2 3 3 3 2 0 0 -32768 -32768 -32768 -32768 -32768 -32768 -32768 -32768 -32768 -32768 -32768 -32768 -32768 -32768 -32768 -32768 -32768 -32768 -32768 -32768 -32768 -32768 -32768 -32768 -32768 -32768 -32768 -32768 -32768 -32768 -32768 -32768 -32768 -32768 -32768 0 1 2 0 0
1 4 8 7 8 14 13 11 6 6 6 8 8 7 9 9 10 11 14 13 16 12 10 7 5 3 2 1 1 1 1 1 1 1 1 1 2 2 2 2 2 1 0 0 -32768 -32768 -32768 -32768 -32768 -32768 -32768 -32768 -32768 -32768 -32768 -32768 -32768 -32768 -32768 -32768 -32768 -32768 -32768 -32768 -32768 -32768 0 0 -32768 -32768 -32768 0 0 0 0 0 0 0 0 2 4 2 0
3 7 14 20 17 18 18 13 8 9 7 7 6 7 9 9 8 9 10 13 14 11 10 7 4 3 3 1 2 1 1 1 1 1 1 1 1 2 2 2 2 2 1 0 -32768 -32768 -32768 -32768 -32768 -32768 -32768 -32768 -32768 -32768 -32768 -32768 -32768 -32768 -32768 -32768 -32768 -32768 -32768 -32768 0 0 0 0 0 0 0 0 0 0 0 0 0 0 1 2 3 3 1
4 8 17 22 22 18 12 15 13 12 10 9 7 6 8 8 8 8 8 10 11 10 9 7 5 4 4 3 2 1 2 1 1 1 1 1 1 2 1 1 1 1 2 1 1 -32768 -32768 -32768 -32768 -32768 -32768 -32768 -32768 -32768 -32768 -32768 0 0 -32768 -32768 -32768 -32768 -32768 0 0 0 1 1 1 1 1 1 2 2 1 1 0 0 1 2 2 3 2
4 8 11 14 15 12 9 14 15 14 10 7 5 5 7 8 8 8 9 10 10 11 10 8 5 5 4 4 1 1 2 2 1 2 2 1 1 1 1 1 1 1 1 1 1 1 -32768 -32768 -32768 -32768 -32768 -32768 -32768 -32768 0 0 0 0 0 0 0 0 0 0 1 2 3 2 1 1 1 1 0 0 0 0 0 0 0 0 1 1 1
3 4 5 10 8 7 9 12 14 13 9 6 4 5 6 6 7 8 8 9 9 11 11 8 5 5 5 4 3 2 2 1 1 1 2 1 2 2 1 1 1 1 1 1 1 1 1 1 -32768 -32768 -32768 -32768 0 0 0 0 0 0 0 0 0 0 0 1 2 2 2 1 1 1 1 1 0 0 0 0 0 0 0 0 0 0 0
1 2 3 5 5 8 9 11 11 9 7 6 5 4 4 5 5 6 7 7 7 12 13 7 5 5 5 4 3 3 3 2 2 1 1 1 2 2 2 2 2 1 1 1 1 1 1 1 0 0 0 0 0 0 0 0 0 1 2 1 0 0 0 1 2 2 2 1 1 1 1 1 0 0 0 0 0 0 0 0 0 0 0
4 4 4 4 4 6 8 8 8 7 5 4 3 4 4 4 5 5 6 6 7 13 15 9 5 4 4 3 4 3 3 2 2 1 1 1 2 2 2 2 2 1 1 1 1 1 1 1 1 1 0 1 1 0 0 0 0 0 1 0 0 0 0 1 2 2 1 1 1 1 1 0 0 0 0 0 0 0 0 0 0 0 0
8 7 6 8 7 3 3 2 6 3 2 2 3 4 3 4 5 5 5 5 6 16 15 9 5 4 7 5 4 3 3 2 2 2 2 2 2 2 2 2 2 1 1 1 1 1 2 1 1 1 2 2 2 1 3 2 0 0 1 0 0 0 0 0 1 1 1 1 1 1 0 0 0 0 0 0 0 0 0 0 0 0 0
9 10 8 9 11 5 3 2 2 2 1 4 4 4 3 4 4 4 4 4 6 15 15 6 5 5 4 4 4 3 3 3 2 2 2 2 2 2 2 2 1 1 1 1 1 2 2 2 2 2 3 4 6 4 4 4 2 1 1 1 1 1 1 1 1 1 1 1 1 0 0 0 0 0 0 0 0 0 0 0 0 0 0
7 7 6 6 12 7 4 5 3 3 2 4 4 6 4 3 3 3 3 3 6 11 8 6 5 5 4 4 4 3 3 3 3 3 3 3 3 3 2 3 2 1 1 1 1 2 2 2 2 2 3 5 4 3 3 2 1 1 1 1 1 1 1 1 1 1 1 1 1 1 0 0 0 0 0 0 0 0 0 0 0 0 0
4 5 6 9 13 7 4 4 5 5 4 4 4 4 4 3 3 3 3 3 5 9 6 4 4 4 4 4 4 4 4 4 4 4 4 3 2 2 2 2 2 2 1 1 1 2 2 2 2 2 2 3 3 2 1 0 0 0 0 0 1 0 1 1 0 0 0 0 0 1 1 0 0 0 0 0 0 0 0 0 0 0 0
4 5 6 9 12 7 5 5 4 4 5 5 5 5 4 4 3 3 3 4 6 7 4 3 3 5 5 5 5 5 5 5 5 4 3 3 2 4 3 3 2 2 1 1 1 2 1 2 2 2 2 2 2 1 1 0 0 0 0 0 0 0 0 0 0 0 0 0 0 0 1 1 0 0 0 0 0 0 0 0 0 0 0
6 8 11 12 11 9 7 5 5 5 8 7 7 7 6 6 5 3 3 4 5 4 3 3 4 6 5 5 5 5 5 5 4 4 4 4 4 4 3 3 2 2 2 1 1 1 1 1 1 1 1 1 1 1 1 0 0 0 0 0 0 0 0 0 0 0 0 0 0 0 0 0 0 0 0 0 0 0 0 0 0 0 0
9 10 15 13 12 10 10 7 6 8 8 7 7 7 7 6 5 4 4 4 3 3 3 4 5 5 5 5 4 4 4 4 4 3 3 3 3 3 3 2 2 2 2 1 1 1 1 1 1 1 1 1 1 1 0 0 0 0 0 1 1 1 0 0 0 0 0 0 0 0 0 0 0 0 0 0 0 0 0 0 0 0 0
11 12 13 13 12 10 8 9 8 9 8 6 5 6 6 6 5 4 4 3 2 3 4 4 4 4 4 4 3 3 3 3 3 3 2 2 2 2 2 2 2 2 1 1 1 1 2 2 2 2 2 1 1 0 0 0 0 0 0 0 0 0 0 0 0 0 0 0 0 0 0 0 0 0 0 0 0 0 0 0 0 0 0
12 14 13 12 10 10 9 11 12 12 9 6 6 5 4 3 3 4 4 2 2 2 3 3 3 2 3 3 2 2 2 2 2 2 2 2 2 2 2 2 2 1 1 1 1 1 2 2 2 2 1 1 1 1 0 0 0 0 0 1 1 1 1 1 0 0 0 0 0 0 0 0 0 0 0 0 0 0 0 0 0 0 0
15 15 14 12 10 10 9 9 9 9 10 9 9 7 4 4 4 4 3 2 2 2 3 4 2 2 2 2 2 2 2 2 2 2 2 2 2 1 1 1 1 1 1 1 1 1 1 2 2 2 1 1 1 1 0 0 0 0 0 0 1 1 1 1 0 0 0 0 0 0 0 0 0 0 0 0 0 0 0 0 0 0 0
14 16 16 10 12 11 12 10 9 8 9 11 12 7 5 5 6 4 3 3 3 4 5 2 2 2 2 2 2 1 2 2 2 2 1 1 1 1 1 1 1 1 1 1 1 1 2 2 2 2 1 1 1 1 1 1 0 0 0 0 0 1 1 1 1 0 0 0 0 0 0 0 0 0 0 0 0 0 0 0 0 0 0
17 15 20 17 15 13 13 11 10 9 11 14 10 5 5 4 4 3 3 7 8 7 3 2 2 2 2 1 2 2 2 1 1 1 1 1 1 1 1 2 1 1 1 1 1 1 2 2 2 1 1 1 1 1 1 1 1 0 0 0 0 0 1 0 0 0 0 0 0 0 0 0 0 0 0 0 0 0 0 0 0 0 0
21 22 23 21 15 15 15 13 12 11 14 14 7 3 4 4 3 5 7 8 7 5 2 2 2 2 2 2 1 2 1 1 2 1 1 1 1 1 1 1 1 1 1 1 1 1 2 2 2 1 1 1 1 1 1 1 1 1 1 0 0 0 0 0 0 0 0 0 0 0 0 0 0 0 0 0 0 0 0 0 0 0 0
25 27 24 19 19 17 17 14 12 15 14 10 4 3 4 3 4 9 10 8 6 4 2 1 1 2 1 2 2 2 1 1 2 1 1 1 1 1 1 1 1 1 1 1 1 1 2 2 2 2 1 1 1 1 1 1 1 1 1 1 1 1 0 0 0 0 0 0 0 0 0 0 0 0 0 0 0 0 0 0 0 0 -32768
28 27 23 20 16 16 19 15 15 16 11 7 4 3 3 4 5 6 9 4 6 6 6 2 2 1 2 2 2 2 2 1 1 1 1 1 1 1 1 1 1 2 1 1 1 1 2 2 2 2 2 1 1 1 1 1 1 1 1 1 1 1 0 0 0 0 0 0 0 0 0 0 0 0 0 0 0 0 0 0 0 0 -32768
32 30 27 24 20 23 18 16 18 16 11 8 6 5 4 5 6 6 8 5 3 4 4 2 2 2 3 2 2 2 1 1 1 1 1 1 1 1 1 1 2 2 2 2 2 2 3 3 2 2 2 2 1 1 1 1 1 1 1 0 0 0 0 0 0 0 0 0 0 0 0 0 0 0 0 0 0 0 0 0 0 -32768 -32768
36 34 34 29 27 26 17 20 20 15 12 10 8 6 4 8 10 8 6 3 3 4 4 4 4 3 2 2 2 2 1 1 1 1 1 1 1 1 2 2 2 2 3 3 3 2 2 2 3 2 2 2 1 1 1 1 1 1 0 0 0 0 0 0 0 0 0 0 0 0 0 0 0 0 0 0 0 0 0 0 0 -32768 -32768
43 40 35 30 25 22 18 19 19 16 14 12 11 8 8 12 10 6 5 7 8 6 6 5 5 4 3 2 2 2 1 1 1 1 1 1 1 2 2 2 2 2 2 3 3 3 2 2 3 3 2 2 1 1 1 1 1 0 0 0 0 0 0 0 0 0 0 0 0 0 0 0 0 0 0 0 0 0 0 0 -32768 -32768 -32768
