Part_1_SDMs/env_data/future_climate_2070_RCP_8.5/bioclim_5.asc
NCOLS 444 
NROWS 438 
XLLCORNER -19 
YLLCORNER -35 
CELLSIZE 0.166666666666667 
NODATA_value -32768 
[rows 385 to 419 of 438, columns 237 to 315 of 444]
402 402 400 399 397 396 394 393 392 392 392 392 390 387 384 379 379 377 375 373 371 367 367 366 364 363 364 364 363 358 356 352 347 343 339 337 335 334 332 329 325 322 316 315 315 316 314 313 313 314 314 312 312 308 303 295 291 287 284 280 279 280 278 278 289 309 334 338 338 334 343 337 334 334 329 -32768 -32768 -32768 -32768
403 402 400 398 396 396 393 392 392 392 392 390 389 386 383 380 379 376 374 371 369 365 364 363 361 358 359 359 357 354 354 350 347 340 336 339 339 338 332 331 325 320 318 318 318 323 320 319 316 313 312 311 311 306 300 294 287 285 285 284 281 282 281 286 297 307 325 334 320 323 327 330 333 333 330 -32768 -32768 -32768 -32768
403 401 400 398 396 395 394 393 392 392 390 389 388 386 384 380 377 375 373 369 366 362 360 359 358 357 358 355 354 353 352 348 344 339 333 334 339 334 333 333 331 330 326 329 326 325 321 319 317 315 314 314 308 305 299 295 290 286 285 291 294 287 284 291 303 323 327 342 336 321 332 333 333 332 330 -32768 -32768 -32768 -32768
402 401 400 398 396 395 394 394 392 391 389 389 387 384 381 378 376 374 371 368 364 359 357 358 361 360 358 355 353 352 351 346 340 334 330 333 338 337 336 337 331 328 330 331 328 326 322 321 318 317 316 313 309 304 301 296 293 289 291 296 295 294 294 290 293 314 329 348 346 331 346 344 338 333 332 -32768 -32768 -32768 -32768
402 401 399 398 396 394 393 392 392 390 387 385 384 383 380 375 372 370 369 367 363 359 358 359 363 363 360 356 352 352 349 345 338 334 333 337 340 340 339 338 332 333 329 328 327 324 323 321 318 317 315 311 308 305 301 294 291 285 288 299 296 292 288 286 298 297 330 343 342 331 355 349 341 335 333 -32768 -32768 -32768 -32768
400 399 398 396 395 393 392 391 389 387 385 381 380 380 380 377 373 369 363 361 361 355 355 359 363 365 362 354 350 351 349 348 346 340 342 342 342 340 338 336 332 332 330 327 325 322 320 317 315 313 312 309 305 299 294 289 288 282 287 300 296 295 290 289 285 300 317 333 335 336 353 349 342 337 334 -32768 -32768 -32768 -32768
398 398 397 395 393 391 390 388 386 385 382 375 371 377 378 373 368 365 362 358 355 352 353 357 362 367 356 355 353 350 351 352 351 347 346 345 343 340 338 336 335 334 332 330 323 318 316 313 309 305 303 302 299 297 290 287 281 274 281 284 292 293 295 295 294 300 322 334 336 338 351 346 340 337 -32768 -32768 -32768 -32768 -32768
397 396 395 393 391 390 388 386 384 383 380 374 371 376 376 372 362 359 357 354 351 351 354 356 362 368 359 357 352 353 355 354 353 350 347 345 343 341 339 336 333 331 329 326 320 314 311 308 308 304 296 292 287 286 285 280 289 276 267 283 296 295 299 305 309 314 333 338 341 339 347 343 338 337 -32768 -32768 -32768 -32768 -32768
396 395 393 392 390 388 386 384 383 381 379 373 371 375 375 370 361 351 353 349 349 352 355 358 363 371 360 357 356 358 358 356 353 348 345 343 342 341 338 335 331 329 325 321 318 309 306 308 303 303 295 285 283 282 284 289 312 306 291 280 289 297 302 296 292 300 318 331 334 334 342 340 336 336 -32768 -32768 -32768 -32768 -32768
394 393 391 389 388 386 384 383 381 381 378 372 363 370 374 369 362 348 346 348 351 354 357 359 367 372 361 361 360 360 358 355 349 345 343 341 341 340 337 333 332 330 327 322 315 307 308 307 300 301 294 285 273 269 276 285 317 318 314 298 295 298 292 284 291 299 310 320 316 330 332 335 333 -32768 -32768 -32768 -32768 -32768 -32768
392 390 389 387 386 384 382 381 379 380 378 372 361 364 371 368 362 354 343 350 353 356 360 364 374 371 363 363 361 357 355 353 352 347 344 342 338 336 333 332 329 327 323 322 317 309 305 302 298 299 296 287 280 274 271 298 316 313 315 309 305 305 300 296 301 305 308 305 309 315 328 331 329 -32768 -32768 -32768 -32768 -32768 -32768
393 391 389 385 383 381 380 379 377 377 377 375 370 364 366 361 359 350 347 353 356 359 364 373 376 366 362 361 359 356 353 350 349 347 345 343 340 338 336 333 327 324 320 316 312 307 302 299 297 298 298 291 284 279 275 307 310 308 311 310 303 304 304 300 304 313 317 307 305 313 323 326 324 -32768 -32768 -32768 -32768 -32768 -32768
392 388 384 383 383 383 382 382 380 379 378 373 371 365 369 364 358 349 355 356 358 361 372 380 373 367 363 358 354 353 350 349 347 345 345 343 338 336 333 334 329 324 322 318 311 303 299 297 291 294 295 289 276 279 296 309 309 315 305 303 301 295 299 296 304 305 313 316 314 317 322 322 319 -32768 -32768 -32768 -32768 -32768 -32768
391 387 383 383 384 385 385 385 381 376 376 373 366 369 371 366 355 353 356 358 359 366 383 381 373 371 366 361 357 355 353 351 347 344 342 341 340 335 329 329 328 325 321 315 303 297 293 290 281 290 286 285 282 304 321 324 322 324 312 291 304 287 281 285 301 306 311 317 321 322 322 318 -32768 -32768 -32768 -32768 -32768 -32768 -32768
391 387 387 387 385 383 381 386 383 374 377 372 365 373 373 363 353 353 357 360 364 379 379 375 373 369 363 359 356 356 353 352 349 347 343 340 336 337 334 329 325 321 313 312 303 298 294 287 264 269 277 295 307 318 325 328 328 325 315 303 306 287 281 286 290 297 307 317 321 322 319 314 -32768 -32768 -32768 -32768 -32768 -32768 -32768
396 394 392 389 384 381 380 383 386 382 380 371 375 374 370 359 356 356 358 363 375 381 377 372 369 367 362 358 357 357 356 354 351 350 347 341 334 332 332 329 324 317 309 306 307 305 299 289 228 199 243 298 313 316 325 326 327 325 319 315 307 306 307 301 300 305 315 321 324 322 319 -32768 -32768 -32768 -32768 -32768 -32768 -32768 -32768
392 392 387 385 382 380 380 382 386 388 383 377 374 366 362 362 360 359 365 377 382 379 377 373 367 366 365 362 360 358 356 354 351 349 349 344 338 331 331 328 318 313 312 311 310 309 300 248 225 190 204 239 280 305 314 314 310 307 293 301 285 277 296 316 296 299 312 318 321 321 -32768 -32768 -32768 -32768 -32768 -32768 -32768 -32768 -32768
387 390 388 385 382 380 379 380 380 386 385 379 372 361 364 364 371 366 376 382 379 377 372 367 367 366 365 362 358 354 351 349 348 342 343 346 341 333 326 322 316 310 317 316 312 301 265 235 235 211 225 223 215 265 280 286 282 276 282 280 276 273 282 300 306 310 317 318 -32768 -32768 -32768 -32768 -32768 -32768 -32768 -32768 -32768 -32768 -32768
384 388 390 390 387 385 382 381 380 385 386 381 373 367 367 372 378 379 380 380 376 371 367 362 365 365 364 360 355 350 345 346 345 342 340 340 339 333 322 320 316 315 315 311 298 269 242 256 251 233 260 255 205 221 264 269 269 266 264 279 282 284 293 303 305 313 316 -32768 -32768 -32768 -32768 -32768 -32768 -32768 -32768 -32768 -32768 -32768 -32768
384 385 386 389 391 387 385 382 380 383 385 381 380 369 375 379 377 375 374 374 374 370 365 364 367 366 365 363 357 350 345 343 341 340 337 334 334 331 324 323 317 314 313 303 273 271 248 245 261 257 238 226 205 224 254 258 265 277 289 302 288 281 290 300 312 312 -32768 -32768 -32768 -32768 -32768 -32768 -32768 -32768 -32768 -32768 -32768 -32768 -32768
384 384 385 387 391 387 385 382 380 379 379 377 376 379 382 379 376 373 369 368 370 373 370 371 371 369 364 359 357 351 348 346 343 337 334 330 327 328 325 326 320 312 304 293 279 270 266 239 245 271 250 218 212 263 281 275 262 276 288 301 301 299 300 308 310 -32768 -32768 -32768 -32768 -32768 -32768 -32768 -32768 -32768 -32768 -32768 -32768 -32768 -32768
383 386 388 390 391 389 387 385 383 380 376 374 372 375 380 380 379 372 365 365 365 366 371 372 375 372 363 354 345 343 347 341 340 339 332 327 325 329 332 326 313 308 302 295 263 266 282 255 233 273 236 213 262 272 274 278 290 280 282 295 296 295 302 307 -32768 -32768 -32768 -32768 -32768 -32768 -32768 -32768 -32768 -32768 -32768 -32768 -32768 -32768 -32768
384 387 388 390 392 392 391 390 387 383 379 374 372 374 375 379 378 372 369 366 363 365 367 369 376 376 366 353 341 343 342 341 334 333 332 325 325 329 330 322 310 308 305 276 275 274 286 263 258 272 239 247 266 271 276 281 283 291 292 288 290 294 302 306 -32768 -32768 -32768 -32768 -32768 -32768 -32768 -32768 -32768 -32768 -32768 -32768 -32768 -32768 -32768
384 386 388 390 392 392 392 392 389 386 382 376 373 373 374 375 375 373 371 367 364 362 359 361 361 367 364 353 344 338 337 337 334 331 328 326 327 331 328 322 315 318 293 281 298 293 282 277 282 275 270 274 270 261 284 288 285 286 292 291 293 295 300 -32768 -32768 -32768 -32768 -32768 -32768 -32768 -32768 -32768 -32768 -32768 -32768 -32768 -32768 -32768 -32768
382 382 385 386 389 386 388 392 391 387 381 378 371 369 370 373 372 369 368 367 362 358 351 350 353 358 359 351 345 337 332 333 333 337 331 329 333 332 321 317 317 319 302 304 295 273 262 290 297 293 284 283 278 269 276 282 289 282 279 285 289 295 -32768 -32768 -32768 -32768 -32768 -32768 -32768 -32768 -32768 -32768 -32768 -32768 -32768 -32768 -32768 -32768 -32768
379 379 380 383 386 386 388 390 387 383 376 372 365 365 367 369 370 370 366 364 357 350 342 342 344 345 349 352 352 344 341 340 340 341 339 338 333 328 322 319 319 316 314 298 280 254 260 290 293 279 279 282 272 272 273 284 289 287 281 284 291 295 -32768 -32768 -32768 -32768 -32768 -32768 -32768 -32768 -32768 -32768 -32768 -32768 -32768 -32768 -32768 -32768 -32768
376 378 380 381 382 383 383 383 380 378 373 366 362 362 362 363 367 367 364 361 359 354 342 337 340 340 345 346 350 354 351 350 347 343 341 340 336 331 327 322 313 304 300 282 244 249 282 290 287 283 277 281 279 279 265 278 283 284 282 285 291 -32768 -32768 -32768 -32768 -32768 -32768 -32768 -32768 -32768 -32768 -32768 -32768 -32768 -32768 -32768 -32768 -32768 -32768
375 376 376 374 373 373 370 372 369 370 365 359 356 357 359 361 364 363 354 354 352 351 348 341 339 341 338 333 340 345 349 349 345 337 338 340 333 332 326 319 295 276 279 278 260 249 274 281 285 283 285 289 274 278 273 279 279 276 274 285 291 -32768 -32768 -32768 -32768 -32768 -32768 -32768 -32768 -32768 -32768 -32768 -32768 -32768 -32768 -32768 -32768 -32768 -32768
370 371 369 367 362 358 355 362 355 358 353 346 349 354 355 354 358 358 351 346 349 345 345 341 340 337 332 327 334 335 338 339 337 335 333 336 325 315 320 314 301 293 286 275 264 258 283 287 282 288 284 291 281 277 274 273 272 272 276 283 -32768 -32768 -32768 -32768 -32768 -32768 -32768 -32768 -32768 -32768 -32768 -32768 -32768 -32768 -32768 -32768 -32768 -32768 -32768
368 368 363 358 359 359 355 357 354 350 345 337 346 350 348 350 356 354 349 348 340 339 337 338 336 332 327 318 328 326 323 324 325 322 325 324 310 302 305 300 295 281 268 263 251 273 287 288 290 289 291 286 285 279 273 273 271 273 278 -32768 -32768 -32768 -32768 -32768 -32768 -32768 -32768 -32768 -32768 -32768 -32768 -32768 -32768 -32768 -32768 -32768 -32768 -32768 -32768
361 366 362 364 364 362 354 355 351 348 342 335 339 344 347 351 352 350 348 344 337 331 331 333 333 326 319 316 323 328 321 321 315 311 315 309 294 297 295 292 286 269 278 277 267 284 286 285 289 293 290 292 286 272 270 269 272 275 -32768 -32768 -32768 -32768 -32768 -32768 -32768 -32768 -32768 -32768 -32768 -32768 -32768 -32768 -32768 -32768 -32768 -32768 -32768 -32768 -32768
356 360 362 362 361 360 354 354 350 347 341 335 336 342 338 343 346 343 339 338 332 325 326 325 326 317 320 330 334 336 336 331 317 305 300 300 293 289 289 285 291 286 290 288 286 281 282 278 291 292 281 281 286 276 271 271 276 -32768 -32768 -32768 -32768 -32768 -32768 -32768 -32768 -32768 -32768 -32768 -32768 -32768 -32768 -32768 -32768 -32768 -32768 -32768 -32768 -32768 -32768
354 353 352 355 355 354 354 351 348 342 336 333 329 336 332 334 335 337 334 329 325 314 315 315 312 318 322 332 335 335 334 326 320 300 292 302 307 292 301 294 291 294 284 287 294 293 298 292 296 298 287 281 283 283 280 282 -32768 -32768 -32768 -32768 -32768 -32768 -32768 -32768 -32768 -32768 -32768 -32768 -32768 -32768 -32768 -32768 -32768 -32768 -32768 -32768 -32768 -32768 -32768
345 349 349 346 346 346 349 347 343 337 330 323 325 335 337 333 330 338 338 331 322 305 304 303 300 300 305 317 333 335 329 320 318 304 301 308 307 299 296 307 303 295 287 295 300 298 297 292 288 286 287 282 281 285 -32768 -32768 -32768 -32768 -32768 -32768 -32768 -32768 -32768 -32768 -32768 -32768 -32768 -32768 -32768 -32768 -32768 -32768 -32768 -32768 -32768 -32768 -32768 -32768 -32768
335 339 344 343 339 338 341 336 335 332 328 321 323 326 334 334 334 337 337 330 320 309 314 320 316 312 301 320 328 333 325 312 316 312 297 305 311 313 309 305 308 300 287 292 290 291 290 291 286 283 283 282 284 -32768 -32768 -32768 -32768 -32768 -32768 -32768 -32768 -32768 -32768 -32768 -32768 -32768 -32768 -32768 -32768 -32768 -32768 -32768 -32768 -32768 -32768 -32768 -32768 -32768 -32768
