Part_1_SDMs/env_data/future_climate_2070_RCP_8.5/bioclim_10.asc
NCOLS 444 
NROWS 438 
XLLCORNER -19 
YLLCORNER -35 
CELLSIZE 0.166666666666667 
NODATA_value -32768 
[rows 105 to 139 of 438, columns 316 to 394 of 444]
393 391 387 382 381 377 372 367 362 361 361 361 360 352 346 340 337 325 320 346 360 366 -32768 -32768 -32768 -32768 -32768 -32768 -32768 -32768 -32768 -32768 -32768 -32768 -32768 385 388 391 392 392 394 390 380 383 336 320 326 341 346 356 362 364 371 379 382 385 386 389 391 394 396 396 396 396 397 398 399 400 401 401 401 402 403 403 403 402 402 402 401
394 392 389 385 380 379 374 370 367 364 363 362 359 356 348 343 337 321 325 349 364 369 -32768 -32768 -32768 -32768 -32768 -32768 -32768 -32768 -32768 -32768 -32768 -32768 381 -32768 389 392 395 397 398 398 388 391 387 318 308 331 342 351 357 362 370 376 381 381 382 385 389 393 394 394 393 392 394 396 397 399 400 393 396 401 403 403 403 402 402 401 401
394 393 389 386 384 381 378 375 370 365 364 362 359 356 349 347 339 328 333 355 366 371 -32768 -32768 -32768 -32768 -32768 -32768 -32768 -32768 -32768 -32768 -32768 -32768 -32768 -32768 -32768 -32768 -32768 397 399 399 398 395 389 349 297 313 333 343 345 360 369 374 375 376 378 381 386 390 391 391 390 386 391 394 396 397 396 391 397 401 401 400 399 399 399 400 401
395 393 391 388 386 383 380 377 372 368 363 361 359 351 348 346 335 333 326 357 369 374 -32768 -32768 -32768 -32768 -32768 -32768 -32768 -32768 -32768 -32768 -32768 -32768 -32768 -32768 -32768 -32768 392 -32768 398 399 399 392 391 372 354 304 317 329 339 354 363 369 367 369 373 379 384 387 387 386 385 383 387 390 394 395 396 395 398 398 397 397 397 398 398 399 400
396 395 392 390 386 384 381 377 371 371 365 361 355 355 350 346 339 338 344 362 373 377 -32768 -32768 -32768 -32768 -32768 -32768 -32768 -32768 -32768 -32768 -32768 -32768 -32768 -32768 -32768 -32768 -32768 -32768 -32768 398 399 398 395 375 382 360 341 320 322 342 355 361 360 361 367 373 378 383 382 379 376 380 386 389 392 393 395 392 395 396 396 396 396 396 397 397 397
397 395 393 390 388 386 383 380 375 374 368 365 356 358 352 348 344 348 352 354 373 380 -32768 -32768 -32768 -32768 -32768 -32768 -32768 -32768 -32768 -32768 -32768 -32768 -32768 -32768 -32768 -32768 -32768 -32768 -32768 396 398 399 397 394 384 371 377 309 313 339 342 348 354 352 359 371 375 378 374 373 374 381 383 387 390 391 391 389 392 394 394 394 393 394 394 395 395
397 396 393 390 389 386 383 381 379 373 372 369 364 360 354 349 343 346 348 361 376 385 -32768 -32768 -32768 -32768 -32768 -32768 -32768 -32768 -32768 -32768 -32768 -32768 -32768 -32768 -32768 -32768 -32768 -32768 -32768 -32768 -32768 398 398 397 392 381 376 349 299 315 327 336 344 348 357 364 366 372 365 365 367 375 380 385 387 389 390 387 390 392 392 391 391 391 392 392 392
397 395 393 391 389 387 384 382 380 377 375 370 365 361 355 350 338 345 345 362 378 390 -32768 -32768 390 -32768 -32768 -32768 -32768 -32768 -32768 -32768 -32768 -32768 -32768 -32768 -32768 -32768 -32768 -32768 -32768 -32768 -32768 396 397 397 394 386 379 370 292 299 317 330 335 338 350 352 359 366 357 355 362 371 375 378 383 386 386 384 388 389 389 388 388 388 389 389 389
396 394 393 392 389 387 385 383 381 378 375 372 368 362 357 348 342 347 346 358 377 392 398 394 -32768 -32768 -32768 -32768 -32768 -32768 -32768 -32768 -32768 -32768 -32768 -32768 -32768 -32768 -32768 -32768 -32768 -32768 -32768 395 397 397 394 391 380 380 320 291 307 323 325 329 341 347 350 359 353 346 357 369 372 372 380 385 386 381 385 386 386 386 386 386 386 386 386
396 394 393 391 389 387 385 383 380 376 375 370 364 357 352 353 351 343 344 347 365 390 399 -32768 -32768 -32768 393 393 -32768 -32768 -32768 -32768 -32768 -32768 -32768 -32768 -32768 -32768 -32768 -32768 -32768 -32768 -32768 -32768 395 396 394 388 383 381 345 279 299 316 315 323 331 338 339 347 349 340 355 362 367 371 378 383 384 378 381 384 384 383 383 383 383 383 383
395 393 392 390 388 386 384 382 380 377 374 371 366 363 359 360 353 343 346 341 333 381 400 403 402 397 396 393 -32768 -32768 -32768 -32768 -32768 -32768 -32768 -32768 -32768 -32768 -32768 -32768 -32768 -32768 -32768 -32768 -32768 395 394 390 383 385 363 284 291 306 308 313 318 326 325 336 344 339 354 364 371 375 379 380 382 377 378 381 382 380 380 380 380 380 380
394 393 391 390 388 386 384 382 381 378 374 370 370 368 365 364 358 354 352 343 337 375 398 405 404 402 -32768 -32768 -32768 -32768 -32768 -32768 -32768 -32768 -32768 -32768 -32768 -32768 -32768 -32768 -32768 -32768 -32768 -32768 390 393 393 386 374 378 366 312 280 293 300 302 305 312 313 331 337 330 347 364 368 371 376 378 380 381 377 379 379 379 379 378 377 377 378
394 392 390 389 388 387 385 383 381 378 376 374 372 370 368 368 365 361 355 346 335 374 395 404 405 403 401 -32768 -32768 -32768 -32768 -32768 -32768 -32768 -32768 -32768 -32768 -32768 -32768 -32768 -32768 -32768 -32768 -32768 389 390 391 382 372 364 361 323 277 286 290 289 292 298 305 320 315 321 347 358 357 366 373 376 376 375 375 375 375 376 376 376 375 374 375
391 392 390 389 388 386 384 382 380 378 377 375 373 372 370 368 366 361 354 340 337 376 388 403 403 401 400 397 395 -32768 -32768 -32768 -32768 -32768 -32768 -32768 -32768 -32768 -32768 -32768 -32768 -32768 -32768 -32768 -32768 -32768 390 383 377 360 353 323 263 278 282 280 278 282 297 303 300 319 339 348 356 366 372 373 371 371 370 370 372 373 373 373 374 374 373
389 390 390 388 387 385 384 382 380 379 377 376 374 372 370 368 364 360 355 329 348 374 383 400 386 391 385 392 394 393 -32768 -32768 -32768 -32768 -32768 -32768 -32768 -32768 -32768 -32768 -32768 -32768 -32768 -32768 -32768 -32768 -32768 386 385 382 378 356 327 316 274 274 270 270 287 292 293 321 338 351 357 366 369 369 369 370 370 368 369 370 371 370 370 371 371
388 390 389 387 386 384 383 382 380 379 378 378 375 372 370 366 363 361 359 351 369 380 392 394 373 366 357 381 391 391 -32768 -32768 -32768 -32768 -32768 -32768 -32768 -32768 -32768 -32768 -32768 -32768 -32768 -32768 -32768 -32768 -32768 387 385 384 385 380 363 342 329 329 307 273 273 281 292 322 344 353 360 362 366 367 367 367 368 368 367 367 367 367 368 368 368
388 389 388 386 385 384 383 381 380 379 379 376 373 370 369 363 364 367 364 367 385 379 394 392 375 328 324 355 385 388 389 -32768 -32768 -32768 -32768 -32768 -32768 -32768 -32768 -32768 -32768 -32768 -32768 -32768 -32768 -32768 -32768 -32768 386 386 386 385 381 364 359 346 334 316 273 284 300 325 328 343 358 362 363 363 363 364 364 364 364 364 364 365 364 364 364
387 388 386 385 384 383 382 381 380 380 378 374 375 374 371 368 367 371 367 378 384 390 393 385 371 326 287 319 376 382 386 387 -32768 -32768 -32768 -32768 -32768 -32768 -32768 -32768 -32768 -32768 -32768 -32768 -32768 -32768 -32768 -32768 -32768 -32768 386 386 385 380 364 323 329 313 282 278 292 306 318 344 355 359 359 359 360 360 360 361 361 361 361 361 360 360 360
385 384 384 384 383 382 381 380 380 379 377 376 376 375 372 367 368 375 374 375 380 385 389 374 363 331 292 312 362 374 381 386 -32768 -32768 -32768 -32768 -32768 -32768 -32768 -32768 -32768 -32768 -32768 -32768 -32768 -32768 -32768 -32768 -32768 -32768 -32768 385 384 382 378 357 325 305 271 284 292 309 322 329 345 352 353 354 355 356 356 356 357 357 357 357 356 356 355
384 381 381 382 382 381 380 380 379 378 378 376 376 375 372 371 371 377 374 370 372 377 384 379 367 314 313 305 334 360 375 383 -32768 -32768 -32768 -32768 -32768 -32768 -32768 -32768 -32768 -32768 -32768 -32768 -32768 -32768 -32768 -32768 -32768 -32768 -32768 383 382 383 382 378 359 332 268 290 296 297 299 313 327 340 345 347 348 350 351 352 353 353 353 353 352 351 351
382 380 379 380 380 380 379 378 378 377 377 376 376 375 374 373 374 377 373 365 359 370 379 364 355 343 342 319 315 341 373 381 384 -32768 -32768 -32768 -32768 -32768 -32768 -32768 -32768 -32768 -32768 -32768 -32768 -32768 -32768 -32768 376 377 -32768 -32768 381 381 381 379 369 328 276 277 291 289 288 301 321 322 328 336 340 344 346 348 349 349 349 349 348 347 347
382 378 378 379 379 378 377 377 376 376 376 375 375 375 373 372 374 375 370 362 358 372 375 363 355 352 341 312 293 319 363 379 383 -32768 -32768 -32768 -32768 -32768 -32768 -32768 -32768 -32768 -32768 -32768 -32768 -32768 -32768 373 374 375 375 -32768 377 379 380 379 372 320 271 263 285 284 285 300 287 295 312 327 332 337 340 342 343 344 344 344 344 342 343
380 379 378 378 377 376 376 375 375 375 374 374 374 374 373 373 373 372 367 359 361 374 371 348 357 347 323 287 267 312 354 376 382 -32768 -32768 -32768 -32768 -32768 -32768 -32768 -32768 -32768 -32768 -32768 -32768 -32768 -32768 373 373 373 374 375 -32768 379 380 380 377 366 285 282 281 292 287 271 273 287 304 317 323 328 333 335 337 339 340 340 339 337 338
377 377 376 376 375 375 374 374 373 373 373 372 372 372 372 372 371 369 364 362 369 373 371 348 343 342 326 300 263 323 352 371 380 382 -32768 -32768 -32768 -32768 376 376 -32768 -32768 -32768 -32768 -32768 -32768 -32768 -32768 -32768 373 373 374 -32768 -32768 379 379 377 366 331 305 298 287 299 305 283 275 291 301 311 318 324 328 332 334 333 331 331 331 333
374 374 373 374 373 373 372 372 371 371 370 370 370 370 370 370 369 367 362 354 367 371 370 346 328 335 310 310 263 311 348 366 378 382 -32768 382 -32768 379 377 376 -32768 -32768 -32768 -32768 -32768 -32768 -32768 -32768 -32768 372 -32768 374 -32768 -32768 378 377 375 368 342 316 305 275 292 296 309 288 288 295 303 312 317 322 326 327 327 328 327 328 329
370 371 371 371 371 371 371 370 370 369 369 368 368 368 368 368 368 365 362 358 363 369 366 350 336 302 301 300 287 300 328 363 375 382 -32768 -32768 380 379 377 376 -32768 -32768 -32768 -32768 -32768 -32768 -32768 -32768 -32768 372 -32768 373 374 375 377 376 374 365 329 310 304 286 282 302 317 319 316 308 298 314 314 318 321 325 327 328 328 329 328
365 367 367 367 368 369 369 368 368 368 367 367 367 366 366 366 366 363 361 361 364 365 366 362 342 312 291 282 288 306 316 353 371 379 382 -32768 -32768 378 377 376 -32768 -32768 -32768 -32768 -32768 -32768 -32768 -32768 -32768 -32768 -32768 -32768 373 -32768 376 375 372 362 321 318 304 266 255 278 300 308 318 321 318 320 319 318 320 321 325 328 329 329 328
361 364 365 364 365 366 366 366 366 366 365 365 365 364 365 365 365 362 358 359 361 364 365 361 354 334 296 278 296 281 280 333 368 377 381 381 -32768 378 377 376 374 373 -32768 -32768 -32768 -32768 -32768 -32768 -32768 -32768 -32768 -32768 -32768 -32768 374 374 371 362 319 324 304 242 242 248 272 268 309 315 319 320 321 321 321 323 323 325 327 328 328
360 362 363 362 363 363 363 364 364 364 364 364 364 364 364 366 366 360 353 354 354 359 363 362 353 340 329 323 299 280 262 317 367 374 380 -32768 -32768 377 376 375 374 373 372 -32768 -32768 -32768 -32768 -32768 -32768 -32768 -32768 371 372 373 373 372 369 358 344 312 263 236 232 232 247 241 291 307 312 315 318 318 319 320 321 322 323 324 325
360 361 361 359 361 361 361 361 362 362 363 363 364 364 365 367 367 359 351 350 345 348 358 361 360 357 348 337 320 287 255 277 349 364 376 378 -32768 377 375 374 374 372 371 371 371 -32768 -32768 -32768 364 368 -32768 371 371 372 372 371 369 361 343 301 233 226 229 245 237 237 271 290 295 304 312 314 315 316 318 319 320 321 322
361 360 359 359 359 359 358 359 360 360 361 362 363 364 365 367 367 362 349 346 339 335 346 350 354 348 346 339 329 286 245 239 298 326 352 361 376 375 374 -32768 373 372 371 371 371 -32768 -32768 -32768 -32768 -32768 -32768 -32768 371 371 372 371 369 355 307 285 259 231 227 238 221 228 253 272 280 299 307 309 311 312 314 316 317 318 319
361 361 359 359 359 357 357 357 358 359 360 361 363 364 365 365 365 362 351 349 342 332 335 334 329 338 334 334 325 281 240 234 267 284 325 367 375 374 374 373 -32768 -32768 -32768 -32768 -32768 370 -32768 -32768 -32768 -32768 370 -32768 -32768 370 371 370 367 359 327 315 297 239 216 231 227 235 247 272 285 297 298 304 307 309 311 313 314 315 316
361 360 359 359 358 357 356 356 357 358 360 361 362 363 363 363 363 361 356 348 342 337 328 317 318 324 320 316 306 279 248 251 255 252 274 322 358 364 369 370 371 371 -32768 -32768 -32768 -32768 -32768 -32768 -32768 -32768 370 368 -32768 -32768 -32768 369 367 362 349 318 274 275 262 234 226 243 251 255 266 270 286 299 303 306 307 310 311 311 311
360 359 359 359 358 358 357 356 356 357 359 360 361 362 362 361 360 357 350 337 326 335 327 323 325 328 324 313 297 268 256 265 266 254 251 274 320 358 364 368 369 370 369 -32768 -32768 -32768 -32768 -32768 -32768 -32768 -32768 -32768 -32768 -32768 -32768 369 367 365 343 331 298 294 279 228 231 246 256 268 265 264 283 281 292 299 299 300 305 306 304
357 359 359 358 358 357 357 357 356 357 359 360 361 360 360 359 357 353 346 336 323 329 331 327 327 329 325 317 307 288 269 270 282 269 246 255 296 356 370 370 365 369 369 369 -32768 -32768 -32768 -32768 -32768 -32768 -32768 -32768 -32768 -32768 -32768 369 368 366 359 306 291 275 249 241 235 234 248 261 267 259 257 269 285 283 275 286 299 300 297
