Part_1_SDMs/env_data/future_climate_2070_RCP_8.5/bioclim_13.asc
NCOLS 444 
NROWS 438 
XLLCORNER -19 
YLLCORNER -35 
CELLSIZE 0.166666666666667 
NODATA_value -32768 
[rows 315 to 349 of 438, columns 240 to 319 of 444]
200 201 203 205 206 209 213 217 222 225 224 222 220 218 217 217 218 220 222 222 224 225 226 228 232 236 240 243 243 243 245 248 249 250 250 250 250 248 247 247 246 245 243 241 238 235 231 231 229 231 230 226 229 229 236 245 237 248 258 265 273 280 281 283 283 281 277 263 248 246 242 247 248 250 253 257 256 255 251 244
195 196 198 201 206 211 217 222 226 227 226 223 219 217 216 216 217 219 220 221 222 223 225 228 233 237 241 243 244 246 248 251 252 255 258 258 255 253 251 251 250 247 243 237 233 229 230 223 212 211 212 214 218 227 232 236 242 263 271 278 285 288 286 289 295 290 277 264 249 236 233 241 243 250 257 263 264 264 263 264
189 193 198 203 209 215 221 228 234 235 227 221 217 215 214 214 215 216 218 219 222 225 227 229 233 238 243 244 246 249 252 256 260 262 262 262 258 255 253 253 252 247 241 234 230 230 224 211 209 207 211 212 219 231 230 229 240 256 277 291 291 291 287 293 300 300 285 265 247 229 229 232 238 247 256 265 268 269 271 272
187 193 199 204 210 216 223 232 239 242 231 219 212 212 212 211 211 213 215 219 223 225 228 231 235 239 244 245 248 251 256 261 265 264 267 266 261 255 254 252 248 242 235 230 232 233 230 226 217 217 225 224 221 226 223 218 229 262 291 294 295 289 287 291 293 297 280 253 229 217 219 222 232 242 253 265 270 270 272 277
187 192 198 204 210 217 225 233 239 238 230 218 209 210 210 210 209 210 213 218 222 225 228 232 237 241 244 246 251 254 260 267 267 267 270 273 270 261 255 249 244 237 231 229 234 232 229 224 220 222 224 222 220 214 214 210 222 263 279 280 285 286 279 285 276 279 249 230 217 212 211 213 225 237 248 260 267 271 271 279
186 191 197 204 210 216 223 229 234 231 225 218 211 211 210 209 209 210 212 216 221 225 227 232 237 242 244 249 255 255 263 267 265 268 271 274 271 263 256 248 242 236 230 228 232 230 224 219 221 218 218 212 210 207 209 209 216 239 255 265 270 275 273 264 248 236 207 195 194 203 204 203 219 230 236 250 255 260 263 266
186 191 195 202 208 214 219 224 226 225 222 217 211 209 209 208 208 209 210 214 218 223 227 231 237 242 246 252 255 257 261 263 264 266 270 272 269 263 256 248 241 233 226 222 225 224 220 219 216 214 210 200 197 205 214 213 218 226 234 249 253 248 249 235 223 207 192 183 183 191 203 201 207 222 226 232 235 244 249 258
184 190 194 199 205 211 215 219 220 219 217 214 209 206 207 206 206 207 209 210 214 219 225 229 235 242 247 251 254 257 260 262 263 266 270 270 268 263 257 249 241 233 225 220 216 212 211 211 208 202 199 199 201 203 216 223 217 223 234 240 243 240 235 226 216 201 189 183 182 185 191 193 194 204 214 222 218 219 218 226
182 187 192 197 201 206 211 213 215 214 213 210 207 203 203 203 205 206 207 208 211 215 221 227 233 240 245 249 253 258 261 266 268 270 272 271 268 264 258 250 244 237 228 220 212 202 195 195 199 202 204 205 207 213 221 218 219 224 240 247 248 246 241 231 221 209 190 184 186 189 188 188 192 194 199 211 209 212 212 210
180 185 189 194 198 202 206 209 210 210 208 206 203 199 200 201 203 205 205 207 209 211 217 223 231 238 244 248 254 259 263 269 276 277 275 272 268 266 262 255 247 241 232 220 212 202 194 196 202 208 211 212 214 215 217 218 222 229 247 255 255 251 243 232 220 205 190 187 186 185 185 184 185 190 190 192 197 205 204 200
176 182 186 190 195 199 202 204 205 205 204 202 200 198 198 200 202 204 204 206 208 210 212 220 227 233 240 247 253 257 263 271 278 280 275 270 268 267 267 261 251 243 236 222 208 200 197 201 209 215 219 221 221 218 219 222 226 238 256 269 271 260 247 231 215 201 192 187 186 181 179 183 181 186 191 189 188 194 200 196
174 179 183 188 191 195 197 200 201 201 200 199 198 197 198 199 201 203 204 206 207 208 210 215 221 227 234 244 251 255 262 267 271 271 268 266 265 267 268 264 251 236 225 215 208 204 205 209 212 217 223 225 224 219 221 230 233 241 255 272 280 274 257 239 225 197 192 188 186 184 178 175 176 180 184 186 186 189 197 202
172 177 181 184 188 191 193 195 196 197 197 196 196 196 197 198 200 201 204 205 206 207 209 211 213 220 230 241 249 254 258 261 262 260 258 257 259 262 263 259 244 232 221 212 208 207 208 211 213 219 224 228 230 223 223 223 226 230 235 251 256 271 262 245 224 204 204 204 203 197 189 181 173 177 181 190 190 188 194 193
169 174 178 182 185 187 189 191 191 192 193 193 194 195 196 197 199 201 203 204 205 206 207 207 207 215 226 236 245 254 258 257 252 247 247 246 251 255 256 251 234 223 217 212 209 209 209 211 214 219 221 228 229 225 222 222 224 225 232 250 237 245 240 230 215 204 201 202 202 195 190 184 176 178 185 193 194 195 199 191
167 172 176 179 182 184 185 187 187 188 189 190 191 192 194 196 198 200 202 204 204 205 205 204 205 211 221 233 246 256 259 253 241 235 238 239 244 249 250 241 226 219 215 212 210 215 216 215 214 216 217 221 231 223 219 223 222 227 238 247 236 237 240 231 216 207 202 201 200 197 194 190 185 185 192 198 200 201 198 199
166 170 175 177 179 180 182 183 183 184 185 186 187 189 192 195 198 200 202 203 203 203 201 200 202 207 219 232 246 258 262 253 238 231 233 237 239 243 250 236 221 216 212 213 213 218 215 214 214 214 213 214 224 223 219 217 218 227 238 240 233 234 240 234 221 208 201 200 201 200 195 194 192 197 202 203 208 213 211 206
165 170 173 176 177 178 178 178 179 179 180 182 184 186 189 192 195 199 201 202 202 200 198 196 197 203 216 229 242 253 260 252 240 233 233 233 235 242 242 228 217 215 210 208 209 212 213 215 216 216 214 216 223 227 223 217 220 224 234 237 231 231 236 238 221 204 194 195 200 202 200 203 206 219 229 225 229 229 221 209
165 170 173 175 175 175 175 174 174 174 176 177 179 182 185 189 193 197 200 203 201 196 193 191 191 198 209 220 231 242 248 244 236 233 230 228 224 235 228 220 209 206 204 204 206 210 212 216 219 221 221 217 221 225 223 217 218 220 225 236 241 247 245 237 222 205 188 198 198 201 206 220 234 254 262 261 254 248 241 226
166 170 173 174 173 172 171 170 169 170 170 172 174 177 180 184 188 192 197 201 196 190 186 183 182 191 202 212 223 231 232 228 228 227 226 217 219 222 217 209 198 199 204 200 202 204 210 216 220 222 222 219 215 215 217 215 215 212 213 227 236 255 263 248 234 217 203 199 198 205 224 247 281 298 306 298 286 280 267 249
167 171 173 173 170 168 166 164 164 164 165 166 168 171 174 178 181 184 188 189 186 182 177 173 173 183 193 202 208 214 216 211 211 215 215 203 203 204 202 198 197 195 192 192 196 200 206 214 219 221 220 217 213 207 208 210 210 203 207 218 226 255 266 255 241 226 214 209 206 212 254 286 330 344 351 340 326 312 291 265
166 171 173 171 167 163 160 158 157 157 159 160 162 165 168 170 173 175 177 177 175 172 170 170 169 175 184 193 200 201 197 191 188 186 186 187 187 188 194 189 184 181 182 186 192 196 202 210 215 216 214 212 210 205 204 206 206 202 204 205 206 230 245 241 232 222 216 217 211 217 296 338 401 395 393 374 353 332 306 277
166 169 171 167 161 157 153 151 150 151 152 154 156 158 161 163 165 167 167 167 166 166 166 165 164 164 173 186 196 198 193 183 175 172 173 180 183 193 193 186 180 177 179 181 190 195 198 208 207 207 206 205 201 198 198 204 205 203 200 199 199 208 229 235 222 213 210 215 219 236 326 411 467 433 418 399 377 351 323 288
162 163 163 159 152 148 145 143 142 144 145 148 150 152 155 158 160 162 163 164 165 164 161 159 156 155 158 170 181 181 176 171 168 164 168 177 192 195 191 185 180 180 179 182 189 196 200 205 202 197 197 198 198 201 203 207 207 198 197 199 201 208 218 221 215 205 205 212 241 273 344 487 488 445 423 409 388 370 345 301
155 155 153 149 143 138 134 133 135 137 139 143 147 150 153 156 158 160 161 162 162 160 157 153 150 147 145 149 162 176 174 164 162 159 166 176 185 192 189 183 179 177 181 187 191 195 199 202 201 196 189 190 194 201 201 200 204 204 204 203 202 210 212 218 215 211 208 208 248 292 374 462 445 437 414 401 387 375 433 307
149 146 144 140 135 127 122 125 128 133 138 142 146 150 153 155 156 158 158 158 158 156 153 149 144 139 135 137 146 162 162 163 161 164 171 175 178 187 184 181 177 177 179 184 190 193 195 196 194 190 188 189 196 200 201 199 205 206 208 206 205 207 209 223 221 216 208 203 234 283 357 419 400 398 387 374 374 363 354 300
148 146 143 138 132 124 120 123 128 133 138 143 147 150 152 154 155 156 156 155 154 152 149 144 139 134 131 133 140 149 156 159 161 166 169 172 173 180 181 177 171 171 179 180 179 185 189 190 188 189 189 190 194 202 200 197 204 203 208 210 214 212 211 216 216 203 202 197 203 262 403 380 368 368 361 356 344 339 320 278
148 146 143 138 133 128 126 127 131 136 140 145 148 151 153 154 155 155 154 153 151 149 146 142 137 132 129 131 137 143 148 152 155 159 163 165 167 171 173 170 160 162 172 175 175 183 186 187 183 188 192 189 187 195 194 198 201 200 201 211 222 222 216 208 198 182 187 188 189 217 278 307 336 349 345 343 337 317 290 263
150 147 144 140 136 134 132 134 137 140 144 148 150 153 154 155 155 154 152 152 150 147 143 139 136 131 129 130 133 138 141 144 148 152 156 159 161 162 166 165 159 160 162 167 173 179 183 182 183 191 189 187 187 188 192 198 197 193 194 206 218 224 218 204 183 180 187 194 193 218 297 283 309 323 326 336 327 302 268 254
152 150 147 144 141 139 138 140 142 145 149 151 154 155 156 156 155 154 152 151 148 145 142 138 135 131 130 129 131 134 136 138 141 145 149 152 154 154 160 163 161 161 163 165 169 173 177 178 181 189 190 190 193 194 204 203 197 194 195 204 209 215 214 196 173 165 170 185 184 199 255 284 319 330 333 326 298 279 259 247
154 151 149 146 145 144 144 146 148 151 153 156 157 158 158 157 156 154 152 149 147 144 141 137 134 131 130 129 128 130 132 134 136 138 141 144 147 149 157 159 158 161 162 163 164 169 175 178 180 186 195 200 200 213 222 217 205 196 199 212 216 207 189 177 165 152 147 155 163 183 287 297 333 339 333 307 284 280 267 259
155 153 150 149 148 148 150 152 154 156 158 160 161 161 160 159 156 154 151 148 146 143 139 136 134 132 130 127 126 127 129 130 132 133 133 136 140 146 153 156 156 160 160 162 165 167 170 176 181 183 197 207 217 247 232 217 206 200 203 207 211 187 182 178 162 153 136 133 146 186 263 308 324 320 319 281 283 289 282 281
156 153 152 151 151 152 154 156 159 161 163 163 164 164 162 160 157 154 151 147 144 142 138 136 134 131 128 125 122 123 125 127 128 128 130 133 139 145 151 155 156 163 161 162 166 166 168 180 189 189 200 213 221 230 222 209 194 187 190 189 190 188 187 189 170 151 136 127 139 211 289 339 386 341 295 287 289 288 290 299
153 152 152 152 153 154 157 159 162 165 166 166 167 166 165 161 158 153 150 146 143 140 137 136 134 132 128 123 119 120 122 123 124 124 127 131 137 145 153 160 167 170 163 158 163 161 178 192 199 201 218 210 213 209 206 200 187 183 181 181 193 205 204 219 197 166 140 128 152 297 363 391 370 280 275 287 294 296 298 301
149 150 151 152 154 156 159 162 165 166 167 168 167 167 165 161 157 153 148 145 141 138 136 135 133 132 127 121 116 117 119 120 119 120 123 128 135 144 156 167 174 175 167 165 162 167 190 197 193 194 202 202 204 202 198 196 191 192 188 194 223 240 250 258 237 181 148 136 167 285 345 324 261 265 275 294 295 311 315 306
146 147 149 151 154 156 160 162 165 167 168 168 167 167 165 160 156 151 147 143 140 137 135 133 132 130 125 118 113 115 116 116 115 115 118 124 132 142 158 173 177 175 173 173 170 185 193 189 183 178 188 188 191 192 197 198 197 191 209 249 260 274 256 239 213 184 152 140 182 300 302 305 264 269 272 285 299 322 314 301
