Part_1_SDMs/env_data/future_climate_2070_RCP_8.5/bioclim_8.asc
NCOLS 444 
NROWS 438 
XLLCORNER -19 
YLLCORNER -35 
CELLSIZE 0.166666666666667 
NODATA_value -32768 
[rows 385 to 419 of 438, columns 237 to 315 of 444]
308 308 307 305 304 303 301 301 300 299 298 298 296 294 292 289 290 289 287 284 282 280 279 278 275 273 274 273 277 272 269 265 260 256 251 249 248 247 246 247 244 243 239 238 238 237 236 233 232 232 231 229 230 227 224 218 215 212 208 205 208 212 214 218 233 256 282 284 283 278 283 281 282 285 283 -32768 -32768 -32768 -32768
307 307 306 305 304 302 301 300 300 299 298 297 296 294 292 289 289 287 285 283 280 278 276 275 273 270 270 268 266 269 269 265 261 255 250 253 252 251 248 248 245 241 240 240 241 244 238 236 231 229 228 229 229 227 223 218 214 211 210 209 210 214 219 229 242 255 273 280 267 267 263 270 278 282 281 -32768 -32768 -32768 -32768
307 307 306 305 304 302 301 299 300 299 298 297 296 294 292 290 288 286 284 281 278 274 272 271 270 269 269 266 264 263 262 266 260 255 248 251 255 250 250 251 250 249 246 247 247 245 239 235 232 230 230 231 228 227 223 221 217 214 211 215 224 220 223 236 250 269 274 286 279 264 267 270 276 279 280 -32768 -32768 -32768 -32768
307 306 306 305 303 302 301 301 300 299 298 297 296 293 291 289 287 285 282 280 276 271 269 270 273 272 270 267 264 263 262 259 260 254 248 252 257 254 253 255 250 247 248 249 249 246 240 237 233 231 232 231 229 227 225 222 220 217 218 222 227 230 234 234 240 261 275 290 286 273 282 281 279 278 279 -32768 -32768 -32768 -32768
306 306 305 304 303 302 301 300 299 298 296 294 294 293 291 286 283 281 280 278 275 270 270 271 273 274 272 268 264 264 262 259 255 251 255 257 260 260 257 256 251 251 247 247 247 244 241 239 235 233 232 230 229 228 226 222 219 214 216 226 224 223 228 230 244 245 274 286 278 273 292 288 283 280 280 -32768 -32768 -32768 -32768
305 304 304 303 302 301 300 299 298 296 294 290 290 291 292 288 285 281 275 273 272 267 266 270 273 276 274 267 264 264 262 260 259 261 263 264 263 257 257 255 251 251 248 246 244 241 240 237 235 232 231 230 227 224 221 218 218 212 216 228 225 227 231 234 233 247 262 276 272 278 292 289 284 282 281 -32768 -32768 -32768 -32768
304 303 302 301 300 299 298 296 295 294 292 286 282 289 290 285 281 278 274 269 266 263 263 267 272 278 268 267 266 263 264 263 262 266 267 268 262 258 256 255 254 253 251 248 242 237 237 236 232 226 225 224 223 223 218 217 212 205 211 214 223 227 231 234 234 240 266 277 273 281 291 287 284 282 -32768 -32768 -32768 -32768 -32768
303 302 301 300 299 298 296 295 293 292 290 284 281 287 289 286 275 272 268 265 262 262 264 267 272 278 271 269 265 267 268 266 265 269 270 269 262 258 257 255 253 251 248 245 239 234 232 231 231 227 219 216 213 214 214 210 219 208 200 215 228 229 234 241 246 251 274 280 283 283 288 285 283 282 -32768 -32768 -32768 -32768 -32768
301 301 300 298 297 296 295 293 292 291 288 284 282 286 287 284 275 263 264 260 260 261 264 267 273 281 271 268 268 271 272 269 272 269 268 264 262 259 256 254 251 249 245 241 238 230 228 231 226 226 219 211 210 210 213 218 243 239 227 219 228 237 243 240 238 245 261 272 275 277 285 284 282 282 -32768 -32768 -32768 -32768 -32768
299 299 298 297 296 294 293 292 291 290 287 282 273 280 286 282 274 261 257 258 260 262 264 267 276 282 272 271 271 272 271 269 270 267 266 262 261 259 259 256 256 249 247 242 235 229 230 229 224 225 219 212 202 199 206 219 247 249 247 234 233 236 234 228 236 244 254 263 260 273 277 281 280 -32768 -32768 -32768 -32768 -32768 -32768
298 295 296 295 294 293 292 291 289 290 288 282 271 273 282 279 274 265 252 258 260 262 266 272 282 280 272 272 271 269 268 266 264 268 261 262 262 262 257 253 251 250 243 242 238 231 228 225 222 222 220 212 208 203 202 231 246 245 247 243 241 243 241 239 245 249 253 251 255 262 275 278 278 -32768 -32768 -32768 -32768 -32768 -32768
298 297 295 293 292 290 290 290 288 288 288 285 280 273 277 272 269 259 255 259 260 262 270 279 283 275 273 272 270 268 266 263 262 260 260 261 263 265 263 257 251 247 244 238 235 230 226 222 220 221 221 215 210 208 211 239 242 241 243 244 239 242 245 243 248 257 262 254 253 262 272 276 276 -32768 -32768 -32768 -32768 -32768 -32768
298 294 292 291 292 292 292 293 292 291 290 285 282 275 280 274 268 257 261 261 261 264 276 285 280 276 272 268 265 265 263 262 260 258 259 259 258 261 259 259 254 249 247 245 235 227 223 221 216 218 219 214 205 214 230 242 242 247 239 238 238 235 240 239 248 249 258 263 263 267 273 276 275 -32768 -32768 -32768 -32768 -32768 -32768
297 293 290 291 294 295 296 296 294 289 289 286 278 281 282 276 263 260 262 262 263 270 286 285 279 279 276 271 268 267 265 263 260 257 256 256 257 259 254 253 252 250 247 243 232 222 218 215 208 216 220 220 218 237 253 255 254 256 246 228 242 228 225 230 245 252 257 265 271 274 276 275 -32768 -32768 -32768 -32768 -32768 -32768 -32768
296 293 294 295 294 293 292 298 296 288 290 285 277 285 283 272 260 259 262 264 268 282 283 280 280 278 273 269 267 267 264 264 261 259 256 253 252 253 258 253 249 246 239 239 232 223 219 213 192 199 215 232 241 251 257 260 260 258 249 240 244 229 225 231 236 244 255 265 272 275 275 275 -32768 -32768 -32768 -32768 -32768 -32768 -32768
301 299 298 296 293 292 291 296 299 296 295 285 288 285 279 267 262 261 263 268 279 285 281 278 276 276 273 269 269 268 267 265 263 261 258 253 248 248 255 252 248 241 234 233 236 235 224 215 159 136 185 235 248 250 257 258 259 257 253 251 246 246 249 245 245 253 264 273 277 277 276 -32768 -32768 -32768 -32768 -32768 -32768 -32768 -32768
298 298 294 292 291 290 291 294 299 280 276 291 288 278 271 271 266 264 270 282 285 283 282 279 275 275 275 273 271 269 267 265 263 261 259 254 250 246 247 250 241 236 237 239 239 237 222 174 156 128 141 182 222 241 249 248 245 243 232 240 227 221 240 261 243 249 263 272 276 277 -32768 -32768 -32768 -32768 -32768 -32768 -32768 -32768 -32768
294 297 295 293 292 290 290 292 292 277 277 271 286 272 274 272 278 273 282 287 284 282 278 274 273 274 275 273 269 266 263 262 260 255 255 256 253 247 242 244 239 233 241 243 239 222 188 162 164 145 166 164 160 208 221 226 222 217 223 222 220 218 228 247 255 261 271 273 -32768 -32768 -32768 -32768 -32768 -32768 -32768 -32768 -32768 -32768 -32768
290 294 297 298 295 294 292 291 292 275 277 272 286 280 278 282 288 287 287 286 282 277 273 270 273 274 274 271 267 262 258 259 258 255 252 251 252 247 237 237 239 238 241 237 223 188 165 180 176 161 195 191 148 164 207 212 212 209 208 222 227 230 240 252 256 266 271 -32768 -32768 -32768 -32768 -32768 -32768 -32768 -32768 -32768 -32768 -32768 -32768
290 292 292 296 298 295 293 292 290 294 274 270 270 281 287 291 288 285 283 283 282 277 274 273 275 274 275 274 269 262 257 255 253 252 249 246 246 244 239 240 236 237 238 227 190 189 169 168 186 189 172 163 145 164 195 201 208 218 229 244 233 229 238 251 265 266 -32768 -32768 -32768 -32768 -32768 -32768 -32768 -32768 -32768 -32768 -32768 -32768 -32768
289 289 290 293 297 294 292 291 289 289 290 266 265 269 271 290 287 283 279 278 280 282 279 278 278 276 273 269 268 263 259 257 254 248 245 241 239 240 239 242 240 235 228 220 197 188 186 160 176 204 182 154 149 201 220 214 204 217 229 244 247 248 251 262 265 -32768 -32768 -32768 -32768 -32768 -32768 -32768 -32768 -32768 -32768 -32768 -32768 -32768 -32768
287 290 293 295 297 295 294 293 291 289 285 285 261 264 269 291 289 282 275 275 275 276 279 279 280 277 270 263 256 254 257 252 250 248 242 237 235 240 244 242 234 231 226 218 178 183 203 176 164 206 169 148 197 210 212 216 227 220 224 240 244 236 256 266 -32768 -32768 -32768 -32768 -32768 -32768 -32768 -32768 -32768 -32768 -32768 -32768 -32768 -32768 -32768
288 291 292 294 297 297 296 295 293 290 264 283 260 262 262 266 265 282 278 275 272 273 274 274 280 280 272 261 250 252 251 250 243 242 241 234 235 239 242 238 230 230 228 199 191 191 207 191 188 203 169 176 201 207 212 217 223 234 238 237 239 238 262 267 -32768 -32768 -32768 -32768 -32768 -32768 -32768 -32768 -32768 -32768 -32768 -32768 -32768 -32768 -32768
288 289 291 293 295 296 296 295 294 268 266 261 259 259 260 262 262 259 256 252 249 269 266 266 266 271 269 260 252 247 246 246 242 239 236 234 236 241 240 237 234 239 213 205 222 221 209 205 212 204 200 206 204 196 219 227 226 230 241 244 250 255 262 -32768 -32768 -32768 -32768 -32768 -32768 -32768 -32768 -32768 -32768 -32768 -32768 -32768 -32768 -32768 -32768
284 285 287 288 292 289 290 294 294 267 264 262 256 255 256 258 257 254 253 251 246 265 258 255 258 263 265 237 253 246 241 241 240 244 238 236 241 241 233 231 233 241 221 226 221 198 189 221 230 226 216 216 211 203 213 221 232 228 227 239 247 258 -32768 -32768 -32768 -32768 -32768 -32768 -32768 -32768 -32768 -32768 -32768 -32768 -32768 -32768 -32768 -32768 -32768
281 282 283 286 289 289 290 291 290 264 259 256 250 250 252 253 254 254 250 248 241 257 249 248 251 252 256 260 260 252 249 248 247 247 245 244 240 237 232 232 235 233 236 222 204 179 187 222 227 212 213 216 206 206 210 226 235 237 234 241 254 259 -32768 -32768 -32768 -32768 -32768 -32768 -32768 -32768 -32768 -32768 -32768 -32768 -32768 -32768 -32768 -32768 -32768
279 282 283 285 286 286 286 286 284 260 256 250 246 246 247 247 250 250 246 244 242 238 248 244 246 247 252 254 259 262 259 256 253 249 247 246 242 239 237 235 227 221 218 204 168 174 212 222 220 219 213 217 214 216 204 221 231 238 239 247 255 -32768 -32768 -32768 -32768 -32768 -32768 -32768 -32768 -32768 -32768 -32768 -32768 -32768 -32768 -32768 -32768 -32768 -32768
279 280 280 278 277 278 274 276 274 253 249 243 240 241 242 244 247 245 237 237 236 234 254 247 246 248 246 242 249 253 256 254 250 243 244 246 240 241 237 232 209 192 197 198 185 175 203 213 220 219 225 230 213 219 216 226 230 231 232 250 258 -32768 -32768 -32768 -32768 -32768 -32768 -32768 -32768 -32768 -32768 -32768 -32768 -32768 -32768 -32768 -32768 -32768 -32768
275 276 275 273 268 264 261 267 262 243 239 252 255 238 238 236 240 239 233 228 232 251 250 246 247 245 240 236 242 243 245 246 243 242 240 243 234 225 233 230 218 210 205 196 188 185 216 224 219 228 226 234 224 221 221 222 226 230 239 248 -32768 -32768 -32768 -32768 -32768 -32768 -32768 -32768 -32768 -32768 -32768 -32768 -32768 -32768 -32768 -32768 -32768 -32768 -32768
275 275 270 265 266 265 262 263 261 257 252 244 251 254 251 253 237 235 232 230 223 244 242 243 242 239 234 226 235 234 231 233 233 230 234 232 218 213 220 217 214 200 190 186 177 204 221 225 229 231 234 231 232 228 223 227 229 235 243 -32768 -32768 -32768 -32768 -32768 -32768 -32768 -32768 -32768 -32768 -32768 -32768 -32768 -32768 -32768 -32768 -32768 -32768 -32768 -32768
247 251 270 272 271 269 261 262 258 255 248 242 245 249 250 253 232 231 230 227 221 236 236 239 239 233 226 223 231 236 229 230 224 221 225 218 202 207 211 212 208 191 205 206 198 217 222 223 228 234 233 239 235 222 225 227 234 241 -32768 -32768 -32768 -32768 -32768 -32768 -32768 -32768 -32768 -32768 -32768 -32768 -32768 -32768 -32768 -32768 -32768 -32768 -32768 -32768 -32768
242 246 248 247 268 267 261 261 257 255 248 242 243 247 242 245 227 225 222 223 237 231 232 232 233 224 227 236 241 244 244 240 228 216 210 210 203 202 208 208 218 215 222 221 220 216 219 216 231 233 224 227 239 232 230 234 242 -32768 -32768 -32768 -32768 -32768 -32768 -32768 -32768 -32768 -32768 -32768 -32768 -32768 -32768 -32768 -32768 -32768 -32768 -32768 -32768 -32768 -32768
241 239 237 240 240 261 262 259 256 250 244 240 237 243 238 219 220 221 219 216 232 222 222 222 220 226 229 238 243 244 243 237 232 213 205 216 224 210 225 221 221 227 218 222 231 231 238 231 236 239 231 229 240 247 247 249 -32768 -32768 -32768 -32768 -32768 -32768 -32768 -32768 -32768 -32768 -32768 -32768 -32768 -32768 -32768 -32768 -32768 -32768 -32768 -32768 -32768 -32768 -32768
232 235 235 232 232 254 256 255 251 245 239 231 233 242 225 221 217 225 226 219 211 213 213 212 209 209 214 225 242 244 239 232 231 218 216 225 226 220 221 234 234 228 222 231 239 238 238 233 229 230 236 235 242 250 -32768 -32768 -32768 -32768 -32768 -32768 -32768 -32768 -32768 -32768 -32768 -32768 -32768 -32768 -32768 -32768 -32768 -32768 -32768 -32768 -32768 -32768 -32768 -32768 -32768
222 225 230 229 226 225 249 245 244 241 237 230 232 236 225 225 225 228 227 221 212 218 223 229 226 222 212 230 238 244 237 226 231 229 215 224 231 234 233 233 240 234 222 229 230 232 232 235 232 230 236 242 247 -32768 -32768 -32768 -32768 -32768 -32768 -32768 -32768 -32768 -32768 -32768 -32768 -32768 -32768 -32768 -32768 -32768 -32768 -32768 -32768 -32768 -32768 -32768 -32768 -32768 -32768
