Part_1_SDMs/env_data/future_climate_2070_RCP_8.5/bioclim_4.asc
NCOLS 444 
NROWS 438 
XLLCORNER -19 
YLLCORNER -35 
CELLSIZE 0.166666666666667 
NODATA_value -32768 
[rows 175 to 209 of 438, columns 237 to 315 of 444]
1734 1742 1727 1693 1666 1650 1628 1611 1595 1587 1571 1561 1550 1524 1512 1505 1511 1494 1473 1465 1455 1432 1403 1371 1365 1359 1353 1342 1325 1320 1316 1321 1328 1346 1368 1396 1426 1463 1496 1526 1568 1591 1553 1502 1461 1414 1377 1330 1281 1229 1190 1150 1115 1092 1074 1072 1073 1099 1130 1156 1176 1218 1245 1265 1285 1309 1305 1318 1328 1340 1350 1381 1390 1405 1426 1442 1445 1444 1457
1717 1729 1701 1671 1630 1605 1586 1560 1533 1520 1519 1496 1480 1463 1449 1450 1454 1432 1418 1402 1391 1373 1349 1336 1320 1313 1298 1290 1273 1260 1253 1260 1275 1298 1318 1345 1383 1417 1450 1485 1518 1541 1527 1480 1428 1385 1351 1309 1269 1228 1191 1164 1126 1109 1100 1105 1117 1142 1160 1163 1178 1204 1220 1236 1253 1273 1279 1291 1308 1324 1364 1370 1384 1406 1413 1433 1427 1431 1441
1679 1684 1661 1623 1575 1550 1525 1513 1495 1483 1460 1444 1436 1419 1418 1403 1399 1394 1378 1365 1352 1321 1301 1293 1280 1265 1252 1231 1221 1213 1206 1207 1225 1250 1271 1302 1340 1370 1402 1432 1461 1467 1461 1437 1407 1372 1339 1287 1250 1219 1198 1164 1128 1117 1128 1143 1155 1173 1184 1181 1181 1191 1198 1219 1240 1260 1273 1285 1309 1332 1363 1373 1378 1401 1411 1424 1420 1418 1424
1558 1581 1570 1545 1510 1489 1471 1463 1448 1434 1412 1407 1398 1383 1380 1366 1358 1353 1344 1322 1302 1285 1265 1245 1225 1213 1205 1193 1182 1165 1164 1169 1176 1202 1231 1262 1295 1315 1346 1381 1405 1416 1409 1385 1369 1345 1313 1278 1245 1222 1197 1166 1145 1139 1141 1151 1160 1194 1187 1165 1164 1167 1182 1182 1187 1210 1236 1254 1297 1330 1341 1369 1386 1406 1418 1412 1410 1401 1396
1430 1460 1467 1451 1446 1440 1425 1420 1407 1390 1371 1366 1351 1341 1328 1328 1314 1301 1298 1278 1251 1239 1231 1220 1195 1175 1157 1152 1141 1134 1130 1128 1142 1158 1190 1217 1246 1269 1300 1327 1359 1376 1367 1354 1337 1317 1298 1265 1241 1222 1193 1170 1144 1151 1152 1149 1166 1166 1165 1160 1152 1133 1140 1164 1172 1180 1207 1236 1278 1314 1345 1354 1372 1393 1417 1416 1397 1379 1361
1324 1360 1375 1383 1384 1385 1386 1370 1368 1357 1338 1332 1321 1309 1298 1289 1270 1260 1246 1232 1215 1201 1195 1183 1163 1147 1125 1107 1098 1094 1094 1103 1109 1127 1157 1178 1197 1224 1250 1281 1315 1335 1329 1310 1308 1293 1268 1248 1239 1219 1197 1182 1163 1165 1168 1163 1159 1149 1144 1111 1101 1100 1110 1117 1131 1162 1190 1229 1266 1288 1316 1341 1374 1404 1430 1411 1381 1352 1319
1222 1262 1285 1296 1310 1324 1334 1332 1324 1314 1299 1294 1282 1272 1271 1254 1243 1228 1209 1195 1168 1157 1158 1153 1127 1111 1090 1074 1056 1051 1054 1066 1080 1094 1112 1132 1158 1191 1222 1244 1267 1277 1284 1284 1286 1274 1253 1236 1223 1203 1195 1173 1163 1158 1161 1156 1139 1125 1100 1077 1065 1054 1064 1072 1090 1129 1163 1209 1246 1274 1305 1336 1365 1392 1414 1406 1356 1316 1273
1128 1176 1211 1228 1248 1265 1269 1285 1288 1282 1274 1258 1251 1235 1231 1207 1194 1185 1163 1149 1142 1123 1109 1107 1096 1073 1052 1039 1028 1033 1035 1042 1048 1063 1084 1103 1122 1151 1182 1204 1218 1237 1240 1253 1257 1250 1231 1221 1207 1192 1185 1183 1180 1171 1159 1151 1132 1103 1071 1043 1023 998 1013 1017 1049 1091 1130 1175 1220 1267 1292 1327 1349 1369 1377 1359 1325 1275 1220
1055 1098 1131 1163 1193 1213 1237 1249 1255 1253 1249 1229 1208 1195 1190 1163 1143 1135 1135 1109 1097 1090 1076 1062 1048 1038 1023 1001 991 999 999 1008 1017 1027 1041 1069 1090 1116 1139 1154 1176 1200 1206 1215 1217 1213 1209 1203 1190 1183 1179 1185 1189 1184 1174 1147 1127 1090 1037 1003 970 940 953 987 1017 1066 1118 1148 1189 1234 1275 1297 1318 1332 1323 1299 1277 1227 1169
1000 1034 1066 1107 1141 1169 1193 1221 1218 1228 1227 1212 1186 1160 1142 1126 1109 1091 1084 1075 1064 1049 1034 1028 1015 1002 987 973 968 970 965 961 971 982 1009 1034 1052 1079 1102 1113 1132 1156 1170 1187 1189 1184 1187 1190 1178 1170 1180 1187 1191 1186 1180 1161 1123 1070 1012 967 920 886 909 948 997 1046 1101 1140 1173 1210 1249 1274 1301 1299 1303 1276 1249 1197 1135
958 989 1025 1057 1086 1131 1167 1193 1195 1203 1198 1180 1155 1132 1094 1074 1069 1054 1041 1029 1018 1012 997 987 977 969 960 939 935 936 935 927 932 952 977 1000 1021 1037 1061 1087 1103 1117 1133 1146 1160 1166 1171 1170 1171 1170 1180 1196 1208 1199 1196 1185 1141 1085 1020 952 896 838 859 915 975 1031 1083 1133 1179 1201 1247 1265 1273 1276 1285 1267 1223 1166 1113
934 952 980 1010 1053 1092 1125 1166 1184 1197 1181 1150 1120 1083 1052 1027 1020 1005 995 990 979 959 957 944 932 922 914 903 902 897 895 899 905 924 947 972 996 1007 1026 1051 1068 1086 1101 1117 1137 1142 1148 1156 1161 1160 1167 1184 1203 1224 1240 1213 1155 1083 1021 963 912 864 853 901 962 1023 1072 1135 1161 1196 1226 1238 1255 1256 1267 1250 1209 1156 1084
915 926 943 966 1003 1043 1092 1147 1188 1195 1159 1126 1077 1034 999 972 964 962 950 933 918 918 913 897 887 876 866 859 860 857 865 869 878 890 914 938 964 988 1000 1020 1039 1065 1082 1093 1109 1119 1124 1134 1144 1157 1167 1175 1192 1220 1234 1223 1168 1104 1041 977 933 903 907 943 993 1031 1080 1129 1148 1184 1223 1229 1235 1239 1245 1232 1184 1120 1061
906 910 914 925 944 986 1045 1114 1184 1182 1126 1079 1031 984 949 918 919 938 921 896 881 876 862 846 843 839 833 831 828 832 835 837 851 869 891 909 932 957 977 1001 1025 1051 1066 1076 1086 1100 1105 1111 1126 1136 1146 1157 1175 1189 1196 1187 1149 1097 1042 993 960 942 946 971 1009 1048 1101 1150 1180 1196 1213 1214 1228 1228 1203 1195 1158 1100 1045
892 895 891 885 895 926 988 1035 1097 1114 1066 1016 968 930 896 873 888 891 879 855 842 833 822 810 803 795 790 799 798 798 800 799 804 823 851 871 902 930 954 977 1003 1028 1051 1062 1069 1079 1092 1091 1097 1107 1121 1137 1152 1154 1156 1147 1121 1082 1049 1021 992 980 994 1018 1055 1096 1138 1167 1191 1198 1217 1219 1204 1210 1200 1169 1130 1067 1021
884 897 880 846 835 873 921 969 1001 1004 976 943 902 871 848 829 827 826 816 799 797 795 784 768 761 757 754 754 757 763 768 766 774 793 820 846 876 907 939 965 988 1005 1031 1051 1054 1062 1072 1074 1081 1092 1095 1102 1112 1117 1118 1108 1093 1069 1045 1029 1013 1012 1024 1046 1098 1142 1177 1192 1203 1212 1209 1212 1210 1195 1181 1146 1093 1055 1003
912 933 909 848 820 837 866 899 912 922 903 868 839 809 795 787 782 767 757 747 744 739 737 726 719 713 712 718 723 725 729 734 748 766 799 831 865 901 935 965 986 1003 1006 1020 1037 1038 1040 1050 1061 1065 1076 1087 1085 1090 1092 1089 1076 1056 1053 1048 1039 1047 1054 1075 1118 1160 1194 1207 1223 1225 1228 1221 1223 1193 1169 1125 1091 1065 1002
980 1003 934 846 816 807 824 837 846 848 831 812 785 759 747 741 737 732 721 711 702 695 693 685 682 677 681 688 691 696 696 704 722 743 770 803 843 883 926 962 990 1007 1008 1005 1018 1014 1015 1031 1036 1041 1048 1056 1059 1068 1071 1066 1057 1052 1049 1042 1057 1068 1081 1103 1132 1161 1195 1217 1233 1222 1232 1233 1225 1186 1156 1134 1098 1047 1001
927 980 896 813 787 782 791 794 796 790 780 758 725 704 699 700 689 685 678 684 675 663 651 643 637 644 649 657 653 656 662 677 692 714 737 775 824 875 930 976 998 998 1006 996 991 993 993 990 1006 1008 1012 1022 1035 1046 1049 1047 1041 1037 1038 1051 1064 1073 1095 1120 1149 1177 1220 1231 1239 1241 1242 1245 1209 1183 1156 1136 1100 1052 1004
812 847 817 776 748 746 748 751 750 746 726 709 693 671 670 669 658 643 632 624 627 627 620 607 605 609 619 627 631 631 641 657 668 684 703 741 800 863 932 990 1018 1009 994 975 966 967 961 958 955 958 964 980 995 1007 1010 1014 1015 1023 1032 1047 1062 1083 1116 1137 1162 1185 1216 1246 1263 1250 1262 1257 1217 1200 1185 1155 1110 1058 1006
756 770 741 732 722 725 724 715 710 701 694 689 687 677 664 653 632 612 592 583 581 580 579 574 574 581 590 590 601 615 630 641 655 668 680 706 779 852 921 985 1031 1015 980 958 926 914 907 905 915 915 919 932 957 972 983 993 1006 1018 1032 1046 1059 1083 1118 1151 1177 1205 1233 1259 1278 1261 1269 1259 1244 1215 1198 1163 1113 1069 1016
719 736 724 723 718 713 701 687 683 675 676 687 696 690 672 640 619 580 556 546 542 548 543 539 543 552 558 564 580 595 611 628 645 666 678 690 750 830 897 958 995 982 950 924 896 871 854 858 873 879 888 903 925 947 961 980 995 1025 1043 1061 1080 1106 1130 1162 1194 1226 1255 1277 1278 1282 1295 1270 1253 1250 1209 1171 1129 1079 1038
691 714 716 757 755 715 694 673 670 662 672 688 708 713 697 651 611 558 524 507 508 515 515 511 514 519 525 537 557 574 599 629 661 683 692 714 750 803 859 912 943 935 908 881 857 833 825 818 835 847 862 890 904 923 950 971 996 1021 1041 1054 1079 1104 1130 1164 1206 1235 1268 1283 1299 1307 1307 1296 1284 1261 1227 1189 1137 1095 1061
668 685 708 759 780 712 685 666 648 644 661 690 728 752 726 651 584 523 485 470 471 481 484 488 498 499 508 520 537 557 597 636 668 699 717 727 758 795 829 865 889 872 862 836 809 790 784 785 793 812 837 864 890 911 941 967 996 1021 1041 1056 1084 1109 1128 1167 1205 1242 1278 1293 1308 1325 1325 1328 1312 1277 1244 1199 1149 1113 1074
633 661 684 727 725 699 674 660 639 631 637 676 732 792 771 665 566 486 447 440 432 453 459 465 479 483 494 513 531 556 601 659 711 736 743 743 762 783 800 817 830 825 812 786 770 753 727 732 758 780 808 850 886 923 958 987 1016 1028 1036 1051 1072 1108 1138 1182 1209 1253 1284 1311 1339 1348 1350 1350 1327 1302 1255 1196 1157 1126 1097
647 670 691 704 702 691 671 655 642 627 629 667 714 750 726 644 546 466 421 410 408 425 431 442 452 460 483 499 521 556 608 684 749 759 755 756 749 772 781 784 786 784 766 750 732 713 697 691 720 767 799 844 890 942 999 1043 1054 1041 1034 1035 1059 1094 1143 1185 1217 1259 1291 1326 1373 1384 1374 1365 1341 1309 1261 1204 1169 1141 1113
675 688 700 704 693 683 672 653 632 626 626 649 674 683 661 603 531 460 417 400 403 404 414 426 437 450 470 487 507 556 619 695 754 749 735 732 735 744 749 746 747 750 729 726 718 701 696 697 721 757 806 847 895 952 1014 1092 1083 1047 1023 1016 1020 1058 1121 1193 1235 1268 1318 1366 1414 1422 1400 1382 1361 1300 1251 1199 1170 1154 1137
685 688 696 702 697 675 658 648 647 633 624 632 642 639 613 561 503 452 420 407 406 400 408 415 425 437 451 475 503 536 587 642 681 699 699 692 708 715 716 712 718 721 705 702 705 693 702 714 737 775 816 848 885 951 1017 1071 1072 1030 996 974 965 1001 1091 1180 1255 1293 1348 1424 1446 1439 1415 1359 1327 1265 1219 1189 1162 1164 1137
684 684 682 681 677 666 649 637 626 620 615 610 601 584 564 529 488 449 428 402 397 398 407 401 414 427 439 462 481 506 543 577 606 631 643 649 660 670 682 677 687 693 689 689 701 698 703 719 744 774 817 852 886 939 989 1026 1025 1003 965 939 923 961 1063 1172 1272 1358 1421 1477 1516 1486 1422 1345 1286 1222 1188 1173 1141 1141 1151
673 673 663 658 658 645 630 618 605 599 600 598 582 558 524 496 467 446 429 417 405 401 394 398 414 415 428 446 454 474 495 520 549 568 586 607 619 633 648 638 646 661 666 667 679 695 718 740 759 787 818 847 881 921 954 984 978 965 948 938 938 976 1084 1175 1293 1399 1548 1549 1571 1520 1421 1332 1250 1217 1177 1154 1141 1123 1134
666 668 662 652 637 629 615 601 593 585 583 576 566 551 531 496 474 457 447 442 434 422 417 409 415 416 421 431 432 439 460 482 504 528 550 570 585 611 629 631 630 647 656 672 676 695 720 754 779 808 832 849 875 897 920 944 949 950 939 949 991 1040 1099 1181 1295 1431 1580 1664 1591 1507 1413 1309 1217 1175 1164 1141 1122 1107 1103
645 661 667 657 647 630 612 599 587 577 566 556 545 531 521 497 480 463 448 441 437 431 422 417 419 423 427 422 426 431 439 449 466 493 514 535 555 578 595 607 616 620 637 656 676 693 730 766 801 826 847 858 874 885 904 920 933 944 947 978 1024 1069 1121 1188 1282 1394 1513 1616 1582 1467 1357 1275 1179 1148 1126 1113 1107 1089 1082
632 656 673 659 645 628 609 587 574 562 543 533 525 513 501 484 480 470 455 447 440 428 421 420 424 418 422 424 433 431 435 442 455 475 490 504 522 543 563 581 593 594 607 632 653 681 718 776 826 838 834 844 859 869 882 898 912 924 944 983 1020 1067 1124 1174 1256 1338 1401 1465 1458 1377 1294 1210 1147 1109 1099 1097 1086 1065 1051
617 648 675 664 638 616 592 568 553 541 529 518 514 504 489 474 463 457 448 441 434 427 428 429 421 414 427 433 431 443 443 449 452 458 476 497 509 522 536 550 569 584 594 614 645 682 730 775 809 819 819 826 840 852 868 887 897 911 931 969 1013 1065 1088 1154 1282 1355 1338 1335 1317 1267 1200 1152 1108 1082 1081 1080 1067 1033 1013
619 640 645 645 628 609 590 574 556 538 523 512 502 488 470 461 455 447 440 434 434 433 432 431 430 430 438 436 440 439 444 448 454 467 488 502 517 523 521 532 541 559 577 605 627 653 685 723 765 783 791 799 822 838 859 874 892 903 924 964 1006 1055 1072 1127 1349 1512 1291 1227 1195 1157 1108 1078 1065 1060 1063 1050 1045 1011 986
