Part_1_SDMs/env_data/future_climate_2070_RCP_8.5/bioclim_17.asc
NCOLS 444 
NROWS 438 
XLLCORNER -19 
YLLCORNER -35 
CELLSIZE 0.166666666666667 
NODATA_value -32768 
[rows 216 to 251 of 438, columns 243 to 323 of 444]
258 268 282 298 310 318 317 308 298 291 287 284 281 280 278 274 273 275 274 273 274 269 269 269 269 271 273 277 282 286 291 293 293 297 309 321 319 322 318 316 315 310 307 300 286 278 279 266 257 250 229 218 214 206 197 201 127 90 91 105 132 150 152 152 156 159 160 152 145 143 136 127 130 131 124 112 103 101 102 99 85
284 294 307 318 329 334 335 327 316 307 301 296 292 289 287 287 287 286 287 287 285 284 281 280 282 284 286 289 296 296 298 299 300 302 305 307 312 312 313 316 311 309 306 295 286 286 277 271 264 255 235 222 220 215 211 147 99 94 97 132 159 172 160 156 166 169 165 162 163 161 148 137 144 138 123 119 117 118 123 117 98
310 318 326 336 343 348 350 346 337 327 315 309 305 302 300 299 300 301 298 297 295 293 292 293 294 297 301 301 305 308 306 309 311 310 307 306 310 314 313 315 314 310 303 295 294 289 280 277 267 254 241 225 220 207 147 110 106 115 146 167 176 173 165 170 187 180 169 165 167 161 148 150 149 143 136 132 129 129 128 121 112
334 343 352 359 364 365 361 360 355 347 333 323 318 315 313 312 314 313 310 309 305 306 306 308 308 308 311 316 315 316 317 318 318 320 319 313 308 307 306 303 306 305 300 299 294 288 285 282 273 253 244 239 226 138 120 116 132 170 186 191 183 175 174 187 203 183 169 163 158 156 151 161 159 161 150 145 141 161 156 132 125
358 365 373 381 385 385 382 374 370 362 351 339 331 329 329 327 324 322 321 322 322 322 321 320 319 319 320 322 327 328 324 324 323 322 318 319 316 312 304 299 301 298 300 296 290 291 289 277 270 265 264 267 214 135 125 140 169 179 187 186 180 177 179 187 189 176 170 167 164 170 175 180 187 187 172 156 156 208 210 143 119
379 389 398 401 405 406 400 391 386 379 372 361 351 349 348 348 346 343 343 342 342 337 333 331 331 332 333 333 335 341 344 340 334 325 322 319 318 320 314 301 308 302 298 292 290 285 282 277 283 274 271 230 169 145 141 163 169 175 179 178 175 177 182 189 190 185 186 186 186 185 188 192 202 197 177 169 196 224 249 164 116
402 409 419 424 422 421 416 410 403 399 392 381 376 375 372 368 363 361 359 359 358 350 344 342 341 343 346 341 341 344 347 348 346 337 326 322 319 316 319 306 310 309 302 292 287 288 283 281 290 287 250 196 184 172 185 181 182 182 185 185 178 178 185 197 208 217 217 216 213 197 191 200 211 209 193 191 217 236 217 175 139
420 428 435 440 437 434 431 425 418 418 413 409 403 401 403 401 389 373 372 374 370 363 355 350 348 348 349 349 351 351 356 357 356 346 338 329 326 319 316 309 308 305 307 294 291 283 284 286 277 238 224 229 235 214 200 187 185 201 194 193 184 180 189 209 220 226 222 221 226 225 212 215 226 235 235 240 259 253 245 211 165
437 442 448 451 451 446 443 440 433 431 433 433 428 427 419 411 404 406 406 393 383 373 363 357 356 357 361 364 362 361 362 365 367 363 351 344 335 324 316 316 309 304 303 308 295 280 279 287 256 229 268 251 225 220 198 187 186 191 186 176 170 167 178 194 206 214 206 211 215 212 216 225 226 233 243 261 277 270 257 234 188
456 460 461 462 461 460 456 452 450 448 445 437 430 422 414 404 396 396 401 406 405 381 354 358 364 368 372 377 378 377 377 382 382 376 367 356 342 332 323 318 318 311 302 307 296 296 287 301 253 269 298 228 194 188 184 178 169 161 155 148 140 142 159 176 189 195 194 207 215 203 191 191 192 201 211 251 296 289 270 268 231
472 473 472 472 471 467 464 458 457 450 442 433 426 418 410 402 396 394 396 398 401 396 370 370 374 380 385 389 391 403 394 394 391 384 378 368 352 342 331 325 313 305 307 308 293 311 304 285 232 241 258 193 166 169 163 153 145 139 129 119 117 126 145 165 182 186 189 202 208 194 182 166 156 153 161 205 294 303 298 319 293
484 483 482 481 479 475 469 468 457 446 436 428 423 415 408 401 396 393 392 393 394 397 395 388 388 393 396 400 402 403 405 406 404 398 391 384 362 347 336 328 315 307 300 300 293 295 275 254 210 208 189 151 146 165 152 136 125 119 107 97 100 116 135 163 190 202 205 203 198 186 175 155 135 122 114 130 223 310 334 357 331
484 488 491 489 488 483 472 460 448 439 431 423 418 412 406 400 395 392 389 388 389 390 392 392 392 393 393 394 394 395 397 397 396 396 394 388 373 362 344 336 325 312 307 293 286 275 251 235 181 147 138 133 140 164 142 121 107 97 89 84 95 115 136 171 211 219 215 209 194 178 161 141 121 106 96 105 164 228 233 211 226
481 483 484 483 480 470 460 448 440 432 425 419 413 407 403 399 394 389 385 383 382 382 380 379 378 378 378 379 379 380 380 380 379 380 379 374 366 360 350 340 330 321 313 294 278 255 233 216 163 140 132 143 155 145 125 105 91 82 77 77 92 115 142 185 227 238 220 203 185 167 149 130 111 98 91 99 130 161 181 188 193
471 478 476 471 464 456 446 437 430 422 417 412 407 402 398 395 392 387 382 377 375 371 368 365 364 363 363 363 364 365 364 365 366 367 364 363 357 350 341 331 324 313 304 291 273 249 228 189 160 141 136 157 147 133 109 91 79 71 68 71 86 113 146 180 217 229 213 193 174 156 138 120 104 92 88 98 123 157 193 233 281
457 463 465 459 450 440 428 422 414 410 406 402 398 395 392 388 387 382 374 368 365 359 354 351 349 347 347 347 349 349 351 352 354 355 353 350 348 343 333 323 316 304 298 290 271 252 223 178 159 144 142 144 131 128 108 85 71 61 59 64 80 112 144 171 192 201 194 179 162 145 128 112 97 86 82 111 141 176 233 316 342
443 446 449 443 433 423 413 404 400 397 394 391 390 386 383 378 374 371 363 358 352 345 339 335 333 331 330 331 332 334 335 338 341 343 343 341 335 331 327 315 308 299 288 281 270 254 210 174 161 150 141 123 116 121 109 83 68 52 50 57 75 105 136 160 174 180 176 165 150 134 118 103 90 80 74 86 127 164 231 327 306
425 429 431 427 415 405 395 386 385 383 382 379 379 377 371 364 360 355 350 344 337 329 323 319 316 314 314 315 317 319 321 323 325 326 326 323 319 316 313 302 293 287 274 269 262 253 215 171 167 152 124 99 90 88 80 71 55 43 44 53 72 101 129 151 162 165 161 152 139 124 110 95 83 75 71 73 100 151 205 262 242
406 410 411 412 401 390 381 373 370 369 367 367 367 365 358 349 342 338 333 329 320 312 306 301 298 297 296 298 300 304 307 311 313 313 314 311 309 305 299 292 280 269 265 259 255 249 226 168 170 139 108 84 64 59 57 55 45 38 41 54 76 104 128 143 152 154 150 142 130 116 101 87 76 69 70 84 115 145 174 204 194
387 391 394 394 389 378 367 361 356 354 351 349 349 347 340 332 325 318 314 311 303 294 288 283 280 278 279 281 284 289 294 297 300 304 302 299 295 290 284 277 271 262 258 247 241 233 217 180 159 117 87 70 53 48 47 45 42 38 41 54 79 110 129 135 138 139 137 131 121 108 93 79 68 62 66 89 114 147 163 168 164
369 372 374 376 376 367 358 351 343 338 335 330 329 325 321 314 306 299 295 292 284 276 269 264 261 260 261 264 268 274 279 285 289 294 294 289 284 277 268 259 255 241 239 231 217 199 185 169 130 94 71 58 48 44 42 40 38 37 38 50 72 103 119 122 124 124 123 120 113 101 86 72 60 53 59 75 98 124 144 148 132
351 354 356 355 355 356 346 339 332 325 318 311 310 306 298 292 288 282 279 273 265 257 250 245 241 240 241 246 252 259 267 273 278 281 282 280 274 267 254 241 233 226 218 206 187 173 153 138 106 79 62 53 45 41 41 37 34 32 34 43 57 81 96 102 106 109 110 109 106 96 80 65 53 49 55 65 82 105 114 119 112
334 336 338 338 333 335 334 323 314 307 303 295 289 287 279 271 270 260 259 252 246 239 231 225 221 220 222 227 236 246 256 262 268 270 272 269 264 256 245 229 219 200 194 182 166 144 124 116 90 73 59 49 42 36 34 30 27 24 28 33 41 59 72 81 88 92 95 97 99 91 72 57 49 46 58 69 80 96 105 108 102
317 320 320 323 318 318 316 314 305 297 289 277 271 267 262 254 250 241 239 234 228 220 213 205 201 199 201 209 220 233 244 252 259 262 262 256 249 241 230 214 200 184 174 161 145 126 107 96 77 65 53 43 36 32 28 24 22 20 22 24 30 41 53 63 71 76 79 82 83 78 62 48 43 44 49 59 67 82 90 93 89
300 304 305 305 305 300 295 297 288 285 276 270 256 248 244 236 234 229 222 217 212 204 196 188 181 178 180 189 204 221 234 244 250 254 252 244 237 226 212 198 181 167 150 141 125 108 94 81 67 58 46 36 30 26 23 20 18 17 18 18 21 29 38 49 58 61 63 63 62 55 45 36 35 37 42 47 55 66 76 80 79
286 289 292 290 291 284 276 280 271 267 270 258 243 231 225 218 217 215 210 204 197 190 181 171 163 157 156 167 189 212 226 235 242 246 247 240 228 214 197 181 164 149 134 122 99 86 82 73 58 50 38 31 26 22 20 18 16 15 15 15 17 22 28 37 46 47 48 48 43 36 30 27 28 29 35 41 48 56 64 71 70
271 274 276 275 278 268 259 259 260 249 247 244 228 215 206 201 203 200 200 194 187 178 168 159 149 139 132 142 171 202 215 225 233 239 240 234 221 202 183 165 147 132 121 107 86 78 79 69 50 43 34 28 24 20 18 16 15 15 14 14 16 17 21 28 35 37 38 38 33 28 24 22 23 25 29 33 39 47 54 58 57
258 264 268 266 259 255 241 238 242 239 228 226 219 204 195 191 189 186 189 184 178 169 160 151 141 128 114 122 154 181 199 211 221 230 236 226 209 190 170 150 132 119 108 95 79 65 69 64 45 38 32 28 24 19 17 16 14 13 14 15 15 15 18 22 27 29 30 31 27 24 20 19 18 20 22 26 31 38 43 45 43
241 250 255 257 249 238 230 217 222 225 222 211 203 200 191 186 181 176 179 176 169 163 155 147 140 132 124 128 147 167 183 196 207 215 221 213 196 176 156 137 121 104 91 87 65 46 53 56 39 31 28 28 25 20 16 14 13 12 13 15 14 14 16 20 23 23 24 24 22 20 17 16 14 14 16 19 24 30 33 34 32
222 231 237 238 236 232 219 200 194 200 204 196 188 191 182 178 173 168 170 168 164 157 152 146 142 142 144 141 148 159 171 182 190 197 197 189 176 160 143 125 109 93 82 88 65 36 38 43 36 27 23 21 21 17 15 13 12 11 12 12 13 14 16 19 19 19 18 17 17 15 14 14 14 13 13 15 19 23 26 25 22
207 216 221 228 236 234 218 201 195 196 195 195 185 183 179 172 165 162 162 160 159 153 148 145 144 145 147 146 147 153 161 168 174 177 177 169 156 145 130 115 100 88 85 83 72 41 27 29 34 22 19 18 17 15 14 12 10 10 11 12 14 15 17 17 17 16 14 14 14 13 12 13 12 11 10 12 15 18 19 18 15
192 204 211 220 231 225 215 199 195 191 199 201 191 179 172 167 160 157 155 154 153 150 145 143 141 141 142 141 143 146 151 155 158 160 158 151 142 131 118 103 91 84 78 73 71 46 22 23 31 22 17 14 14 14 13 12 11 10 10 11 12 13 14 14 13 12 11 10 10 9 9 10 10 9 9 9 11 14 15 14 11
179 190 198 208 217 219 210 204 200 200 205 204 195 186 171 166 161 155 149 149 148 145 141 138 136 135 135 134 135 137 140 142 144 144 143 137 129 119 107 96 86 77 70 66 65 46 21 26 30 21 15 13 13 12 12 11 11 10 9 10 10 11 11 10 10 9 9 8 8 8 8 8 7 7 7 8 9 11 11 11 10
164 175 184 194 204 203 195 190 189 189 192 199 200 185 173 167 159 151 145 145 141 138 135 132 129 127 126 125 126 127 129 131 132 131 128 124 118 109 100 90 81 72 65 60 59 44 23 29 29 20 16 14 12 11 12 12 10 9 8 9 9 9 8 7 7 7 7 7 7 8 7 7 6 5 6 6 6 7 7 8 8
148 156 165 174 183 188 184 182 182 182 182 188 182 181 170 159 153 149 143 140 134 131 129 125 122 119 117 116 116 116 118 119 119 119 118 114 108 100 93 85 76 68 61 56 51 35 24 27 24 20 18 16 13 11 11 10 9 8 8 7 7 7 6 6 5 5 6 6 7 9 8 7 5 5 5 5 5 6 6 7 7
133 144 153 161 169 177 180 179 180 181 178 177 174 168 162 155 147 143 138 134 130 125 122 118 114 110 107 105 105 106 106 108 109 109 107 104 100 94 86 78 71 63 56 51 42 32 25 22 21 20 16 14 11 9 9 9 8 7 6 6 6 6 6 6 5 4 4 6 6 8 7 6 5 4 3 3 4 4 4 5 5
