Part_1_SDMs/env_data/future_climate_2070_RCP_8.5/bioclim_1.asc
NCOLS 444 
NROWS 438 
XLLCORNER -19 
YLLCORNER -35 
CELLSIZE 0.166666666666667 
NODATA_value -32768 
[rows 105 to 139 of 438, columns 158 to 236 of 444]
324 322 321 321 320 319 318 314 313 315 317 320 322 324 325 326 326 327 326 325 324 323 322 322 321 320 320 319 318 317 316 315 315 313 311 310 310 308 307 308 306 305 302 300 299 298 297 296 295 294 296 295 294 290 288 286 288 286 275 260 260 257 274 279 275 231 213 246 272 272 282 286 291 294 297 295 297 299 299
325 323 323 322 320 318 316 304 308 313 317 320 323 325 326 326 327 327 327 326 325 324 323 322 321 321 320 319 318 318 317 316 316 315 310 309 310 309 307 307 306 304 302 300 298 297 296 296 295 296 295 293 294 290 286 292 296 292 284 277 262 273 282 282 284 247 201 243 261 268 284 292 290 294 296 298 299 300 301
326 324 325 321 320 313 309 293 302 312 317 321 323 325 326 326 327 327 326 326 326 325 324 323 322 321 321 320 319 318 317 317 316 314 311 312 312 311 308 306 305 303 301 299 298 297 296 296 296 295 295 295 293 295 298 298 301 300 294 285 279 270 284 289 285 264 217 231 259 270 290 291 292 294 296 299 300 301 302
328 327 325 321 321 315 311 298 302 312 317 320 323 325 326 326 326 326 326 326 326 325 324 323 323 322 321 320 319 319 319 318 317 313 311 311 311 310 308 307 304 303 301 299 298 297 296 296 295 295 296 295 295 300 299 299 303 304 302 295 285 278 275 291 290 274 218 196 254 282 294 296 295 296 297 299 301 301 302
329 327 326 324 321 321 318 313 306 312 317 319 322 324 325 325 326 326 326 326 326 325 325 324 323 322 321 321 320 320 319 318 317 314 312 312 311 310 309 307 305 303 301 299 297 297 296 295 295 296 297 295 297 301 299 301 305 306 304 301 294 286 289 297 294 280 236 214 265 285 294 300 299 299 298 299 300 300 301
329 329 326 325 324 320 317 314 310 314 318 319 321 322 323 324 325 326 326 326 326 326 325 324 323 322 322 321 320 320 319 319 318 314 312 312 312 311 309 307 305 303 301 300 298 297 295 295 296 297 298 297 300 302 301 303 307 307 305 305 302 295 291 300 297 294 285 278 288 295 300 302 302 302 300 298 299 299 300
330 328 327 325 321 320 317 315 309 313 317 320 320 321 322 323 324 325 326 326 326 325 325 324 324 323 322 321 321 320 319 318 318 315 312 312 312 311 309 307 306 304 302 300 297 295 295 296 296 297 298 299 301 303 303 306 307 305 307 307 305 303 302 303 302 301 300 300 296 297 301 303 304 303 301 299 299 299 298
331 329 327 324 323 320 317 300 283 301 314 315 320 321 321 322 324 324 325 325 325 325 325 324 324 323 322 322 321 320 319 318 318 316 312 312 312 311 310 308 306 304 301 299 297 296 296 297 297 297 299 301 302 305 304 308 307 308 306 309 307 307 306 303 303 303 305 306 304 297 300 301 304 304 301 300 298 296 295
331 329 327 324 322 320 318 284 270 295 302 310 317 319 321 322 323 324 324 325 325 325 324 324 324 323 322 322 321 320 319 318 317 316 312 312 313 311 309 307 305 303 300 298 298 298 297 297 298 299 301 304 305 306 307 309 309 309 308 309 308 309 307 306 307 306 309 310 309 300 300 299 303 303 300 298 298 297 297
332 330 327 324 322 321 316 303 288 288 281 304 304 312 321 322 323 324 324 324 324 324 324 324 324 323 322 321 320 320 319 318 317 316 312 313 312 311 309 307 305 302 301 300 299 298 298 298 300 302 304 305 306 307 308 310 311 311 310 310 309 310 309 310 309 309 310 311 311 308 303 303 303 303 300 298 296 294 295
331 330 328 323 322 311 310 308 298 300 302 305 294 304 318 322 323 323 322 324 324 324 324 324 323 323 322 321 320 319 319 318 318 317 313 313 312 311 309 307 305 303 302 301 300 299 299 300 301 304 306 306 307 308 309 310 311 312 311 311 311 311 311 310 310 310 310 312 313 312 308 306 304 303 301 299 297 296 292
330 329 327 323 322 318 315 312 303 303 299 300 297 296 313 321 323 323 323 323 324 324 323 323 322 322 321 320 320 319 319 318 317 317 315 314 313 311 309 308 306 304 303 302 301 300 300 301 303 306 308 307 308 310 311 312 312 314 313 313 312 312 311 310 310 311 312 312 312 312 309 307 305 303 301 300 298 296 295
328 327 326 321 320 318 315 311 303 291 298 307 310 301 312 321 323 323 323 323 323 323 323 322 322 321 321 320 320 319 319 318 317 317 316 314 313 312 310 309 307 305 304 303 302 302 302 303 304 307 309 310 310 312 312 314 315 316 316 316 314 313 313 311 311 311 311 310 312 311 309 307 305 304 301 300 299 297 297
329 326 325 321 319 314 311 303 292 295 300 307 313 314 318 321 322 323 323 323 323 323 322 322 322 321 320 320 320 320 320 319 319 318 317 316 314 313 311 310 308 306 305 304 304 303 304 305 307 308 310 312 313 313 315 316 317 318 318 318 317 315 314 313 313 313 312 312 310 310 309 308 307 305 303 301 300 299 297
328 326 325 321 320 317 311 307 287 289 304 311 313 317 320 321 322 322 323 323 322 322 322 322 321 321 320 320 320 320 320 320 319 319 318 317 316 314 312 311 309 308 307 306 305 305 306 307 309 310 312 313 315 315 317 317 318 319 320 320 319 317 316 314 314 316 318 317 314 312 310 310 309 306 304 304 303 301 300
329 327 325 322 319 312 302 301 282 294 301 310 315 318 320 321 321 322 322 322 322 322 321 321 321 321 321 321 321 321 320 320 320 319 319 318 317 315 313 312 310 309 308 307 307 307 308 309 311 312 313 314 316 317 318 319 320 321 322 321 320 319 317 316 316 316 316 318 318 317 315 311 309 308 307 306 305 304 303
328 327 324 322 319 313 298 282 263 298 304 307 311 315 319 321 321 321 322 322 321 321 321 321 321 321 321 321 321 321 321 321 321 320 320 319 317 316 314 313 312 311 310 309 309 309 310 311 312 313 315 316 317 319 320 322 322 323 326 326 322 320 319 318 317 317 316 317 318 318 316 313 311 311 310 309 308 308 306
328 327 325 324 319 312 306 300 292 306 309 311 315 316 319 321 321 321 321 321 321 321 321 320 320 320 320 320 321 321 321 321 321 321 321 320 318 317 315 314 313 312 311 311 311 312 312 313 315 316 317 319 320 321 322 324 326 327 328 328 328 326 322 321 321 321 320 319 319 318 317 317 316 314 313 312 311 310 310
329 328 326 323 319 312 310 309 311 311 313 315 318 318 319 320 321 322 321 321 320 320 320 320 320 320 320 320 321 321 321 321 321 321 321 320 318 317 316 315 314 313 313 313 313 314 315 316 317 318 319 321 322 323 324 326 328 329 329 330 330 329 327 326 326 325 324 323 322 321 321 321 320 317 316 315 314 314 313
330 328 325 322 318 317 311 309 316 317 318 319 321 321 321 320 321 321 321 321 320 320 319 319 319 319 320 320 320 320 320 321 320 320 320 319 319 318 317 316 315 315 315 315 315 316 317 318 319 320 321 322 323 324 326 327 328 330 331 331 331 331 331 330 330 329 328 327 326 326 325 324 322 320 318 318 317 317 316
331 330 328 325 324 323 321 321 320 320 321 321 321 320 319 319 321 321 321 320 320 320 319 318 319 318 319 319 320 320 320 320 320 320 320 319 319 318 318 317 317 317 317 316 317 318 319 320 321 322 323 324 325 326 327 328 329 331 331 332 332 333 333 333 333 332 332 332 331 329 327 326 324 322 321 321 320 320 319
332 331 329 329 328 328 327 324 323 323 324 324 323 322 320 320 322 321 320 320 320 320 319 318 317 318 319 319 319 319 319 319 320 320 320 320 319 319 319 318 318 318 318 318 318 319 319 321 322 323 324 325 326 327 328 329 330 331 332 333 334 334 335 335 335 335 335 334 332 331 330 329 326 325 325 323 323 322 321
332 332 331 330 330 329 325 325 326 326 326 326 322 322 319 321 322 321 320 320 319 319 319 318 317 317 318 318 318 318 319 319 319 319 320 320 320 319 319 319 319 319 319 319 319 320 320 321 322 324 325 326 327 328 328 329 330 331 332 333 334 335 336 336 337 337 337 335 335 334 333 331 329 328 327 326 325 324 323
332 332 332 332 331 330 330 328 328 328 327 324 322 323 320 322 323 322 321 320 319 319 318 318 317 316 316 317 317 318 318 319 319 319 320 320 320 321 320 320 320 320 320 320 320 320 321 322 323 324 325 326 327 328 329 330 330 331 332 334 335 335 336 337 338 338 338 338 338 337 335 333 332 331 330 328 327 326 325
330 330 329 329 329 330 328 328 328 327 324 323 322 322 322 323 322 322 321 320 319 318 318 318 314 314 315 316 317 317 318 319 319 320 320 321 321 322 321 321 321 321 321 321 321 321 321 322 324 324 325 326 327 328 329 330 330 331 332 334 335 336 337 338 339 340 340 340 340 339 336 335 334 333 332 330 329 328 327
327 328 328 328 327 327 327 327 327 324 324 323 322 323 323 323 322 322 321 320 319 318 318 317 313 313 315 316 317 317 318 319 320 320 321 321 322 322 322 322 322 322 322 322 322 322 322 324 325 326 326 327 327 328 329 329 329 330 331 333 335 336 337 339 339 341 342 341 341 340 338 337 336 335 333 332 331 329 328
328 328 327 326 326 326 327 327 326 324 324 323 324 324 324 323 322 321 320 319 318 318 317 316 311 313 315 316 317 318 319 320 321 321 322 322 322 323 323 323 322 322 323 323 323 323 324 325 326 327 328 328 329 329 329 329 329 329 331 332 334 335 337 338 339 340 342 343 342 340 339 338 337 336 334 333 332 331 330
327 327 327 327 328 327 327 326 325 325 325 325 325 324 324 323 322 321 320 319 318 317 318 317 312 314 316 317 318 319 320 320 321 322 323 323 323 323 323 324 324 324 324 324 324 325 325 326 327 328 329 329 330 331 331 331 331 331 332 333 334 336 337 338 339 340 342 342 341 340 339 339 338 337 335 334 333 332 332
328 328 328 328 327 327 326 326 326 326 325 326 325 324 324 323 322 321 319 318 318 317 317 317 316 316 317 318 319 319 320 321 322 323 323 324 324 324 324 324 324 324 325 325 326 326 326 327 328 328 329 330 331 332 333 333 333 333 333 334 335 336 337 339 340 341 342 341 340 340 339 339 338 337 336 336 335 334 333
328 328 328 328 327 326 326 326 327 326 326 326 325 325 324 323 322 320 319 318 317 316 316 317 317 317 318 318 319 320 321 322 323 323 324 324 324 325 325 325 325 325 326 326 327 327 328 328 329 330 330 331 332 332 333 334 335 335 335 336 337 337 338 339 340 341 341 340 339 339 339 339 338 338 337 336 336 335 334
328 327 326 327 327 326 326 326 327 326 325 325 325 324 323 322 321 320 319 317 317 316 316 316 317 317 318 319 319 320 321 322 323 323 324 324 325 325 325 325 325 326 326 327 327 328 329 329 330 331 332 332 333 334 335 335 336 337 337 338 338 338 339 340 340 340 340 339 339 338 338 338 338 338 338 337 336 336 335
328 327 327 327 327 327 327 327 326 325 325 324 324 324 323 321 320 319 318 317 317 316 316 317 317 318 318 319 320 320 321 322 322 323 324 324 325 325 325 325 326 326 326 327 328 329 330 330 331 332 333 334 334 335 336 337 338 338 338 339 339 340 340 340 340 340 339 338 338 338 338 338 339 338 338 338 337 336 335
328 327 328 327 327 328 327 326 325 323 323 324 324 322 321 320 319 318 318 317 316 316 316 317 317 318 318 319 320 321 321 322 322 323 324 324 325 325 326 326 326 326 327 327 328 329 330 331 332 333 334 335 336 337 338 338 339 340 340 340 340 340 340 340 340 339 338 338 337 337 338 338 339 339 339 338 338 337 336
328 328 328 328 327 327 326 325 323 322 323 323 323 322 321 320 318 318 317 316 316 316 316 317 317 318 319 319 320 321 321 322 322 323 324 324 325 325 326 326 326 327 327 328 329 330 331 332 333 334 335 336 337 338 339 339 340 341 341 341 341 341 340 340 339 339 338 337 337 338 338 338 339 339 339 339 338 338 337
328 328 327 327 327 327 326 325 323 324 323 323 322 321 320 319 317 316 315 315 315 316 316 317 317 318 319 319 320 320 321 322 322 323 324 325 325 326 326 326 327 327 328 329 329 330 332 333 334 336 337 338 338 339 340 341 341 341 342 341 341 341 340 340 339 339 338 337 338 338 338 339 339 339 339 339 339 339 337
