Part_1_SDMs/env_data/future_climate_2070_RCP_8.5/bioclim_16.asc
NCOLS 444 
NROWS 438 
XLLCORNER -19 
YLLCORNER -35 
CELLSIZE 0.166666666666667 
NODATA_value -32768 
[rows 280 to 314 of 438, columns 158 to 236 of 444]
-32768 -32768 -32768 -32768 -32768 -32768 -32768 -32768 -32768 -32768 -32768 -32768 -32768 -32768 -32768 -32768 -32768 -32768 -32768 -32768 -32768 -32768 -32768 -32768 -32768 -32768 -32768 -32768 -32768 -32768 -32768 -32768 -32768 -32768 -32768 335 375 416 447 470 493 541 616 640 667 655 638 618 601 593 572 557 560 588 604 604 594 598 635 625 609 608 621 619 628 639 651 657 653 656 656 656 652 652 650 650 651 653 650
-32768 -32768 -32768 -32768 -32768 -32768 -32768 -32768 -32768 -32768 -32768 -32768 -32768 -32768 -32768 -32768 -32768 -32768 -32768 -32768 -32768 -32768 -32768 -32768 -32768 -32768 -32768 -32768 -32768 -32768 -32768 -32768 -32768 -32768 334 344 383 415 448 474 501 544 582 620 671 678 660 635 611 592 569 547 534 558 588 597 597 599 613 609 609 606 613 628 625 641 644 644 641 643 648 651 647 646 641 640 642 643 639
-32768 -32768 -32768 -32768 -32768 -32768 -32768 -32768 -32768 -32768 -32768 -32768 -32768 -32768 -32768 -32768 -32768 -32768 -32768 -32768 -32768 -32768 -32768 -32768 -32768 -32768 -32768 -32768 -32768 -32768 -32768 -32768 -32768 -32768 360 376 406 433 457 492 514 550 586 644 687 694 675 647 618 593 567 548 537 546 567 591 597 631 634 607 612 602 612 627 629 637 636 634 633 633 637 645 640 638 631 630 632 632 631
-32768 -32768 -32768 -32768 -32768 -32768 -32768 -32768 -32768 -32768 -32768 -32768 -32768 -32768 -32768 -32768 -32768 -32768 -32768 -32768 -32768 -32768 -32768 -32768 -32768 -32768 -32768 -32768 -32768 -32768 -32768 -32768 -32768 -32768 393 411 443 460 482 511 530 544 575 611 670 697 679 647 620 594 567 551 545 546 553 580 609 651 653 606 603 601 613 623 621 623 628 630 630 627 628 635 635 629 624 620 620 619 622
-32768 -32768 -32768 -32768 -32768 -32768 -32768 -32768 -32768 -32768 -32768 -32768 -32768 -32768 -32768 -32768 -32768 -32768 -32768 -32768 -32768 -32768 -32768 -32768 -32768 -32768 -32768 -32768 -32768 -32768 -32768 -32768 -32768 -32768 410 450 489 520 531 530 532 530 540 567 600 639 640 629 609 586 565 553 550 548 548 566 594 634 640 592 598 605 625 623 621 618 620 625 629 626 622 627 630 622 615 610 608 607 609
-32768 -32768 -32768 -32768 -32768 -32768 -32768 -32768 -32768 -32768 -32768 -32768 -32768 -32768 -32768 -32768 -32768 -32768 -32768 -32768 -32768 -32768 -32768 -32768 -32768 -32768 -32768 -32768 -32768 -32768 -32768 -32768 -32768 -32768 -32768 484 522 566 586 570 535 517 513 544 583 607 620 608 597 577 561 552 547 547 545 552 575 604 632 623 590 602 616 625 623 619 618 626 630 624 622 619 622 616 608 603 598 595 598
-32768 -32768 -32768 -32768 -32768 -32768 -32768 -32768 -32768 -32768 -32768 -32768 -32768 -32768 -32768 -32768 -32768 -32768 -32768 -32768 -32768 -32768 -32768 -32768 -32768 -32768 -32768 -32768 -32768 -32768 -32768 -32768 -32768 -32768 -32768 505 537 583 604 587 544 515 506 521 553 589 605 590 579 565 551 543 539 536 538 553 572 593 620 628 594 597 606 629 626 623 619 618 624 621 620 623 622 613 607 602 598 594 594
-32768 -32768 -32768 -32768 -32768 -32768 -32768 -32768 -32768 -32768 -32768 -32768 -32768 -32768 -32768 -32768 -32768 -32768 -32768 -32768 -32768 -32768 -32768 -32768 -32768 -32768 -32768 -32768 -32768 -32768 -32768 -32768 -32768 -32768 -32768 515 539 565 575 562 535 508 511 532 554 585 593 577 568 562 547 537 536 531 537 551 567 586 615 625 619 617 624 652 653 632 625 618 618 621 620 631 622 616 610 606 604 599 606
-32768 -32768 -32768 -32768 -32768 -32768 -32768 -32768 -32768 -32768 -32768 -32768 -32768 -32768 -32768 -32768 -32768 -32768 -32768 -32768 -32768 -32768 -32768 -32768 -32768 -32768 -32768 -32768 -32768 -32768 -32768 -32768 -32768 -32768 -32768 -32768 532 535 534 527 509 485 504 516 536 564 566 561 546 548 539 538 536 530 541 556 570 589 606 619 620 626 649 658 673 654 638 630 629 624 626 635 626 620 616 612 603 610 619
-32768 -32768 -32768 -32768 -32768 -32768 -32768 -32768 -32768 -32768 -32768 -32768 -32768 -32768 -32768 -32768 -32768 -32768 -32768 -32768 -32768 -32768 -32768 -32768 -32768 -32768 -32768 -32768 -32768 -32768 -32768 -32768 -32768 -32768 -32768 -32768 525 515 507 492 471 464 488 513 529 536 544 541 534 552 537 539 540 540 549 566 576 594 608 618 624 632 649 673 691 675 652 650 655 635 624 630 632 625 624 621 617 621 631
-32768 -32768 -32768 -32768 -32768 -32768 -32768 -32768 -32768 -32768 -32768 -32768 -32768 -32768 -32768 -32768 -32768 -32768 -32768 -32768 -32768 -32768 -32768 -32768 -32768 -32768 -32768 -32768 -32768 -32768 -32768 -32768 -32768 -32768 -32768 -32768 -32768 511 485 454 438 444 485 491 516 525 522 534 533 551 555 537 557 563 564 580 592 609 620 630 638 643 655 673 691 681 664 668 664 648 632 624 639 633 630 628 629 631 639
-32768 -32768 -32768 -32768 -32768 -32768 -32768 -32768 -32768 -32768 -32768 -32768 -32768 -32768 -32768 -32768 -32768 -32768 -32768 -32768 -32768 -32768 -32768 -32768 -32768 -32768 -32768 -32768 -32768 -32768 -32768 -32768 -32768 -32768 -32768 -32768 -32768 508 472 428 418 432 479 480 506 509 506 511 519 528 551 571 605 602 593 596 608 620 633 642 648 660 664 682 696 702 684 664 664 656 637 635 648 641 636 635 635 639 644
-32768 -32768 -32768 -32768 -32768 -32768 -32768 -32768 -32768 -32768 -32768 -32768 -32768 -32768 -32768 -32768 -32768 -32768 -32768 -32768 -32768 -32768 -32768 -32768 -32768 -32768 -32768 -32768 -32768 -32768 -32768 -32768 -32768 -32768 -32768 -32768 -32768 -32768 429 403 392 416 469 484 479 490 499 505 517 525 561 602 633 633 609 625 625 633 646 658 668 670 675 689 706 702 701 678 665 660 648 651 653 645 641 639 639 642 648
-32768 -32768 -32768 -32768 -32768 -32768 -32768 -32768 -32768 -32768 -32768 -32768 -32768 -32768 -32768 -32768 -32768 -32768 -32768 -32768 -32768 -32768 -32768 -32768 -32768 -32768 -32768 -32768 -32768 -32768 -32768 -32768 -32768 -32768 -32768 -32768 -32768 -32768 403 385 379 401 500 527 489 494 488 512 520 540 588 618 652 666 643 653 663 667 677 676 683 687 687 698 716 716 702 684 670 667 658 662 658 649 643 640 640 644 647
-32768 -32768 -32768 -32768 -32768 -32768 -32768 -32768 -32768 -32768 -32768 -32768 -32768 -32768 -32768 -32768 -32768 -32768 -32768 -32768 -32768 -32768 -32768 -32768 -32768 -32768 -32768 -32768 -32768 -32768 -32768 -32768 -32768 -32768 -32768 -32768 -32768 -32768 -32768 379 381 412 481 506 499 492 495 520 530 556 610 637 671 705 710 707 694 703 715 722 711 703 694 705 707 717 711 697 675 675 670 667 660 651 644 641 639 641 645
-32768 -32768 -32768 -32768 -32768 -32768 -32768 -32768 -32768 -32768 -32768 -32768 -32768 -32768 -32768 -32768 -32768 -32768 -32768 -32768 -32768 -32768 -32768 -32768 -32768 -32768 -32768 -32768 -32768 -32768 -32768 -32768 -32768 -32768 -32768 -32768 -32768 -32768 361 382 388 442 501 517 517 503 510 521 534 574 629 660 694 727 743 761 753 738 773 752 728 722 708 710 722 727 720 709 693 683 673 667 656 644 639 634 633 635 639
-32768 -32768 -32768 -32768 -32768 -32768 -32768 -32768 -32768 -32768 -32768 -32768 -32768 -32768 -32768 -32768 -32768 -32768 -32768 -32768 -32768 -32768 -32768 -32768 -32768 -32768 -32768 -32768 -32768 -32768 -32768 -32768 -32768 -32768 -32768 -32768 -32768 -32768 378 382 394 548 561 529 533 512 520 531 544 579 625 679 712 731 752 785 794 782 788 764 749 734 722 723 728 735 721 708 701 689 678 662 653 645 638 634 630 631 633
-32768 -32768 -32768 -32768 -32768 -32768 -32768 -32768 -32768 -32768 -32768 -32768 -32768 -32768 -32768 -32768 -32768 -32768 -32768 -32768 -32768 -32768 -32768 -32768 -32768 -32768 -32768 -32768 -32768 -32768 -32768 -32768 -32768 -32768 -32768 -32768 -32768 -32768 369 399 414 582 596 557 540 531 532 539 557 591 634 690 724 739 771 800 822 820 814 779 760 751 742 738 735 733 727 726 713 700 690 676 658 648 638 628 624 623 625
-32768 -32768 -32768 -32768 -32768 -32768 -32768 -32768 -32768 -32768 -32768 -32768 -32768 -32768 -32768 -32768 -32768 -32768 -32768 -32768 -32768 -32768 -32768 -32768 -32768 -32768 -32768 -32768 -32768 -32768 -32768 -32768 -32768 -32768 -32768 -32768 -32768 -32768 369 380 465 599 576 562 555 569 556 557 576 614 659 713 733 754 783 815 837 842 837 797 775 763 764 761 767 764 757 738 720 707 696 676 663 654 638 624 617 616 619
-32768 -32768 -32768 -32768 -32768 -32768 -32768 -32768 -32768 -32768 -32768 -32768 -32768 -32768 -32768 -32768 -32768 -32768 -32768 -32768 -32768 -32768 -32768 -32768 -32768 -32768 -32768 -32768 -32768 -32768 -32768 -32768 -32768 -32768 -32768 -32768 -32768 -32768 346 377 507 599 583 557 586 586 583 580 607 648 697 729 743 770 806 824 851 858 845 809 786 776 778 793 801 794 777 753 735 726 706 690 682 665 650 636 621 618 610
-32768 -32768 -32768 -32768 -32768 -32768 -32768 -32768 -32768 -32768 -32768 -32768 -32768 -32768 -32768 -32768 -32768 -32768 -32768 -32768 -32768 -32768 -32768 -32768 -32768 -32768 -32768 -32768 -32768 -32768 -32768 -32768 -32768 -32768 -32768 -32768 -32768 -32768 338 408 570 592 579 567 575 602 596 605 631 663 695 727 761 784 815 833 862 869 851 829 799 783 792 809 820 807 791 769 755 738 715 692 682 667 652 643 629 617 609
-32768 -32768 -32768 -32768 -32768 -32768 -32768 -32768 -32768 -32768 -32768 -32768 -32768 -32768 -32768 -32768 -32768 -32768 -32768 -32768 -32768 -32768 -32768 -32768 -32768 -32768 -32768 -32768 -32768 -32768 -32768 -32768 -32768 -32768 -32768 -32768 -32768 298 325 469 590 601 591 584 601 620 623 635 679 689 711 736 769 793 813 841 869 880 870 848 811 802 808 823 821 812 799 786 766 740 721 704 679 667 653 636 632 616 604
-32768 -32768 -32768 -32768 -32768 -32768 -32768 -32768 -32768 -32768 -32768 -32768 -32768 -32768 -32768 -32768 -32768 -32768 -32768 -32768 -32768 -32768 -32768 -32768 -32768 -32768 -32768 -32768 -32768 -32768 -32768 -32768 -32768 -32768 -32768 -32768 220 272 348 530 601 624 624 627 619 612 639 671 702 721 726 749 779 790 812 841 866 879 871 847 820 815 815 821 821 810 800 784 763 749 733 707 685 667 648 633 624 622 607
-32768 -32768 -32768 -32768 -32768 -32768 -32768 -32768 -32768 -32768 -32768 -32768 -32768 -32768 -32768 -32768 -32768 -32768 -32768 -32768 -32768 -32768 -32768 -32768 -32768 -32768 -32768 -32768 -32768 -32768 -32768 -32768 -32768 -32768 194 200 203 316 449 601 627 645 654 655 644 633 643 671 703 731 745 768 792 793 806 833 856 865 864 840 823 818 820 816 813 809 795 774 755 738 721 700 684 674 659 647 624 608 602
-32768 -32768 -32768 -32768 -32768 -32768 -32768 -32768 -32768 -32768 -32768 -32768 -32768 -32768 -32768 -32768 -32768 -32768 -32768 -32768 -32768 -32768 -32768 -32768 -32768 -32768 -32768 -32768 -32768 -32768 -32768 -32768 -32768 188 208 237 304 379 571 572 592 630 675 693 664 626 617 652 713 736 762 782 793 795 804 821 839 846 835 823 821 817 812 807 801 801 791 770 752 734 714 700 692 675 655 638 628 615 598
-32768 -32768 -32768 -32768 -32768 -32768 -32768 -32768 -32768 -32768 -32768 -32768 -32768 -32768 -32768 -32768 -32768 -32768 -32768 -32768 -32768 -32768 -32768 -32768 -32768 -32768 -32768 -32768 -32768 -32768 -32768 -32768 -32768 192 218 301 404 524 585 604 609 647 699 698 680 651 646 624 682 720 744 765 778 783 791 804 821 825 811 807 814 805 799 796 792 784 768 761 744 724 714 699 684 665 652 643 630 617 604
-32768 -32768 -32768 -32768 -32768 -32768 -32768 -32768 -32768 -32768 -32768 -32768 -32768 -32768 -32768 -32768 -32768 -32768 -32768 -32768 -32768 -32768 -32768 -32768 -32768 -32768 -32768 -32768 -32768 -32768 -32768 -32768 196 230 280 330 483 570 600 632 629 643 686 708 678 649 664 657 682 697 722 741 758 765 772 783 799 802 793 793 794 791 784 780 776 765 748 739 735 716 704 687 670 657 642 626 616 612 606
-32768 -32768 -32768 -32768 -32768 -32768 -32768 -32768 -32768 -32768 -32768 -32768 -32768 -32768 -32768 -32768 -32768 -32768 -32768 -32768 -32768 -32768 -32768 -32768 -32768 -32768 -32768 -32768 -32768 -32768 -32768 183 212 258 351 434 453 516 587 637 637 651 667 679 668 663 679 670 676 677 699 718 740 746 749 759 775 776 774 774 773 772 767 764 763 745 724 717 714 697 684 673 653 651 638 626 616 601 594
-32768 -32768 -32768 -32768 -32768 -32768 -32768 -32768 -32768 -32768 -32768 -32768 -32768 -32768 -32768 -32768 -32768 -32768 -32768 -32768 -32768 -32768 -32768 -32768 -32768 -32768 -32768 -32768 -32768 -32768 -32768 197 254 301 389 460 473 518 568 615 636 649 662 663 662 662 668 667 665 664 681 697 721 727 726 735 746 754 755 756 754 752 748 749 740 728 713 695 697 677 665 652 645 634 624 619 605 600 593
-32768 -32768 -32768 -32768 -32768 -32768 -32768 -32768 -32768 -32768 -32768 -32768 -32768 -32768 -32768 -32768 -32768 -32768 -32768 -32768 -32768 -32768 -32768 -32768 -32768 -32768 -32768 -32768 -32768 -32768 -32768 205 265 320 395 441 487 507 560 594 638 642 648 649 652 653 658 657 652 651 661 680 701 709 708 716 725 735 744 741 734 734 730 731 711 701 690 674 671 660 648 636 630 616 614 605 601 596 587
-32768 -32768 -32768 -32768 -32768 -32768 -32768 -32768 -32768 -32768 -32768 -32768 -32768 -32768 -32768 -32768 -32768 -32768 -32768 -32768 -32768 -32768 -32768 -32768 -32768 -32768 -32768 -32768 -32768 -32768 -32768 215 280 315 402 494 502 524 549 584 624 629 630 635 638 639 641 636 635 635 644 665 679 687 690 703 710 715 725 726 720 719 715 710 695 676 662 652 649 642 631 624 613 603 600 592 591 587 585
-32768 -32768 -32768 -32768 -32768 -32768 -32768 -32768 -32768 -32768 -32768 -32768 -32768 -32768 -32768 -32768 -32768 -32768 -32768 -32768 -32768 -32768 -32768 -32768 -32768 -32768 -32768 -32768 -32768 -32768 141 207 273 324 373 436 501 532 547 574 598 612 617 619 621 619 620 617 612 614 621 641 657 669 674 687 694 695 704 703 705 699 693 688 675 664 650 640 621 626 611 611 596 594 588 581 580 581 574
-32768 -32768 -32768 -32768 -32768 -32768 -32768 -32768 -32768 -32768 -32768 -32768 -32768 -32768 -32768 -32768 -32768 -32768 -32768 -32768 -32768 -32768 -32768 -32768 -32768 -32768 -32768 -32768 -32768 -32768 127 202 259 314 368 428 494 528 554 563 580 597 599 599 598 596 595 594 591 591 594 618 639 646 657 669 674 674 681 676 676 675 669 659 647 644 636 623 605 606 598 595 582 581 574 571 573 571 573
-32768 -32768 -32768 -32768 -32768 -32768 -32768 -32768 -32768 -32768 -32768 -32768 -32768 -32768 -32768 -32768 -32768 -32768 -32768 -32768 -32768 -32768 -32768 -32768 -32768 -32768 -32768 -32768 -32768 -32768 125 202 266 321 381 447 494 530 547 561 567 575 576 576 574 571 569 569 566 566 569 597 617 627 638 647 645 651 657 650 653 651 642 635 628 624 611 608 592 587 583 577 573 564 563 564 560 562 566
-32768 -32768 -32768 -32768 -32768 -32768 -32768 -32768 -32768 -32768 -32768 -32768 -32768 -32768 -32768 -32768 -32768 -32768 -32768 -32768 -32768 -32768 -32768 -32768 -32768 -32768 -32768 -32768 -32768 84 131 199 261 319 373 453 503 536 544 552 554 551 551 552 549 549 543 542 541 544 550 573 592 602 613 619 619 627 633 630 627 627 617 612 610 603 595 584 579 566 569 561 562 553 554 552 549 555 553
