Part_1_SDMs/env_data/future_climate_2070_RCP_8.5/bioclim_1.asc
NCOLS 444 
NROWS 438 
XLLCORNER -19 
YLLCORNER -35 
CELLSIZE 0.166666666666667 
NODATA_value -32768 
[rows 35 to 69 of 438, columns 237 to 315 of 444]
223 211 213 220 223 223 224 227 228 230 231 230 230 230 231 232 233 236 235 234 235 238 240 -32768 239 239 -32768 -32768 -32768 -32768 -32768 -32768 -32768 -32768 -32768 -32768 -32768 -32768 -32768 -32768 -32768 -32768 -32768 -32768 -32768 -32768 -32768 -32768 -32768 -32768 -32768 -32768 -32768 -32768 -32768 -32768 -32768 -32768 -32768 -32768 -32768 -32768 -32768 -32768 -32768 -32768 -32768 -32768 -32768 -32768 -32768 -32768 -32768 -32768 -32768 -32768 -32768 -32768 -32768
223 222 225 228 230 231 232 232 233 234 233 234 234 235 234 233 233 234 234 233 234 234 235 235 235 235 236 237 -32768 -32768 -32768 -32768 -32768 -32768 -32768 -32768 -32768 -32768 -32768 -32768 -32768 -32768 -32768 -32768 -32768 -32768 -32768 -32768 -32768 -32768 -32768 -32768 -32768 -32768 -32768 -32768 -32768 -32768 -32768 -32768 -32768 -32768 -32768 -32768 -32768 -32768 -32768 -32768 -32768 -32768 -32768 -32768 -32768 -32768 -32768 -32768 -32768 -32768 -32768
231 231 233 235 236 235 235 235 236 236 236 236 237 237 236 236 236 236 236 235 234 234 233 233 232 231 231 233 -32768 -32768 -32768 -32768 -32768 -32768 -32768 -32768 -32768 -32768 -32768 -32768 -32768 -32768 -32768 -32768 -32768 -32768 -32768 -32768 -32768 -32768 -32768 -32768 -32768 -32768 -32768 -32768 -32768 -32768 -32768 -32768 -32768 -32768 -32768 -32768 -32768 -32768 -32768 -32768 -32768 -32768 -32768 -32768 -32768 -32768 -32768 -32768 -32768 -32768 -32768
237 238 239 240 240 238 237 238 238 238 238 239 240 240 239 238 238 238 238 237 236 236 236 235 233 232 231 231 236 235 234 231 230 231 231 232 -32768 -32768 -32768 -32768 -32768 -32768 -32768 -32768 -32768 -32768 -32768 -32768 -32768 -32768 -32768 -32768 -32768 -32768 -32768 -32768 -32768 -32768 -32768 245 -32768 242 243 244 243 241 -32768 240 241 -32768 -32768 -32768 -32768 -32768 -32768 -32768 -32768 -32768 -32768
241 243 245 244 243 241 240 241 240 241 241 241 242 242 241 241 241 241 241 240 239 238 238 237 236 234 232 230 231 235 233 230 228 228 228 228 228 228 228 231 232 232 -32768 -32768 -32768 -32768 -32768 -32768 -32768 -32768 -32768 -32768 -32768 -32768 -32768 -32768 -32768 -32768 244 244 240 240 241 243 242 241 239 240 242 246 -32768 -32768 -32768 -32768 -32768 -32768 -32768 -32768 -32768
245 245 247 247 245 244 244 243 244 244 244 244 244 245 244 243 244 244 244 244 242 241 240 239 237 236 234 231 229 229 230 226 226 226 226 226 226 225 225 226 229 232 232 230 231 -32768 -32768 -32768 -32768 -32768 -32768 -32768 -32768 -32768 -32768 -32768 243 242 242 240 237 239 240 241 241 241 240 241 244 249 253 254 -32768 -32768 248 246 243 241 -32768
246 247 248 249 247 247 246 246 246 247 247 246 247 247 246 246 247 247 247 246 244 242 241 240 239 237 235 233 231 229 228 226 226 225 225 225 224 224 224 224 225 227 226 227 231 231 230 230 231 232 -32768 -32768 -32768 -32768 235 240 243 242 242 242 240 239 239 240 242 244 242 243 246 251 254 255 256 254 251 248 245 241 238
248 249 250 250 249 249 249 249 249 249 249 249 249 249 249 250 250 249 249 248 246 244 243 242 240 239 236 234 232 231 229 228 228 227 226 226 225 225 224 225 225 226 226 227 228 229 229 230 231 232 232 -32768 232 231 231 236 240 242 243 244 243 241 238 238 241 244 244 246 249 252 256 257 256 254 251 247 243 238 238
250 251 252 253 251 251 251 251 252 252 252 252 252 251 251 250 251 251 251 250 248 246 244 243 241 240 238 236 235 233 231 230 229 229 229 228 228 227 227 226 227 227 227 227 228 228 229 229 231 232 232 232 231 230 232 235 240 242 245 246 247 245 241 241 243 243 245 247 251 255 258 258 256 253 249 243 235 229 235
252 253 255 256 254 254 253 254 254 254 254 254 254 254 254 253 252 251 251 251 250 247 246 245 243 242 240 238 237 235 234 232 232 231 231 231 231 231 231 230 229 228 228 228 228 230 229 228 229 231 231 232 231 231 232 234 240 244 246 248 249 249 247 246 246 245 248 252 255 259 261 260 256 252 246 239 231 231 237
253 254 256 258 257 256 255 256 256 256 257 257 257 256 256 255 254 253 253 252 251 249 248 246 245 244 243 241 239 238 236 235 234 234 233 233 234 235 235 232 230 230 230 234 235 236 234 234 234 233 232 232 233 234 234 235 238 244 250 251 251 250 250 250 251 252 254 256 258 260 265 266 258 252 242 237 235 228 222
254 255 259 260 259 258 258 258 259 259 260 260 259 259 258 257 256 256 255 254 253 252 250 249 249 247 245 244 242 241 239 238 237 236 236 236 238 240 239 239 237 242 246 247 246 246 243 242 242 240 241 239 238 238 239 239 240 241 247 251 250 249 250 252 253 256 256 257 258 260 261 268 265 252 238 226 232 229 233
255 258 261 262 261 260 260 260 261 261 261 261 261 261 261 260 259 259 258 257 256 255 254 253 252 251 248 246 245 243 242 240 239 239 239 239 243 242 242 249 251 251 250 249 248 247 245 244 243 241 240 239 237 238 239 241 242 243 244 247 248 248 248 253 257 258 255 255 258 257 255 267 269 258 239 224 230 233 235
257 260 262 263 263 263 263 263 263 263 263 263 263 263 262 262 262 261 260 260 259 259 258 257 255 254 251 249 248 246 245 243 242 241 241 241 244 248 251 254 254 253 252 251 250 249 247 245 244 242 240 239 238 237 239 240 240 240 243 245 247 248 248 254 262 257 248 251 251 252 253 253 272 262 236 223 229 229 230
260 261 262 264 265 265 265 265 265 265 265 264 264 264 264 264 264 263 263 263 262 262 262 262 260 259 255 252 250 249 247 246 245 244 243 247 252 256 257 257 256 254 254 253 251 250 247 245 245 243 242 242 240 240 241 241 239 239 241 242 243 248 250 257 265 264 252 249 256 259 267 270 271 265 243 228 217 222 227
260 262 263 265 266 267 267 267 266 266 265 264 264 264 264 264 264 264 264 265 265 265 265 265 264 262 261 255 253 252 251 250 249 247 247 251 258 260 260 260 259 258 255 254 253 251 247 246 245 244 243 242 241 240 240 238 238 238 239 243 249 257 258 261 266 263 249 247 251 259 257 263 -32768 266 255 227 214 219 223
261 263 263 265 267 267 269 269 268 266 265 265 265 265 265 265 265 265 265 265 266 266 266 265 264 263 261 260 258 256 254 255 257 251 250 255 261 264 263 263 262 262 261 259 254 252 251 248 246 245 244 243 243 241 240 238 238 243 249 253 256 258 260 262 265 261 246 238 231 222 215 235 262 266 255 242 215 216 220
261 263 264 266 268 269 270 270 269 268 266 266 265 265 266 266 266 266 266 266 266 266 266 266 265 264 263 262 261 261 261 261 262 260 255 258 264 266 266 266 265 265 264 261 258 257 255 252 250 249 247 245 244 243 242 241 242 249 252 254 254 256 258 262 263 257 247 242 235 225 222 243 266 267 258 246 220 208 212
262 263 265 266 268 270 271 271 271 269 267 267 266 267 266 267 267 267 267 267 267 267 267 266 266 265 264 263 262 262 262 263 264 263 263 266 267 268 268 268 267 266 265 263 262 258 256 255 252 252 251 248 247 246 246 245 246 251 252 256 255 256 259 262 259 254 252 250 245 250 260 261 265 -32768 -32768 255 240 229 215
263 264 265 266 268 269 271 272 272 270 269 268 267 267 267 267 267 267 267 268 268 268 268 267 267 266 265 264 263 263 263 263 263 262 261 266 265 267 265 264 265 264 265 263 260 258 257 255 255 256 255 254 251 250 250 249 248 249 249 253 253 256 260 260 258 256 256 256 257 257 247 227 251 267 -32768 -32768 254 228 215
263 264 266 267 268 269 271 272 272 272 270 268 268 267 267 267 267 267 268 268 268 268 268 268 267 267 266 265 265 264 264 264 265 264 264 266 266 267 266 267 268 265 263 262 261 259 258 257 256 256 255 256 255 253 253 252 251 250 250 252 254 259 259 255 257 257 256 254 252 241 216 219 252 263 266 -32768 253 242 219
263 264 266 267 268 269 270 271 272 272 271 269 268 268 268 268 268 268 268 268 268 268 268 268 268 268 267 266 266 266 265 266 266 266 267 268 267 266 267 266 266 264 264 261 261 260 258 257 256 257 257 256 257 257 255 255 253 251 252 253 257 260 259 253 253 254 253 250 246 232 215 227 244 256 264 -32768 257 254 234
263 264 266 267 268 269 270 271 271 272 272 271 269 269 269 268 268 268 268 268 268 268 268 268 268 268 267 267 267 267 266 267 267 268 267 266 265 264 266 264 264 263 261 260 259 259 258 257 257 259 262 258 257 259 257 256 255 254 254 254 259 260 259 256 252 250 249 244 238 232 231 225 236 249 259 265 261 251 260
262 264 265 266 268 269 270 271 271 272 272 272 270 269 269 269 269 269 268 268 268 268 268 268 268 268 268 268 267 267 267 268 268 268 268 268 266 266 264 263 262 262 261 260 260 260 259 258 258 261 263 260 257 258 259 257 257 256 255 255 259 259 256 255 256 254 251 248 244 237 234 234 234 241 252 263 267 -32768 264
262 264 265 266 267 268 269 270 271 272 272 272 271 270 269 270 270 269 269 269 268 268 268 268 268 268 268 268 268 268 268 268 269 269 269 268 267 266 265 264 263 262 261 261 260 260 260 258 261 262 259 258 258 259 259 259 258 257 256 255 258 260 255 254 254 253 251 248 242 236 230 233 233 227 236 257 264 266 -32768
263 264 265 266 267 268 269 270 271 272 272 272 271 270 270 270 270 270 269 269 268 268 268 268 268 268 268 268 268 268 268 269 269 269 269 269 268 267 266 265 264 262 262 261 260 260 260 258 261 258 258 258 258 258 259 260 259 258 257 256 255 258 255 253 253 253 252 248 242 237 230 234 236 230 237 251 262 266 265
265 265 266 266 267 268 269 270 271 272 272 273 271 271 270 270 271 270 269 269 268 268 268 268 268 268 269 269 268 269 269 269 269 269 270 269 269 268 267 265 264 262 261 260 259 259 259 258 259 259 259 258 258 258 259 260 261 260 258 256 254 255 255 252 252 254 253 250 246 241 236 237 243 240 238 251 260 266 271
265 265 266 266 267 268 269 270 271 272 272 273 271 271 271 270 271 270 270 269 268 268 268 268 268 268 269 269 269 269 269 269 269 269 269 269 269 268 267 265 263 261 259 257 257 259 259 260 260 258 259 257 258 258 259 260 262 262 261 259 257 259 258 256 255 255 254 251 247 242 237 235 247 246 237 245 261 265 271
264 264 265 266 267 268 269 270 271 272 272 272 271 271 270 270 271 271 270 269 269 268 268 268 268 268 269 269 270 270 269 269 269 269 268 268 268 268 266 264 263 262 259 259 260 262 266 265 257 257 258 258 258 259 260 262 263 264 263 262 261 264 264 263 260 258 259 253 250 246 242 239 251 249 237 236 251 264 268
264 264 265 266 267 268 269 270 271 271 272 272 271 270 270 270 271 271 270 270 269 269 268 268 269 269 269 270 270 270 269 268 267 268 268 268 267 267 265 269 267 263 262 258 261 267 268 266 266 259 259 259 258 258 261 263 264 264 264 263 264 266 271 273 270 266 260 255 251 248 244 242 253 254 246 239 234 260 266
263 264 265 265 266 267 268 269 270 271 271 271 270 270 270 270 271 271 270 270 269 270 269 269 269 270 270 270 270 269 268 268 267 267 267 267 266 266 266 267 264 260 255 256 265 266 266 265 266 261 260 261 259 259 261 263 265 266 266 265 266 270 272 271 273 268 260 256 253 250 247 246 250 260 253 249 240 236 252
263 264 265 265 266 267 268 269 269 270 270 270 270 270 270 270 270 271 271 270 270 270 271 270 270 270 270 270 270 269 268 268 266 266 266 266 265 265 264 264 263 257 255 263 266 266 266 265 264 265 259 261 262 261 262 263 266 267 267 268 269 270 272 271 271 274 267 258 255 252 250 249 251 263 262 257 244 231 241
263 264 265 265 266 267 268 269 269 269 270 270 270 270 270 270 271 271 271 270 270 270 272 271 270 271 271 271 269 268 268 267 266 266 265 265 264 264 263 263 261 261 264 267 266 266 266 265 265 266 264 262 263 263 264 264 265 267 269 270 269 269 270 269 268 274 270 260 257 255 253 253 259 267 267 262 251 244 245
263 264 264 265 266 267 268 268 269 269 269 270 270 270 270 271 272 271 270 270 270 271 273 272 273 273 272 270 269 269 267 266 265 264 264 264 264 263 263 263 262 263 264 264 265 265 266 267 266 267 268 264 264 265 265 266 266 266 269 270 270 270 270 268 266 266 271 272 262 259 259 257 258 272 264 266 259 252 251
263 263 264 265 266 267 268 268 269 269 270 270 270 270 271 271 272 273 272 271 270 271 274 273 273 273 272 270 269 268 267 266 265 264 263 263 263 262 262 263 263 265 267 266 260 262 265 267 268 268 269 266 264 266 265 266 267 267 269 271 271 271 270 267 265 264 266 274 268 269 264 261 265 273 273 270 264 253 254
