Part_1_SDMs/env_data/future_climate_2070_RCP_8.5/bioclim_11.asc
NCOLS 444 
NROWS 438 
XLLCORNER -19 
YLLCORNER -35 
CELLSIZE 0.166666666666667 
NODATA_value -32768 
[rows 315 to 349 of 438, columns 316 to 394 of 444]
201 201 200 201 198 214 238 233 230 248 238 231 238 244 243 242 243 244 244 244 243 241 239 235 240 241 242 250 252 254 253 256 258 257 256 258 258 258 258 259 262 268 266 264 -32768 -32768 -32768 -32768 -32768 -32768 -32768 -32768 -32768 -32768 -32768 -32768 -32768 -32768 -32768 -32768 -32768 -32768 -32768 -32768 -32768 -32768 -32768 -32768 -32768 -32768 -32768 -32768 -32768 -32768 -32768 -32768 -32768 -32768 -32768
206 210 208 208 202 208 223 234 235 246 243 235 241 243 242 243 245 243 243 243 239 230 232 231 234 237 242 243 248 248 249 251 253 256 257 259 260 261 262 260 261 263 261 262 -32768 -32768 -32768 -32768 -32768 -32768 -32768 -32768 -32768 -32768 -32768 -32768 -32768 -32768 -32768 -32768 -32768 -32768 -32768 -32768 -32768 -32768 -32768 -32768 -32768 -32768 -32768 -32768 -32768 -32768 -32768 -32768 -32768 -32768 -32768
218 220 218 217 206 203 224 235 238 245 243 238 241 241 241 243 244 241 237 230 233 226 227 226 227 234 235 233 242 242 247 250 253 255 257 260 261 263 262 262 259 259 257 -32768 -32768 -32768 -32768 -32768 -32768 -32768 -32768 -32768 -32768 -32768 -32768 -32768 -32768 -32768 -32768 -32768 -32768 -32768 -32768 -32768 -32768 -32768 -32768 -32768 -32768 -32768 -32768 -32768 -32768 -32768 -32768 -32768 -32768 -32768 -32768
225 233 230 221 208 200 224 238 240 239 231 237 239 239 238 239 241 242 230 232 228 221 209 223 226 230 232 236 239 238 248 251 254 255 257 259 260 261 261 259 258 258 256 -32768 -32768 -32768 -32768 -32768 -32768 -32768 -32768 -32768 -32768 -32768 -32768 -32768 -32768 -32768 -32768 -32768 -32768 -32768 -32768 -32768 -32768 -32768 -32768 -32768 -32768 -32768 -32768 -32768 -32768 -32768 -32768 -32768 -32768 -32768 -32768
241 235 238 226 212 207 232 242 242 222 227 235 237 238 233 236 239 238 234 213 203 215 219 224 228 232 235 238 242 246 250 251 257 257 257 259 261 261 259 257 256 255 254 -32768 -32768 -32768 -32768 -32768 -32768 -32768 -32768 -32768 -32768 -32768 -32768 -32768 -32768 -32768 -32768 -32768 -32768 -32768 -32768 -32768 -32768 -32768 -32768 -32768 -32768 -32768 -32768 -32768 -32768 -32768 -32768 -32768 -32768 -32768 274
259 251 245 240 227 229 243 244 237 216 225 233 235 236 236 235 233 231 227 218 205 214 218 224 228 232 237 241 243 245 251 255 258 260 259 260 261 261 259 255 253 254 -32768 -32768 -32768 -32768 -32768 -32768 -32768 -32768 -32768 -32768 -32768 -32768 -32768 -32768 -32768 -32768 -32768 -32768 -32768 -32768 -32768 -32768 -32768 -32768 -32768 -32768 -32768 -32768 -32768 -32768 -32768 -32768 -32768 -32768 -32768 276 274
264 257 250 241 236 245 249 240 228 219 226 230 233 236 234 233 232 233 230 230 227 224 221 226 232 235 239 242 246 247 251 254 260 263 262 260 261 259 257 255 253 253 -32768 -32768 -32768 -32768 -32768 -32768 -32768 -32768 -32768 -32768 -32768 -32768 -32768 -32768 -32768 -32768 -32768 -32768 -32768 -32768 -32768 -32768 -32768 -32768 -32768 -32768 -32768 -32768 -32768 -32768 -32768 -32768 -32768 283 281 277 273
266 263 260 252 243 247 250 232 216 219 224 226 225 235 234 236 236 236 236 235 231 226 228 231 233 239 243 247 250 250 255 256 260 264 263 261 261 260 257 254 253 -32768 -32768 -32768 -32768 -32768 -32768 -32768 -32768 -32768 -32768 -32768 -32768 -32768 -32768 -32768 -32768 -32768 -32768 -32768 -32768 -32768 -32768 -32768 -32768 -32768 -32768 -32768 -32768 -32768 -32768 278 278 280 281 282 281 276 272
264 261 258 255 254 248 252 233 209 219 222 190 212 238 239 241 239 236 234 234 235 234 231 235 237 240 245 248 249 252 255 257 260 263 263 260 260 259 259 257 -32768 -32768 -32768 -32768 -32768 -32768 -32768 -32768 -32768 -32768 -32768 -32768 -32768 -32768 -32768 -32768 -32768 -32768 -32768 -32768 -32768 -32768 -32768 -32768 -32768 -32768 -32768 -32768 274 274 276 277 278 280 280 280 280 275 275
265 260 258 256 255 256 257 249 214 221 224 221 227 242 246 245 241 242 243 243 239 238 237 239 243 246 246 249 250 251 255 257 258 260 262 260 260 259 259 -32768 -32768 -32768 -32768 -32768 -32768 -32768 -32768 -32768 -32768 -32768 -32768 -32768 -32768 -32768 -32768 -32768 -32768 -32768 -32768 -32768 -32768 -32768 -32768 -32768 -32768 -32768 -32768 275 274 274 275 277 277 279 279 278 279 278 278
266 263 258 258 256 257 260 261 235 229 229 228 234 243 248 245 234 243 246 245 245 242 243 243 246 250 249 248 252 254 253 257 258 259 259 260 260 259 258 -32768 -32768 -32768 -32768 -32768 -32768 -32768 -32768 -32768 -32768 -32768 -32768 -32768 -32768 -32768 -32768 -32768 -32768 -32768 -32768 -32768 -32768 -32768 -32768 -32768 274 273 274 274 274 273 273 274 277 278 279 277 277 277 276
265 263 258 255 254 257 259 264 259 249 239 237 234 247 250 255 257 257 252 252 249 244 243 248 249 251 252 250 252 255 254 256 257 257 257 258 258 258 -32768 -32768 -32768 -32768 -32768 -32768 -32768 -32768 -32768 -32768 -32768 -32768 -32768 -32768 -32768 -32768 -32768 -32768 -32768 -32768 -32768 -32768 -32768 -32768 -32768 -32768 274 274 274 274 273 271 272 273 274 275 276 272 274 278 278
259 263 260 261 260 259 256 259 259 256 250 243 240 247 250 252 256 257 255 253 251 250 248 249 252 251 253 252 254 255 255 255 255 255 255 256 257 -32768 -32768 -32768 -32768 -32768 -32768 -32768 -32768 -32768 -32768 -32768 -32768 -32768 -32768 -32768 -32768 -32768 -32768 -32768 -32768 -32768 -32768 -32768 -32768 -32768 -32768 -32768 275 275 273 271 270 267 266 270 272 273 276 273 278 279 282
256 257 257 263 263 262 260 254 251 255 256 253 251 249 250 251 252 254 253 252 251 252 252 251 253 253 254 254 255 254 254 254 254 254 253 -32768 -32768 -32768 -32768 -32768 -32768 -32768 -32768 -32768 -32768 -32768 -32768 -32768 -32768 -32768 -32768 -32768 -32768 -32768 -32768 -32768 -32768 -32768 -32768 -32768 -32768 -32768 -32768 -32768 275 275 272 269 263 265 261 265 269 274 277 274 279 282 285
251 254 258 257 259 259 260 256 244 253 257 253 249 249 252 253 253 253 251 252 253 253 255 253 255 255 254 255 255 255 254 254 253 253 -32768 -32768 -32768 -32768 -32768 -32768 -32768 -32768 -32768 -32768 -32768 -32768 -32768 -32768 -32768 -32768 -32768 -32768 -32768 -32768 -32768 -32768 -32768 -32768 -32768 -32768 -32768 -32768 -32768 274 273 274 269 262 260 260 258 256 265 272 277 277 280 281 286
250 249 252 254 256 256 255 256 246 258 256 250 248 251 253 255 255 255 254 255 256 256 258 257 257 256 256 255 255 255 254 253 253 -32768 -32768 -32768 -32768 -32768 -32768 -32768 -32768 -32768 -32768 -32768 -32768 -32768 -32768 -32768 -32768 -32768 -32768 -32768 -32768 -32768 271 -32768 -32768 -32768 -32768 -32768 -32768 -32768 271 272 271 272 267 263 260 261 259 250 261 271 273 273 275 284 282
244 246 250 254 253 252 253 257 253 260 255 247 248 252 255 256 257 257 257 258 260 258 259 260 258 257 257 256 256 -32768 -32768 -32768 -32768 -32768 -32768 -32768 -32768 -32768 -32768 -32768 -32768 -32768 -32768 -32768 -32768 -32768 -32768 -32768 -32768 -32768 -32768 -32768 -32768 -32768 -32768 -32768 -32768 -32768 -32768 -32768 -32768 -32768 270 270 270 270 263 256 260 259 260 247 254 264 272 268 278 279 273
240 244 246 250 250 251 252 256 259 260 249 247 251 254 256 257 257 258 259 262 263 262 260 260 259 258 -32768 -32768 -32768 -32768 -32768 -32768 -32768 -32768 -32768 -32768 -32768 -32768 -32768 -32768 -32768 -32768 -32768 -32768 -32768 -32768 -32768 -32768 -32768 -32768 -32768 -32768 -32768 -32768 -32768 -32768 -32768 -32768 -32768 -32768 -32768 266 268 267 268 266 267 255 256 258 259 252 250 267 279 274 274 270 263
237 238 241 245 245 248 252 256 260 260 251 251 253 255 257 258 257 258 259 261 262 261 260 259 -32768 -32768 -32768 -32768 -32768 -32768 -32768 -32768 -32768 -32768 -32768 -32768 -32768 -32768 -32768 -32768 -32768 -32768 -32768 -32768 -32768 -32768 -32768 -32768 -32768 -32768 -32768 -32768 -32768 -32768 -32768 -32768 -32768 -32768 -32768 -32768 -32768 265 266 266 267 267 260 265 263 262 262 266 267 268 267 264 262 254 247
231 233 237 244 246 249 253 256 259 259 256 255 256 257 257 257 257 257 256 256 257 258 259 -32768 -32768 -32768 -32768 -32768 -32768 -32768 -32768 -32768 -32768 -32768 -32768 -32768 -32768 -32768 -32768 -32768 -32768 -32768 -32768 -32768 -32768 -32768 -32768 -32768 -32768 -32768 -32768 -32768 -32768 -32768 -32768 -32768 -32768 -32768 -32768 -32768 -32768 265 264 265 264 267 266 266 266 265 261 262 252 253 249 253 247 238 239
230 233 237 244 248 251 254 259 260 258 257 258 258 258 258 257 256 255 252 251 253 -32768 -32768 -32768 -32768 -32768 -32768 -32768 -32768 -32768 -32768 -32768 -32768 -32768 -32768 -32768 -32768 -32768 -32768 -32768 -32768 -32768 -32768 -32768 -32768 -32768 -32768 -32768 -32768 -32768 -32768 -32768 -32768 -32768 -32768 -32768 -32768 -32768 -32768 -32768 -32768 -32768 262 264 262 260 267 267 268 265 255 249 236 245 244 235 237 227 224
228 231 235 243 249 252 257 259 257 254 252 256 258 258 258 256 255 253 251 250 -32768 -32768 -32768 -32768 -32768 -32768 -32768 -32768 -32768 -32768 -32768 -32768 -32768 -32768 -32768 -32768 -32768 -32768 -32768 -32768 -32768 -32768 -32768 -32768 -32768 -32768 -32768 -32768 -32768 -32768 -32768 -32768 -32768 -32768 -32768 -32768 -32768 -32768 -32768 -32768 -32768 -32768 262 263 261 255 261 265 266 260 245 237 233 242 241 235 226 213 220
227 227 229 239 247 253 256 256 252 248 251 255 258 258 257 256 254 252 251 250 -32768 -32768 -32768 -32768 -32768 -32768 -32768 -32768 -32768 -32768 -32768 -32768 -32768 -32768 -32768 -32768 -32768 -32768 -32768 -32768 -32768 -32768 -32768 -32768 -32768 -32768 -32768 -32768 -32768 -32768 -32768 -32768 -32768 -32768 -32768 -32768 -32768 -32768 -32768 -32768 -32768 -32768 262 263 261 254 247 263 264 257 228 222 234 237 237 232 221 211 197
226 226 197 237 248 253 254 247 246 249 252 255 257 257 256 255 253 252 251 -32768 -32768 -32768 -32768 -32768 -32768 -32768 -32768 -32768 -32768 -32768 -32768 -32768 -32768 -32768 -32768 -32768 -32768 -32768 -32768 -32768 -32768 -32768 -32768 -32768 -32768 -32768 -32768 -32768 -32768 -32768 -32768 -32768 -32768 -32768 -32768 -32768 -32768 -32768 -32768 -32768 -32768 -32768 261 262 260 259 249 259 266 264 227 228 228 229 230 213 216 217 193
226 226 224 237 249 252 249 244 247 249 252 254 256 255 254 253 252 252 -32768 -32768 -32768 -32768 -32768 -32768 -32768 -32768 -32768 -32768 -32768 -32768 -32768 -32768 -32768 -32768 -32768 -32768 -32768 -32768 -32768 -32768 -32768 -32768 -32768 -32768 -32768 -32768 -32768 -32768 -32768 -32768 -32768 -32768 -32768 -32768 -32768 -32768 -32768 -32768 -32768 -32768 -32768 -32768 262 262 264 262 256 253 265 263 239 231 232 231 232 226 220 212 203
229 229 230 243 250 251 244 243 247 248 251 253 254 254 253 252 251 -32768 -32768 -32768 -32768 -32768 -32768 -32768 -32768 -32768 -32768 -32768 -32768 -32768 -32768 -32768 -32768 -32768 -32768 -32768 -32768 -32768 -32768 -32768 -32768 -32768 -32768 -32768 -32768 -32768 -32768 -32768 -32768 -32768 -32768 -32768 -32768 -32768 -32768 -32768 -32768 -32768 -32768 -32768 -32768 -32768 -32768 264 265 265 260 247 263 268 244 235 230 234 233 228 224 218 203
227 232 238 247 250 249 243 244 246 248 250 252 252 252 251 251 250 -32768 -32768 -32768 -32768 -32768 -32768 -32768 -32768 -32768 -32768 -32768 -32768 -32768 -32768 -32768 -32768 -32768 -32768 -32768 -32768 -32768 -32768 -32768 -32768 -32768 -32768 -32768 -32768 -32768 -32768 -32768 -32768 -32768 -32768 -32768 -32768 -32768 -32768 -32768 -32768 -32768 -32768 -32768 -32768 -32768 -32768 263 264 265 261 246 263 270 250 234 229 232 235 227 229 224 204
228 235 244 249 250 249 244 244 245 247 249 250 250 251 -32768 -32768 -32768 -32768 -32768 -32768 -32768 -32768 -32768 -32768 -32768 -32768 -32768 -32768 -32768 -32768 -32768 -32768 -32768 -32768 -32768 -32768 -32768 -32768 -32768 -32768 -32768 -32768 -32768 -32768 -32768 -32768 -32768 -32768 -32768 -32768 -32768 -32768 -32768 -32768 -32768 -32768 -32768 -32768 -32768 -32768 -32768 -32768 -32768 263 264 266 265 254 262 271 257 227 224 233 239 237 231 213 195
235 241 246 250 250 248 244 244 245 247 248 248 -32768 -32768 -32768 -32768 -32768 -32768 -32768 -32768 -32768 -32768 -32768 -32768 -32768 -32768 -32768 -32768 -32768 -32768 -32768 -32768 -32768 -32768 -32768 -32768 -32768 -32768 -32768 -32768 -32768 -32768 -32768 -32768 -32768 -32768 -32768 -32768 -32768 -32768 -32768 -32768 -32768 -32768 -32768 -32768 -32768 -32768 -32768 -32768 -32768 -32768 -32768 262 264 264 267 260 254 264 266 236 225 229 241 233 227 215 194
240 242 246 249 250 248 244 245 245 246 247 -32768 -32768 -32768 -32768 -32768 -32768 -32768 -32768 -32768 -32768 -32768 -32768 -32768 -32768 -32768 -32768 -32768 -32768 -32768 -32768 -32768 -32768 -32768 -32768 -32768 -32768 -32768 -32768 -32768 -32768 -32768 -32768 -32768 -32768 -32768 -32768 -32768 -32768 -32768 -32768 -32768 -32768 -32768 -32768 -32768 -32768 -32768 -32768 -32768 -32768 -32768 -32768 -32768 263 263 263 266 256 260 272 255 253 241 239 233 224 212 188
242 241 244 246 247 247 245 245 245 245 245 -32768 -32768 -32768 -32768 -32768 -32768 -32768 -32768 -32768 -32768 -32768 -32768 -32768 -32768 -32768 -32768 -32768 -32768 -32768 -32768 -32768 -32768 -32768 -32768 -32768 -32768 -32768 -32768 -32768 -32768 -32768 -32768 -32768 -32768 -32768 -32768 -32768 -32768 -32768 -32768 -32768 -32768 -32768 -32768 -32768 -32768 -32768 -32768 -32768 -32768 -32768 -32768 -32768 262 262 264 268 264 263 274 256 247 236 226 226 216 203 179
241 244 245 243 244 245 245 244 244 -32768 -32768 -32768 -32768 -32768 -32768 -32768 -32768 -32768 -32768 -32768 -32768 -32768 -32768 -32768 -32768 -32768 -32768 -32768 -32768 -32768 -32768 -32768 -32768 -32768 -32768 -32768 -32768 -32768 -32768 -32768 -32768 -32768 -32768 -32768 -32768 -32768 -32768 -32768 -32768 -32768 -32768 -32768 -32768 -32768 -32768 -32768 -32768 -32768 -32768 -32768 -32768 -32768 -32768 -32768 261 263 265 266 269 265 272 263 250 239 230 223 210 200 182
240 242 243 244 244 244 244 244 -32768 -32768 -32768 -32768 -32768 -32768 -32768 -32768 -32768 -32768 -32768 -32768 -32768 -32768 -32768 -32768 -32768 -32768 -32768 -32768 -32768 -32768 -32768 -32768 -32768 -32768 -32768 -32768 -32768 -32768 -32768 -32768 -32768 -32768 -32768 -32768 -32768 -32768 -32768 -32768 -32768 -32768 -32768 -32768 -32768 -32768 -32768 -32768 -32768 -32768 -32768 -32768 -32768 -32768 -32768 -32768 260 261 263 263 266 259 267 263 255 245 232 215 193 182 167
239 237 237 241 244 245 245 -32768 -32768 -32768 -32768 -32768 -32768 -32768 -32768 -32768 -32768 -32768 -32768 -32768 -32768 -32768 -32768 -32768 -32768 -32768 -32768 -32768 -32768 -32768 -32768 -32768 -32768 -32768 -32768 -32768 -32768 -32768 -32768 -32768 -32768 -32768 -32768 -32768 -32768 -32768 -32768 -32768 -32768 -32768 -32768 -32768 -32768 -32768 -32768 -32768 -32768 -32768 -32768 -32768 -32768 -32768 -32768 -32768 257 260 261 260 257 259 267 267 251 233 230 225 195 174 160
236 231 235 240 243 245 245 -32768 -32768 -32768 -32768 -32768 -32768 -32768 -32768 -32768 -32768 -32768 -32768 -32768 -32768 -32768 -32768 -32768 -32768 -32768 -32768 -32768 -32768 -32768 -32768 -32768 -32768 -32768 -32768 -32768 -32768 -32768 -32768 -32768 -32768 -32768 -32768 -32768 -32768 -32768 -32768 -32768 -32768 -32768 -32768 -32768 -32768 -32768 -32768 -32768 -32768 -32768 -32768 -32768 -32768 -32768 -32768 251 254 259 261 259 256 261 265 268 251 232 216 214 203 199 180
