Part_1_SDMs/env_data/future_climate_2070_RCP_8.5/bioclim_15.asc
NCOLS 444 
NROWS 438 
XLLCORNER -19 
YLLCORNER -35 
CELLSIZE 0.166666666666667 
NODATA_value -32768 
[rows 259 to 295 of 438, columns 246 to 327 of 444]
53 52 52 52 52 52 52 52 52 53 54 54 55 56 57 58 59 59 60 60 61 62 63 64 65 66 67 67 68 68 69 69 69 69 69 69 70 70 71 72 73 75 77 78 80 82 83 85 86 88 89 91 92 93 93 93 93 93 93 93 93 92 92 92 91 90 90 91 93 94 96 97 98 99 99 99 99 99 98 98 97 97
53 53 53 53 53 53 53 53 53 54 55 55 56 57 58 59 60 60 61 61 62 63 64 65 66 67 68 68 69 69 70 70 71 71 71 71 72 72 73 73 74 76 78 79 80 82 84 86 87 89 90 91 92 93 93 94 94 94 93 93 93 93 93 93 92 92 92 93 94 96 97 99 100 100 100 100 100 100 99 99 98 98
54 54 54 54 54 54 54 55 55 56 57 57 58 59 60 61 61 62 62 63 64 65 66 67 67 68 69 70 70 71 71 72 72 73 74 74 74 74 74 75 75 77 78 80 81 83 84 86 88 89 91 92 93 94 94 94 94 94 94 94 94 94 94 94 94 94 94 95 96 97 99 100 101 102 102 102 101 101 101 100 100 100
55 54 55 54 55 55 56 56 56 57 58 59 60 61 61 62 63 64 64 65 66 66 67 68 69 70 71 71 72 73 73 74 74 75 76 76 76 76 76 76 76 77 78 80 81 83 85 87 89 90 92 93 94 94 94 94 94 94 94 94 94 94 94 95 95 95 96 97 98 99 100 102 103 103 104 103 103 103 102 102 102 104
55 54 54 55 55 56 57 57 58 59 59 60 61 62 63 64 65 65 66 67 68 69 69 70 71 71 72 73 74 74 75 75 76 77 78 78 78 78 77 77 77 78 79 80 82 84 86 88 90 91 93 94 94 94 94 94 94 95 95 95 95 95 95 95 96 96 97 98 100 101 102 104 105 105 106 106 106 104 103 103 105 107
55 54 53 55 56 58 58 58 60 60 61 61 63 64 65 65 66 67 68 69 70 71 71 72 72 73 74 75 75 76 77 77 77 78 79 79 79 79 78 78 79 80 80 81 83 85 87 89 91 92 93 94 95 95 95 95 95 95 95 95 95 96 96 96 97 97 98 99 101 103 104 105 106 107 108 108 108 106 104 104 106 108
56 55 55 56 58 59 60 60 61 62 62 63 64 65 66 67 68 69 70 71 72 73 73 74 74 75 75 76 77 78 78 79 79 79 80 80 80 80 80 80 80 81 82 83 84 86 88 90 91 93 94 95 95 95 95 95 95 95 95 96 96 96 97 97 97 98 99 100 102 104 105 106 107 108 109 109 109 108 107 106 107 109
58 58 57 58 60 61 61 62 62 63 64 64 65 66 68 69 70 71 73 74 74 75 75 75 76 76 77 78 79 79 80 80 80 80 80 81 81 81 81 81 81 82 83 85 86 88 89 91 92 94 95 95 95 95 95 95 95 95 96 96 96 97 97 98 98 99 100 101 102 104 106 107 108 109 110 110 109 109 108 107 108 109
60 60 60 61 62 63 63 64 64 65 65 66 67 68 69 70 72 73 75 76 77 77 77 76 77 77 78 79 80 81 81 81 81 81 81 81 82 82 82 82 83 84 85 86 87 89 91 92 94 95 95 96 96 96 96 95 95 96 96 96 97 97 98 98 99 99 100 101 103 105 106 107 109 110 110 110 110 109 109 107 107 108
62 62 62 63 64 64 65 65 66 66 67 67 68 69 70 71 73 75 76 78 78 78 78 78 78 78 79 80 80 82 82 82 82 82 82 82 82 83 83 84 85 86 87 87 90 92 93 94 95 96 97 97 97 97 96 96 96 96 97 97 97 98 99 99 99 100 101 102 103 105 107 108 109 110 110 110 110 109 108 107 105 106
64 64 64 64 65 66 66 66 67 68 68 68 69 70 71 73 74 76 78 79 80 80 79 78 78 78 79 79 80 81 82 82 83 83 82 83 83 83 84 86 87 89 90 92 95 93 96 97 97 97 98 98 97 97 97 97 97 97 97 98 98 99 99 100 100 101 102 103 104 106 107 109 109 110 110 110 109 109 108 106 104 105
65 65 66 66 67 67 68 68 68 69 69 69 70 71 72 74 75 77 78 80 81 81 80 79 78 78 78 78 78 80 82 82 83 83 83 83 83 84 86 87 90 92 92 96 105 98 101 99 99 99 98 98 98 98 98 98 98 98 98 98 99 99 100 101 101 102 103 104 106 107 109 109 110 110 110 110 109 109 108 106 105 105
67 67 67 68 68 68 69 69 69 70 70 70 71 72 73 74 76 77 79 80 81 81 80 79 78 77 77 76 77 79 81 82 84 83 83 83 83 85 86 88 91 93 96 99 108 101 101 96 99 100 99 99 99 99 99 99 99 99 99 99 99 100 101 101 102 103 105 106 107 109 110 110 110 110 110 110 109 108 107 105 105 105
68 69 69 69 69 70 70 70 71 71 71 71 72 73 74 75 76 78 79 80 81 80 80 79 78 76 75 75 76 78 79 81 83 83 82 82 83 84 86 89 91 94 97 98 103 101 99 96 97 100 100 100 100 100 99 99 99 100 100 100 100 101 101 102 103 105 106 108 109 111 112 111 111 111 110 109 108 107 106 105 104 104
70 70 70 70 71 71 71 71 72 72 72 72 73 74 74 76 77 78 79 80 81 80 80 78 77 76 74 74 74 76 78 80 81 82 82 82 83 84 86 88 91 94 96 100 101 98 97 96 97 101 101 101 101 100 100 100 99 101 100 100 100 101 102 103 105 107 108 110 111 112 113 112 112 111 110 109 107 106 104 103 103 104
71 72 72 72 72 72 72 73 73 73 73 74 74 75 75 76 77 78 79 80 81 80 80 78 77 75 74 73 73 75 77 78 80 81 81 82 83 84 86 88 90 92 95 97 96 97 96 96 98 101 102 102 103 101 100 99 99 100 101 101 102 102 102 103 105 107 110 112 113 113 114 114 113 112 110 107 106 105 103 103 106 107
73 73 73 73 73 73 74 74 74 74 75 75 75 76 76 77 78 79 80 81 81 81 80 79 77 76 74 73 73 75 76 78 80 81 82 82 83 85 86 88 90 91 94 96 95 95 96 98 100 101 103 103 105 102 100 99 99 99 101 102 103 103 103 104 106 108 111 113 114 114 114 114 113 112 109 107 105 103 103 105 108 108
74 74 74 74 75 75 75 75 75 75 76 76 76 77 77 78 79 79 80 81 82 81 81 80 78 77 75 75 75 76 77 79 81 82 83 83 84 85 87 88 89 91 92 93 94 95 96 98 99 101 102 104 106 106 100 99 98 99 100 102 104 105 105 105 106 108 110 113 114 115 115 114 113 112 110 108 105 104 106 106 106 106
75 75 75 76 76 76 76 76 77 77 77 77 78 78 78 79 79 80 81 82 82 82 82 81 80 78 77 76 76 77 78 80 82 83 84 84 85 86 87 89 90 91 92 92 93 94 97 98 99 100 101 103 105 106 103 99 99 99 100 101 105 106 106 105 105 107 109 112 114 115 114 112 111 111 111 109 107 107 106 106 104 102
77 77 77 77 77 77 77 78 78 78 78 79 79 79 80 80 80 81 82 83 84 84 84 83 81 80 79 79 78 79 81 84 85 84 85 85 86 87 88 90 91 91 92 92 92 94 96 97 98 99 101 103 104 105 105 101 99 99 100 101 103 106 105 104 104 104 106 110 112 114 108 107 109 112 114 114 112 107 103 100 98 100
78 78 78 78 78 79 79 79 79 79 80 80 80 81 81 81 82 83 83 85 85 86 85 84 83 82 81 80 80 82 85 86 86 85 85 86 86 87 89 92 93 92 92 92 92 93 95 96 97 98 100 101 103 103 104 101 99 99 100 101 102 104 104 104 103 103 102 104 110 109 102 103 106 112 118 120 115 107 103 104 100 102
79 79 79 79 79 80 80 80 80 81 81 82 82 82 83 83 84 84 85 86 87 87 87 86 85 84 83 82 82 84 86 86 86 86 86 86 87 88 89 93 93 93 92 92 92 93 94 95 96 97 99 100 99 100 103 101 99 100 101 102 103 103 103 104 104 103 102 102 104 101 98 99 103 111 118 119 114 106 103 103 104 109
80 80 80 80 81 81 81 81 82 82 82 83 84 84 84 85 85 86 86 87 88 89 89 88 87 85 84 84 84 85 86 86 85 85 86 87 87 88 90 91 92 93 93 92 92 93 94 95 96 97 97 98 99 100 100 100 99 100 102 102 103 104 104 103 102 101 101 100 100 99 98 99 100 104 110 111 109 106 104 105 108 112
82 82 81 82 82 82 82 82 83 83 84 84 85 86 86 87 87 88 88 89 90 90 90 89 88 87 86 85 85 85 86 85 86 86 87 87 88 89 90 91 92 92 92 92 92 93 93 94 95 96 97 98 99 100 100 100 100 101 102 103 103 104 104 102 101 99 99 98 95 93 95 98 99 101 104 108 108 106 104 104 109 113
83 83 82 82 83 83 83 83 84 84 85 86 86 87 88 88 89 89 90 90 90 91 90 90 89 88 87 86 86 86 86 87 87 87 87 88 88 89 90 91 91 92 92 92 92 92 93 93 94 96 97 98 99 100 100 100 101 102 103 104 105 105 105 102 100 99 97 94 90 96 96 94 98 99 102 106 107 105 103 103 108 111
83 83 83 83 83 84 84 84 85 85 86 87 88 88 89 90 91 91 91 91 91 91 91 90 90 88 87 87 87 88 88 88 88 88 88 88 89 90 90 91 91 91 91 92 92 93 93 94 95 96 97 98 99 100 100 101 102 103 104 105 105 105 104 103 101 99 96 93 90 100 114 114 96 99 100 104 106 105 103 103 106 111
84 84 84 84 84 84 84 85 85 86 87 88 89 90 91 92 92 92 92 92 91 91 91 90 90 88 88 88 89 90 90 90 89 88 89 89 90 91 91 91 91 91 91 92 92 93 94 95 96 97 98 99 100 101 101 102 102 103 104 105 105 105 105 104 102 101 99 96 92 99 118 119 111 99 101 103 104 104 103 104 109 109
85 85 85 85 85 85 85 86 86 87 88 89 90 91 92 93 93 93 92 92 91 91 91 90 89 88 89 89 90 91 91 91 90 89 89 90 91 92 92 92 92 92 92 92 93 94 95 96 97 98 99 100 101 101 102 102 103 104 105 106 106 105 105 104 104 103 101 101 95 95 107 115 112 109 102 102 104 104 105 105 107 108
85 85 85 85 85 85 86 86 86 87 88 89 90 92 93 94 94 93 93 92 92 91 90 89 89 89 90 90 91 92 92 92 92 91 91 91 92 93 93 93 93 93 93 93 94 96 96 97 98 99 100 101 102 102 103 103 104 105 106 106 106 107 106 106 105 103 99 101 98 96 105 114 114 112 108 103 104 105 107 108 109 109
86 86 86 86 86 86 86 86 86 87 88 90 91 92 94 95 95 94 93 92 91 90 89 89 89 90 91 91 92 93 93 93 93 92 92 92 94 94 95 95 95 94 95 96 97 98 98 98 100 101 103 103 103 103 103 104 105 106 107 108 108 108 108 108 107 102 99 102 99 97 101 110 114 113 113 106 105 105 107 109 109 109
86 86 86 86 86 86 86 86 87 87 89 90 91 92 94 95 95 93 92 92 91 89 88 89 89 90 91 92 93 93 94 94 94 93 93 93 95 95 96 96 96 96 97 98 99 100 99 100 102 104 104 104 104 104 104 105 106 107 108 109 109 109 109 109 106 102 100 104 101 99 99 103 111 113 113 109 106 108 109 109 109 109
87 87 87 86 86 87 86 86 87 88 89 90 91 92 93 94 94 93 92 91 90 89 89 89 90 91 92 92 93 94 95 95 96 94 94 94 96 97 97 98 98 98 98 99 100 101 101 102 103 105 106 106 106 106 106 106 107 108 109 110 111 111 111 110 105 102 103 105 102 100 98 98 105 110 112 110 109 108 108 108 109 110
87 87 87 87 87 87 87 87 87 88 89 90 90 91 92 92 93 92 91 90 89 89 89 90 90 91 92 93 94 95 95 96 97 96 95 96 97 98 98 99 99 99 100 101 102 102 103 104 105 106 107 107 107 107 107 107 107 108 109 111 112 112 112 111 106 104 105 106 104 100 98 98 101 107 108 109 107 107 108 108 109 110
88 88 88 88 88 88 88 88 88 88 89 90 90 91 91 91 92 91 91 90 90 89 90 90 91 92 93 94 95 95 96 97 97 98 98 98 98 99 99 100 100 100 101 102 103 104 105 105 106 107 108 108 108 108 108 107 107 108 109 111 112 113 113 111 108 107 108 108 106 102 99 99 99 102 103 104 106 108 109 109 109 109
88 88 88 88 89 89 89 88 88 89 89 89 90 90 90 90 91 91 90 90 90 90 90 91 92 92 93 94 95 97 97 98 98 98 99 99 99 100 100 101 101 101 102 103 103 104 106 107 108 108 109 109 109 109 108 107 107 108 110 111 112 113 113 112 109 109 109 112 109 105 100 98 97 97 98 99 104 108 110 109 109 109
88 89 89 89 89 90 90 89 89 89 89 89 90 90 90 90 90 90 90 90 90 91 91 92 92 93 94 95 96 97 98 99 99 100 100 100 101 101 101 102 102 102 103 104 104 105 106 108 109 109 110 110 110 110 109 107 106 109 111 112 113 114 114 113 112 110 110 114 112 108 102 96 97 94 94 95 101 106 109 109 109 110
89 89 89 90 90 91 91 90 90 90 89 89 89 89 90 90 90 90 91 91 91 92 92 92 93 94 95 96 97 99 99 100 100 101 101 102 102 102 103 103 103 103 104 105 105 106 107 108 109 110 110 111 111 111 110 108 108 110 111 112 113 113 113 113 111 110 111 114 112 108 102 94 93 91 91 92 95 104 108 109 109 110
