Part_1_SDMs/env_data/future_climate_2070_RCP_8.5/bioclim_19.asc
NCOLS 444 
NROWS 438 
XLLCORNER -19 
YLLCORNER -35 
CELLSIZE 0.166666666666667 
NODATA_value -32768 
[rows 36 to 71 of 438, columns 240 to 319 of 444]
108 100 91 79 66 53 42 34 32 32 33 36 39 42 43 42 43 44 47 51 55 61 68 71 59 -32768 -32768 -32768 -32768 -32768 -32768 -32768 -32768 -32768 -32768 -32768 -32768 -32768 -32768 -32768 -32768 -32768 -32768 -32768 -32768 -32768 -32768 -32768 -32768 -32768 -32768 -32768 -32768 -32768 -32768 -32768 -32768 -32768 -32768 -32768 -32768 -32768 -32768 -32768 -32768 -32768 -32768 -32768 -32768 -32768 -32768 -32768 -32768 -32768 -32768 -32768 -32768 -32768 -32768 -32768
91 83 76 66 56 46 37 32 29 28 29 31 33 35 36 36 38 40 42 46 50 55 62 67 69 -32768 -32768 -32768 -32768 -32768 -32768 -32768 -32768 -32768 -32768 -32768 -32768 -32768 -32768 -32768 -32768 -32768 -32768 -32768 -32768 -32768 -32768 -32768 -32768 -32768 -32768 -32768 -32768 -32768 -32768 -32768 -32768 -32768 -32768 -32768 -32768 -32768 -32768 -32768 -32768 -32768 -32768 -32768 -32768 -32768 -32768 -32768 -32768 -32768 -32768 -32768 -32768 -32768 -32768 -32768
78 72 65 57 48 41 34 29 27 26 26 26 27 29 30 31 32 35 37 40 43 47 51 55 56 45 53 60 68 72 73 74 75 -32768 -32768 -32768 -32768 -32768 -32768 -32768 -32768 -32768 -32768 -32768 -32768 -32768 -32768 -32768 -32768 -32768 -32768 -32768 -32768 -32768 -32768 -32768 90 -32768 81 84 108 94 82 -32768 58 55 -32768 -32768 -32768 -32768 -32768 -32768 -32768 -32768 -32768 -32768 -32768 -32768 -32768 -32768
70 64 58 51 43 37 31 27 25 23 23 23 24 25 26 27 29 30 32 34 36 39 42 45 46 46 47 54 60 66 67 69 71 74 63 64 64 64 64 -32768 -32768 -32768 -32768 -32768 -32768 -32768 -32768 -32768 -32768 -32768 -32768 -32768 -32768 -32768 -32768 80 81 77 90 82 83 75 66 59 48 47 40 -32768 -32768 -32768 -32768 -32768 -32768 -32768 -32768 -32768 -32768 -32768 -32768 127
64 59 52 46 40 34 30 26 23 22 21 21 21 21 22 23 24 26 28 29 31 33 35 38 40 43 45 49 55 58 60 62 65 67 70 59 60 60 57 53 54 56 -32768 -32768 -32768 -32768 -32768 -32768 -32768 -32768 -32768 -32768 -32768 83 83 76 71 82 70 61 56 50 45 43 43 40 39 29 31 -32768 -32768 51 54 58 55 -32768 -32768 69 84 103
60 54 49 43 37 32 27 24 22 20 19 18 19 19 20 20 21 22 24 25 26 28 30 32 35 38 41 44 48 51 53 55 58 61 63 65 53 53 53 53 52 49 51 56 59 59 60 -32768 -32768 -32768 -32768 64 71 74 95 83 71 61 52 43 40 36 33 33 34 34 32 31 34 37 41 43 46 45 46 47 50 58 70 80
57 52 46 40 35 29 26 23 20 19 17 17 17 17 17 17 18 19 20 22 23 25 26 28 30 33 36 39 42 44 47 50 52 54 57 58 60 60 61 61 61 46 47 51 53 55 54 52 -32768 51 53 56 59 78 72 62 53 46 41 36 33 29 27 27 28 27 26 26 29 33 37 38 40 42 44 43 47 48 57 65
54 49 43 37 32 28 24 21 18 17 16 15 15 15 14 14 15 16 17 18 20 21 22 24 26 28 31 34 37 39 41 43 46 48 49 51 52 53 54 55 56 57 58 59 61 47 47 47 48 48 47 46 60 59 53 46 39 34 31 29 28 24 22 23 25 23 22 21 24 27 30 34 37 42 48 43 40 46 55 57
52 46 40 35 30 25 22 19 17 16 15 14 14 13 14 14 14 14 15 16 16 18 19 21 22 24 26 29 32 35 37 38 40 42 44 45 46 48 49 50 51 51 51 53 54 54 54 41 40 39 39 48 48 45 41 36 31 27 25 23 21 19 18 18 19 19 17 16 18 22 25 29 34 40 42 36 36 46 47 46
49 42 37 32 27 23 20 18 16 15 13 12 12 12 12 12 12 12 13 14 15 15 17 18 20 22 23 26 27 30 31 33 35 36 36 38 40 42 43 43 42 43 43 44 45 45 45 45 44 43 41 41 41 38 33 28 25 23 21 19 17 15 15 16 16 16 15 13 14 17 21 27 31 32 38 45 35 36 38 43
45 39 33 28 24 21 18 16 14 12 11 11 10 10 10 10 10 11 11 11 12 13 14 15 17 18 20 22 24 25 27 29 30 31 32 33 33 35 34 32 33 33 34 35 36 35 36 35 35 35 34 33 32 31 29 24 21 20 18 17 15 15 16 16 16 15 14 13 11 13 19 26 33 29 33 31 31 32 33 36
41 35 30 25 22 18 16 14 12 10 10 9 8 8 7 8 8 8 8 9 9 10 11 13 14 15 17 19 21 22 24 26 27 26 27 28 26 26 27 27 28 29 29 30 30 30 30 30 30 30 29 28 27 25 24 22 20 18 17 17 14 14 17 17 16 15 14 15 11 10 14 22 29 26 25 25 26 27 30 31
36 30 25 22 18 15 13 11 10 9 7 7 7 7 7 6 6 6 7 7 7 8 9 10 11 13 14 16 17 19 20 22 23 23 22 22 21 22 22 23 24 24 24 25 25 25 26 26 25 25 25 23 22 22 21 19 18 16 15 15 13 12 17 19 17 16 16 15 16 10 12 20 25 21 21 22 22 24 26 28
30 25 21 17 14 12 10 9 8 7 7 6 5 5 5 5 5 5 5 6 6 6 7 8 9 10 11 13 14 16 17 18 18 17 17 17 18 18 19 19 20 20 21 21 22 21 22 21 20 20 20 18 18 18 18 17 16 15 13 13 12 10 12 16 17 13 12 10 10 10 10 15 18 22 19 19 20 20 22 22
25 21 17 13 11 9 8 8 6 6 5 5 5 5 5 4 4 4 4 4 4 5 5 5 7 9 9 10 11 12 14 15 14 13 13 14 14 15 15 16 16 17 17 18 18 18 18 17 17 17 16 16 16 16 16 15 13 11 8 8 8 7 10 15 15 14 11 12 11 -32768 9 11 16 19 17 17 18 18 19 19
21 16 13 10 8 7 6 5 5 5 5 5 4 4 3 3 3 3 3 3 3 4 5 5 5 6 7 8 9 9 11 12 12 11 10 11 11 12 12 12 13 14 14 14 15 15 15 14 14 14 14 14 13 13 11 9 8 7 6 5 6 6 8 14 17 19 23 26 17 9 9 10 11 17 16 15 17 18 19 18
16 12 9 7 6 5 5 5 5 4 4 3 2 2 2 2 2 2 2 3 3 3 4 5 5 4 5 5 6 7 8 9 9 8 8 9 9 10 10 10 10 11 11 11 11 11 11 11 11 11 11 11 11 10 8 7 6 6 4 4 5 6 8 12 13 16 19 21 14 8 8 8 9 14 17 15 16 21 21 20
13 9 7 4 4 3 3 3 3 3 2 2 2 2 2 2 2 2 2 2 2 2 2 3 4 4 4 4 4 5 6 7 7 7 7 7 7 7 7 8 8 8 8 8 8 9 8 8 8 8 8 8 8 7 6 5 5 5 5 4 5 6 7 9 10 11 10 7 7 7 -32768 -32768 8 9 10 13 17 22 19 15
10 7 5 3 3 3 3 3 3 2 2 2 2 2 2 2 2 2 2 2 2 2 2 2 2 4 4 4 4 4 5 6 5 6 6 6 7 6 6 6 7 7 7 7 7 7 6 6 6 6 6 6 6 5 5 5 4 5 4 3 4 5 6 6 7 7 7 9 14 8 4 -32768 -32768 6 10 11 12 16 14 12
8 6 4 3 3 3 3 2 2 2 2 2 2 2 2 2 2 2 2 2 2 2 2 2 2 2 3 4 4 4 4 5 5 5 5 5 5 5 6 6 6 6 6 5 5 5 4 4 4 4 4 4 4 4 4 4 4 4 2 3 5 5 5 5 6 7 9 16 15 7 5 5 -32768 6 7 10 12 12 13 9
6 5 3 3 3 3 2 1 1 1 1 1 1 1 1 1 1 1 1 2 2 2 2 2 2 2 2 3 3 3 3 3 3 4 4 4 3 4 5 4 4 4 4 4 4 4 4 3 3 3 3 3 3 4 4 4 4 2 2 3 5 5 5 5 6 7 10 15 11 7 6 5 -32768 6 6 9 10 23 15 9
6 3 3 3 3 1 0 0 0 1 1 1 1 1 1 1 1 1 1 1 1 2 2 2 2 2 2 2 3 3 3 3 3 3 3 3 3 3 3 4 4 4 4 4 4 3 2 1 2 2 1 2 2 2 2 2 2 1 1 2 3 5 5 5 6 8 9 9 10 7 6 5 5 6 7 6 7 21 16 8
4 3 3 3 2 0 0 0 0 0 0 0 0 0 0 0 0 0 0 1 1 1 1 1 2 2 2 2 2 2 3 3 3 3 3 3 3 3 3 3 4 4 4 3 2 2 1 1 1 1 1 1 1 1 1 1 1 1 1 3 4 3 4 5 5 6 7 7 7 7 7 5 5 5 -32768 7 6 8 13 5
3 3 3 3 0 0 0 0 0 0 0 0 0 0 0 0 0 0 0 0 0 0 0 1 1 1 2 2 2 2 2 2 3 3 3 3 3 3 3 3 2 2 2 1 2 1 1 1 1 1 1 1 1 1 1 1 1 1 1 2 3 3 3 5 5 6 7 8 7 7 7 7 5 5 5 -32768 5 5 7 4
3 3 3 1 0 0 0 0 0 0 0 0 0 0 0 0 0 0 0 0 0 0 0 0 0 1 1 1 1 1 2 2 2 2 2 3 2 2 2 2 2 2 1 1 1 1 1 1 1 1 1 1 1 1 1 1 1 1 1 2 3 3 3 4 5 5 6 7 7 6 7 6 4 4 5 5 5 4 4 3
3 3 1 0 0 0 0 0 0 0 0 0 0 0 0 0 0 0 0 0 0 0 0 0 0 0 1 1 1 1 1 1 1 1 1 1 1 2 2 2 2 1 1 1 1 1 1 1 1 1 1 1 1 1 1 1 1 1 2 2 2 3 3 3 4 4 5 6 5 4 5 5 4 4 3 2 2 -32768 3 2
3 1 0 0 0 0 0 0 0 0 0 0 0 0 0 0 0 0 0 0 0 0 0 0 0 0 0 1 1 1 1 1 1 1 1 1 1 1 2 2 2 1 1 1 1 1 1 1 1 1 1 1 1 1 1 1 1 1 2 2 2 3 3 3 3 4 4 5 6 4 4 4 4 3 1 1 1 1 1 -32768
1 0 0 0 0 0 0 0 0 0 0 0 0 0 0 0 0 0 0 0 0 0 0 0 0 0 0 1 1 1 1 1 1 1 1 1 1 1 1 2 2 1 1 1 1 1 1 1 1 1 1 1 1 1 1 1 1 1 1 1 2 2 3 3 3 3 4 4 4 3 3 4 4 3 1 1 0 1 1 -32768
0 0 0 0 0 0 0 0 0 0 0 0 0 0 0 0 0 0 0 0 0 0 0 0 0 0 0 0 1 1 1 1 1 1 1 1 1 1 1 1 2 1 1 1 1 1 1 1 1 1 1 1 1 1 1 1 1 1 0 0 0 2 3 3 3 3 3 3 3 3 3 3 3 4 1 0 0 1 -32768 -32768
0 0 0 0 0 0 0 0 0 0 0 0 0 0 0 0 0 0 0 0 0 0 0 0 0 0 0 0 1 1 1 1 1 1 1 1 1 1 1 2 2 1 1 1 1 1 1 1 1 1 1 1 1 1 0 0 0 0 0 0 1 2 2 3 3 3 3 3 3 3 1 3 3 4 4 2 0 0 -32768 -32768
0 0 0 0 0 0 0 0 0 0 0 0 0 0 0 0 0 0 0 0 0 0 0 0 0 0 0 0 0 1 1 1 1 1 1 1 1 1 1 1 1 1 1 1 1 1 1 1 1 1 1 1 1 0 0 0 0 0 0 0 1 1 1 2 3 3 3 3 3 3 1 0 1 3 4 3 1 0 0 -32768
0 0 0 0 0 0 0 0 0 0 0 0 0 0 0 0 0 0 0 0 0 0 0 0 0 0 0 0 0 1 1 1 1 1 1 1 1 1 1 1 0 0 1 1 1 1 1 1 1 1 1 1 1 0 0 0 0 0 0 0 1 1 1 1 2 2 2 3 3 2 0 0 0 2 3 3 1 0 0 -32768
0 0 0 0 0 0 0 0 0 0 0 0 0 0 0 0 0 0 0 0 0 0 0 0 0 0 0 0 0 1 1 1 1 1 1 1 1 1 1 1 0 0 0 0 0 0 0 0 1 1 0 0 0 0 0 0 0 0 0 0 1 1 1 0 0 1 1 1 2 2 0 0 0 1 2 2 1 0 0 -32768
0 0 0 0 0 0 0 0 0 0 0 0 0 0 0 0 0 0 0 0 0 0 0 0 0 0 0 0 0 0 1 1 1 1 1 1 1 1 0 0 0 0 0 0 0 0 0 0 0 0 0 0 0 0 0 0 0 0 0 0 1 1 1 1 1 1 1 1 1 1 0 0 0 0 2 1 0 0 0 0
0 0 0 0 0 0 0 0 0 0 0 0 0 0 0 0 0 0 0 0 0 0 0 0 0 0 0 0 0 0 1 1 1 1 1 1 1 1 0 0 0 0 1 0 0 0 0 0 0 0 0 0 0 0 0 0 0 0 0 0 1 1 1 1 1 1 1 1 1 0 0 0 0 0 1 1 1 0 0 0
0 0 0 0 0 0 0 0 0 0 0 0 0 0 0 0 0 0 0 0 0 0 0 0 0 0 0 0 0 0 0 1 1 1 1 1 1 0 0 0 0 0 0 0 0 0 0 0 0 0 0 0 0 0 0 0 0 0 0 0 1 1 1 1 1 1 2 2 1 0 0 0 0 0 0 0 1 0 0 0
