Part_1_SDMs/env_data/future_climate_2070_RCP_8.5/bioclim_9.asc
NCOLS 444 
NROWS 438 
XLLCORNER -19 
YLLCORNER -35 
CELLSIZE 0.166666666666667 
NODATA_value -32768 
[rows 35 to 69 of 438, columns 79 to 157 of 444]
245 247 257 278 284 308 299 301 327 325 301 312 313 310 318 321 350 352 351 351 352 352 345 340 314 322 326 334 333 334 335 336 334 332 333 364 365 367 367 367 368 369 371 372 374 375 376 378 381 383 386 388 388 384 385 386 387 390 390 390 391 390 390 389 388 389 388 389 389 388 389 389 389 389 389 388 387 387 386
246 245 261 287 302 325 335 316 328 328 326 323 135 134 135 331 333 361 362 361 360 359 358 353 334 336 338 340 337 337 336 339 338 337 337 368 368 369 370 371 372 374 375 377 378 379 380 382 384 386 388 390 390 390 392 390 391 393 393 393 393 393 392 391 390 389 390 390 390 390 391 391 392 391 390 389 388 388 387
261 269 286 310 331 317 322 328 328 332 287 284 278 276 278 330 334 337 340 366 366 366 366 362 340 341 343 341 339 339 339 340 342 371 371 371 372 372 373 373 375 377 379 380 381 382 383 384 387 388 390 392 393 394 394 392 394 395 395 395 395 394 394 393 392 391 391 392 392 392 393 394 394 393 392 391 390 389 388
265 297 321 340 319 327 333 339 294 293 289 285 279 280 283 288 340 341 344 370 371 371 365 371 375 341 344 343 341 342 343 344 345 344 375 375 376 376 377 377 377 379 382 382 383 384 385 386 389 389 391 393 394 395 395 395 397 397 397 397 396 396 396 395 395 395 394 394 394 394 395 396 395 394 393 392 391 390 389
277 290 304 315 319 322 328 291 299 300 297 295 290 286 287 289 344 346 346 348 348 377 373 349 377 374 347 347 346 346 347 347 348 378 379 380 381 381 381 381 381 382 384 384 384 385 386 387 388 390 392 393 395 396 395 397 398 398 398 398 398 397 397 397 397 396 396 396 395 395 396 396 396 395 394 393 392 391 390
267 273 289 319 322 336 296 298 303 305 304 303 293 291 292 294 347 353 353 354 354 351 378 381 380 377 348 349 350 350 351 380 380 381 381 384 384 383 383 384 385 386 385 385 385 386 387 388 389 390 391 392 393 394 395 397 399 398 399 399 399 399 399 398 398 398 398 397 396 396 396 397 396 396 395 394 393 392 391
279 277 257 287 293 303 306 305 307 306 308 307 303 298 298 299 351 356 357 359 358 355 383 382 381 381 352 352 382 384 384 383 384 384 384 384 384 385 385 386 386 387 387 387 387 387 388 388 389 390 391 391 392 392 394 396 397 398 399 400 400 400 400 398 399 399 398 397 397 397 397 397 397 396 396 395 395 394 393
324 271 290 299 299 309 313 311 310 309 311 309 307 304 303 304 354 357 361 360 390 389 387 385 355 384 383 384 385 386 386 387 387 387 387 387 387 387 388 388 388 388 388 388 388 388 389 389 389 389 390 390 389 391 394 396 397 398 399 400 400 400 399 399 399 399 398 397 398 397 397 397 397 397 396 396 395 395 394
337 349 354 307 311 315 316 316 316 313 308 307 308 307 308 308 358 360 362 363 393 392 391 389 387 387 387 387 387 387 388 359 388 388 388 389 389 389 390 390 390 390 390 390 390 390 390 390 390 390 389 389 389 391 393 395 396 398 399 399 400 400 400 400 400 400 398 398 398 398 398 398 397 397 397 397 396 396 395
353 298 310 312 318 319 315 313 317 314 312 311 312 311 311 312 361 362 363 393 394 394 392 392 390 390 390 390 389 389 390 390 390 391 391 391 391 391 392 392 392 392 392 392 391 391 391 391 390 390 389 388 389 391 394 393 396 397 398 399 400 400 400 401 400 399 399 399 399 398 398 398 398 398 398 398 397 397 397
320 306 309 313 321 318 313 316 318 320 319 315 314 315 315 315 364 365 366 395 396 397 394 393 393 393 393 392 392 392 392 393 393 392 392 363 363 363 393 393 393 394 394 393 393 393 393 392 391 391 390 390 390 393 394 393 395 397 398 399 400 400 400 400 400 399 399 399 399 398 398 398 399 398 398 398 398 398 398
328 326 312 322 322 321 321 324 325 324 323 319 317 318 318 318 368 368 368 398 398 399 397 396 396 396 396 395 395 395 395 395 365 365 365 395 395 395 395 395 395 396 395 395 395 395 394 394 393 392 391 390 392 393 394 394 395 396 397 398 399 400 400 400 400 400 399 399 398 398 398 399 399 399 399 399 399 399 399
327 328 327 326 326 326 328 330 330 329 327 324 322 322 321 321 320 371 371 399 400 401 401 399 399 398 398 398 398 398 397 397 397 397 397 397 397 397 397 398 398 398 398 398 397 397 396 395 395 394 392 392 363 394 393 394 395 396 397 399 400 400 400 400 400 400 399 398 398 398 399 399 399 399 399 400 399 400 399
337 335 334 333 331 332 333 333 333 332 330 327 325 325 325 324 322 322 371 375 404 403 403 403 402 401 400 400 400 400 400 400 399 399 399 400 400 400 400 400 401 400 400 400 370 369 368 368 393 391 392 363 365 394 393 395 396 396 398 399 399 400 400 401 400 399 399 399 398 399 399 399 400 400 400 400 400 400 399
339 338 337 335 334 334 334 334 334 333 331 329 328 328 328 327 326 324 322 371 374 407 406 405 405 403 403 402 402 402 402 402 402 402 373 373 373 374 374 374 373 373 373 373 372 371 399 397 393 392 393 366 365 365 395 396 398 399 399 398 399 400 400 400 399 399 399 399 399 399 399 400 400 400 400 400 400 400 399
336 339 339 337 336 334 335 336 336 335 333 332 331 331 330 329 329 328 328 376 373 407 405 402 403 406 405 404 404 404 404 404 376 376 376 376 377 377 377 376 376 376 375 374 401 400 398 395 365 366 366 365 365 366 396 398 400 400 399 399 400 400 400 400 400 400 400 400 400 400 400 400 400 400 400 400 399 399 399
332 334 337 337 336 336 336 336 337 335 334 334 334 333 332 332 330 330 327 376 376 378 407 405 406 406 408 407 407 407 407 379 379 379 379 379 383 380 379 378 378 377 377 376 375 369 367 368 367 368 366 365 366 367 398 399 400 400 400 399 400 400 400 400 400 400 400 401 400 400 400 400 400 400 400 400 399 399 388
333 335 337 338 338 338 338 337 338 335 335 334 336 335 335 335 333 332 332 332 380 380 381 408 409 409 411 412 409 381 381 381 382 383 382 385 384 381 381 380 379 378 378 377 375 371 371 371 370 367 365 366 366 368 370 400 400 401 400 400 400 400 400 401 401 401 401 401 401 401 400 400 400 400 400 399 399 399 399
334 336 338 339 339 340 339 339 339 338 336 334 332 336 338 337 338 336 334 334 334 334 382 383 383 384 383 385 385 384 384 384 385 386 388 390 385 383 383 382 381 380 378 377 373 373 374 373 372 367 366 367 368 369 371 400 401 401 401 400 401 401 401 401 401 401 402 401 401 401 401 379 400 400 399 399 398 398 398
336 338 339 340 340 341 341 341 340 340 339 338 338 337 338 339 339 340 341 337 333 334 336 337 338 338 385 385 385 386 386 385 387 389 392 390 385 384 383 379 381 378 376 374 374 376 375 373 370 367 366 368 369 371 372 372 402 402 400 400 401 402 402 402 402 402 401 401 402 378 401 379 400 400 399 399 388 389 388
338 339 340 341 341 342 343 342 341 341 341 341 340 340 340 341 341 342 341 343 340 340 339 338 339 386 386 386 387 388 387 388 389 417 390 388 386 384 381 379 378 377 376 375 376 375 373 372 368 366 367 368 369 370 372 372 374 402 373 400 400 401 402 403 402 402 401 401 401 379 378 379 379 378 399 399 389 399 397
339 340 341 342 342 343 343 344 343 342 342 342 342 342 342 343 343 343 344 344 344 343 344 343 340 387 388 388 388 389 389 389 389 417 416 388 386 384 381 380 379 379 378 378 377 375 371 368 367 366 367 367 369 370 370 371 373 375 373 373 399 400 402 402 402 401 377 378 378 379 379 379 379 379 378 399 397 397 396
340 341 342 342 343 344 344 344 344 344 344 344 344 344 344 344 344 345 345 345 345 345 345 346 346 391 390 389 390 391 391 390 390 390 415 387 386 384 381 380 379 379 379 378 376 373 369 368 366 365 365 367 368 369 370 372 373 375 373 373 373 374 401 402 400 378 378 379 380 380 380 379 378 377 377 396 396 396 396
340 341 342 343 344 344 344 344 344 345 345 345 345 345 346 346 346 346 346 346 347 347 347 346 346 346 347 392 392 392 391 390 390 389 414 387 386 384 381 380 378 378 376 374 372 370 367 366 365 364 364 365 366 368 369 370 372 373 372 372 375 377 379 376 374 376 378 378 379 379 379 378 378 378 377 395 395 397 397
339 340 341 342 343 344 344 345 345 346 346 346 346 347 347 347 347 348 348 348 348 348 348 347 347 348 348 348 349 348 392 392 390 415 414 386 385 383 381 380 379 377 374 372 370 368 366 365 367 368 364 392 393 394 394 368 370 370 371 375 379 380 380 376 374 375 376 378 378 379 380 379 380 380 379 379 399 398 398
339 340 341 342 344 344 345 346 346 347 347 348 348 348 348 348 348 349 349 349 349 349 349 349 349 348 348 349 350 350 350 393 391 415 387 387 385 383 382 380 380 379 375 372 369 367 366 372 375 372 371 375 377 378 402 395 370 367 371 378 381 381 379 376 374 376 376 377 378 378 379 379 380 381 380 380 399 399 399
340 341 342 344 345 346 347 348 348 348 348 349 349 349 349 349 350 350 350 351 351 351 351 350 350 350 350 350 351 351 352 351 349 416 388 387 386 384 384 383 381 380 376 373 369 367 368 375 376 375 376 378 380 381 381 380 379 400 380 382 382 382 382 381 377 375 376 378 377 378 377 380 381 382 383 382 401 401 401
341 342 344 345 347 347 348 349 349 349 349 349 349 349 350 350 350 351 351 352 352 352 352 352 351 351 351 352 352 352 353 353 421 418 389 389 387 386 386 384 383 380 378 375 371 368 373 377 377 377 378 379 382 384 384 384 384 384 383 383 383 382 382 382 381 378 379 378 378 378 380 382 383 384 385 384 385 386 386
343 344 346 347 348 348 349 350 350 350 349 349 349 349 349 350 351 351 352 353 353 353 353 353 352 353 353 353 353 353 354 356 355 352 392 390 389 388 345 343 341 340 337 377 374 375 377 380 378 380 379 381 386 386 386 387 387 385 385 384 384 383 383 382 382 381 379 380 379 380 382 384 385 385 386 385 387 387 388
345 346 347 348 349 349 349 350 349 349 347 347 347 348 349 350 351 352 353 354 354 355 355 354 354 354 355 355 355 355 355 358 358 357 352 350 349 207 249 346 344 344 342 340 381 381 382 383 383 385 386 388 388 387 387 388 391 390 387 386 385 385 384 383 383 383 383 383 383 383 384 386 387 386 386 387 389 390 390
347 348 348 348 349 349 350 349 348 348 346 346 346 348 348 350 351 352 354 355 355 356 356 355 356 356 356 356 356 356 357 360 218 218 214 212 211 211 211 252 348 347 345 343 343 344 387 387 388 388 388 389 389 389 391 391 392 391 389 388 387 387 386 385 384 384 384 384 385 385 384 389 389 386 386 389 393 392 391
348 349 349 348 349 349 348 349 348 348 346 346 347 349 349 350 351 353 354 355 357 357 357 357 357 357 358 358 358 359 360 218 219 222 221 216 215 215 215 256 256 351 350 349 349 349 351 390 390 390 390 390 392 394 395 394 395 394 392 390 389 388 388 387 385 385 384 381 386 384 381 391 392 389 388 389 395 396 393
351 351 351 350 350 349 348 349 348 350 349 348 348 350 351 352 352 354 355 357 358 358 358 358 358 359 359 359 360 360 219 220 221 223 225 224 220 220 220 260 260 356 356 353 352 353 355 354 394 393 393 394 396 397 395 397 395 395 395 394 392 391 392 387 384 383 383 381 383 375 373 385 393 391 390 390 396 397 394
353 352 351 351 351 351 351 350 351 352 351 350 351 350 353 354 354 354 357 358 359 360 360 359 359 360 360 361 362 221 222 223 223 225 226 227 227 226 226 264 266 266 266 362 360 360 358 358 357 398 398 398 399 399 398 400 398 396 398 397 395 394 394 384 383 378 386 381 374 368 371 383 389 395 391 391 400 408 403
355 354 353 353 352 352 353 353 353 353 352 351 353 353 354 356 357 357 358 360 361 361 361 361 361 362 362 363 223 223 224 225 226 227 227 228 228 228 230 270 271 272 271 270 269 363 362 360 360 307 399 400 400 400 401 401 391 399 399 398 395 396 394 386 383 385 387 375 371 370 377 383 390 388 395 398 410 403 403
