Part_1_SDMs/env_data/future_climate_2070_RCP_8.5/bioclim_4.asc
NCOLS 444 
NROWS 438 
XLLCORNER -19 
YLLCORNER -35 
CELLSIZE 0.166666666666667 
NODATA_value -32768 
[rows 0 to 34 of 438, columns 79 to 157 of 444]
7202 7273 7307 7338 7398 7425 7418 7385 7392 7416 7454 7459 7421 7423 7346 7229 7219 7334 7320 7200 7076 6991 6866 6712 6667 6540 6309 6241 6145 5993 5815 5748 -32768 -32768 -32768 -32768 -32768 -32768 -32768 -32768 -32768 -32768 -32768 -32768 -32768 -32768 -32768 -32768 -32768 -32768 -32768 -32768 -32768 -32768 -32768 -32768 -32768 -32768 -32768 -32768 -32768 -32768 -32768 -32768 -32768 -32768 -32768 -32768 -32768 -32768 -32768 -32768 -32768 -32768 -32768 -32768 -32768 -32768 -32768
7039 7093 7084 7079 7134 7196 7222 7210 7234 7261 7367 7516 7471 7509 7451 7273 7149 7185 7032 6927 6892 6860 6721 6482 6329 6243 6081 6056 5922 5763 5687 -32768 -32768 -32768 -32768 -32768 -32768 -32768 -32768 -32768 -32768 -32768 -32768 -32768 -32768 -32768 -32768 -32768 -32768 -32768 -32768 -32768 -32768 -32768 -32768 -32768 -32768 -32768 -32768 -32768 -32768 -32768 -32768 -32768 -32768 -32768 -32768 -32768 -32768 -32768 -32768 -32768 -32768 -32768 -32768 -32768 -32768 -32768 -32768
6819 6834 6859 6876 6893 6931 6971 7020 7116 7159 7232 7382 7436 7404 7353 7250 7019 6916 6785 6795 6839 6744 6569 6382 6084 6090 5893 5860 5788 5647 5561 -32768 -32768 -32768 -32768 -32768 -32768 -32768 -32768 -32768 -32768 -32768 -32768 -32768 -32768 -32768 -32768 -32768 -32768 -32768 -32768 -32768 -32768 -32768 -32768 -32768 -32768 -32768 -32768 -32768 -32768 -32768 -32768 -32768 -32768 -32768 -32768 -32768 -32768 -32768 -32768 -32768 -32768 -32768 -32768 -32768 -32768 -32768 -32768
6634 6602 6596 6602 6603 6615 6660 6733 6898 7019 7106 7211 7239 7225 7203 7085 6988 7000 6821 6680 6547 6277 6067 5930 5787 5737 5633 -32768 -32768 -32768 -32768 -32768 -32768 -32768 -32768 -32768 -32768 -32768 -32768 -32768 -32768 -32768 -32768 -32768 -32768 -32768 -32768 -32768 -32768 -32768 -32768 -32768 -32768 -32768 -32768 -32768 -32768 -32768 -32768 -32768 -32768 -32768 -32768 -32768 -32768 -32768 -32768 -32768 -32768 -32768 -32768 -32768 -32768 -32768 -32768 -32768 -32768 -32768 -32768
6327 6310 6307 6300 6335 6412 6413 6440 6564 6648 6771 6810 6827 7009 7055 6983 6866 6849 6850 6784 6602 6230 5945 5552 5485 -32768 -32768 -32768 -32768 -32768 -32768 -32768 -32768 -32768 -32768 -32768 -32768 -32768 -32768 -32768 -32768 -32768 -32768 -32768 -32768 -32768 -32768 -32768 -32768 -32768 -32768 -32768 -32768 -32768 -32768 -32768 -32768 -32768 -32768 -32768 -32768 -32768 -32768 -32768 -32768 -32768 -32768 -32768 -32768 -32768 -32768 -32768 -32768 -32768 -32768 -32768 -32768 -32768 -32768
5990 5998 6034 6082 6118 6122 6091 6144 6344 6558 6624 6638 6714 6796 6997 7035 6898 6793 6479 6104 5927 5896 5619 5478 5297 -32768 -32768 -32768 -32768 -32768 -32768 -32768 -32768 -32768 -32768 -32768 -32768 -32768 -32768 -32768 -32768 -32768 -32768 -32768 -32768 -32768 -32768 -32768 -32768 -32768 -32768 -32768 -32768 -32768 -32768 -32768 -32768 -32768 -32768 -32768 -32768 -32768 -32768 -32768 -32768 -32768 -32768 -32768 -32768 -32768 -32768 -32768 6139 6186 6021 -32768 -32768 -32768 5681
5657 5664 5738 5828 5946 5821 5750 5902 6054 5999 6231 6489 6579 6401 6496 6559 6250 6310 6395 5846 5423 5417 5236 5173 -32768 -32768 -32768 -32768 -32768 -32768 -32768 -32768 -32768 -32768 -32768 -32768 -32768 -32768 -32768 -32768 -32768 -32768 -32768 -32768 -32768 -32768 -32768 -32768 -32768 -32768 -32768 -32768 -32768 -32768 -32768 -32768 5807 5976 6021 6349 6323 6135 5887 5709 5602 -32768 -32768 -32768 -32768 -32768 6005 6128 6268 6341 6105 6094 5826 6114 5853
5298 5334 5668 5670 5841 5641 5176 5185 5334 5468 5419 5677 5841 5680 5865 5971 5808 5491 5253 5139 4969 5009 5071 -32768 -32768 -32768 -32768 -32768 -32768 -32768 -32768 -32768 -32768 -32768 -32768 -32768 -32768 -32768 -32768 -32768 -32768 -32768 -32768 -32768 -32768 -32768 -32768 -32768 -32768 -32768 -32768 5346 5566 5512 5617 5906 6202 6365 6570 6687 6585 6626 6609 6081 5818 5716 5851 6010 6052 6062 6157 6369 6470 6515 6382 6270 6150 6433 6338
4968 5084 5248 5263 5321 5124 4942 5011 4842 -32768 -32768 -32768 -32768 -32768 -32768 -32768 -32768 -32768 -32768 -32768 -32768 -32768 -32768 -32768 -32768 -32768 -32768 -32768 -32768 -32768 -32768 -32768 -32768 -32768 -32768 -32768 -32768 -32768 -32768 -32768 -32768 5803 5869 6015 6459 6741 6875 6800 6470 6126 5715 5519 5644 5708 6048 6452 6679 6982 7140 7280 7290 7159 6978 6430 6227 6447 6365 6432 6484 6577 6554 6655 6730 6834 6835 6742 6729 6814 6774
4519 4711 4488 4586 4520 4490 4551 -32768 -32768 -32768 -32768 -32768 -32768 -32768 -32768 -32768 -32768 -32768 -32768 -32768 -32768 -32768 -32768 -32768 -32768 -32768 -32768 -32768 -32768 -32768 -32768 -32768 -32768 -32768 -32768 -32768 -32768 -32768 -32768 5664 5961 6085 6158 6528 6821 7055 7127 7128 6998 6711 6451 6599 7079 6975 6861 6937 7190 7378 7568 7728 7688 7395 6925 6914 7020 6909 6834 6935 6846 6842 6831 6888 6991 7041 7110 7069 7034 7047 7066
4228 4369 4137 4120 -32768 -32768 -32768 -32768 -32768 -32768 -32768 -32768 -32768 -32768 -32768 -32768 -32768 -32768 -32768 -32768 -32768 -32768 -32768 -32768 -32768 -32768 -32768 -32768 -32768 -32768 -32768 -32768 -32768 -32768 -32768 -32768 -32768 4975 5435 5919 6309 6565 6908 7124 7313 7562 7745 7674 7352 7136 7079 7244 7492 7233 7146 7217 7569 7766 7814 7835 7788 7567 7847 7695 7681 7474 7640 7702 7536 7479 7317 7229 7224 7265 7360 7271 7078 7145 7258
4138 4321 4005 -32768 -32768 -32768 -32768 -32768 -32768 -32768 -32768 -32768 -32768 -32768 -32768 -32768 -32768 -32768 -32768 -32768 -32768 -32768 -32768 -32768 -32768 -32768 -32768 -32768 -32768 -32768 -32768 -32768 -32768 -32768 -32768 5034 5217 5496 5975 6324 6642 7034 7385 7467 7625 7725 7866 7766 7609 7512 7370 7472 7565 7549 7552 7717 7885 7995 8041 8061 7958 7888 8161 8178 7942 7612 7392 7560 7720 7709 7570 7423 7329 7302 7333 7221 7207 7247 7384
4151 4303 4213 3807 -32768 -32768 -32768 -32768 -32768 -32768 -32768 -32768 -32768 -32768 -32768 -32768 4614 -32768 -32768 -32768 -32768 -32768 -32768 -32768 -32768 -32768 -32768 -32768 -32768 -32768 -32768 -32768 5267 5223 5108 5336 5656 6037 6205 6585 6950 7255 7478 7598 7633 7727 7696 7647 7724 7769 7788 7543 7586 7573 7620 7707 7939 8190 8031 7763 7773 7802 7861 8166 8166 7971 7426 7464 7696 7823 7753 7585 7352 7204 7264 7236 7210 7259 7390
4339 4619 4496 4269 -32768 -32768 -32768 -32768 -32768 -32768 -32768 -32768 -32768 -32768 -32768 -32768 -32768 -32768 -32768 -32768 -32768 -32768 -32768 -32768 -32768 -32768 -32768 -32768 4909 5034 5061 5007 5274 5402 5379 5470 5935 6424 6765 7046 7263 7454 7584 7660 7768 7786 7818 7877 7867 7824 7641 7381 7247 7222 7295 7437 7648 7733 7432 7058 6817 6733 6877 7461 7792 7855 7864 7989 8003 8065 7948 7796 7476 7169 7166 7237 7263 7327 7404
4432 4771 4708 4390 4162 -32768 -32768 -32768 -32768 -32768 -32768 -32768 -32768 -32768 -32768 -32768 -32768 -32768 -32768 -32768 -32768 -32768 -32768 -32768 -32768 -32768 -32768 5113 5189 5246 5178 5241 5528 5620 5725 6006 6653 6945 7057 7298 7446 7568 7691 7768 7798 7819 7962 8035 7958 7764 7476 7156 6919 6862 6975 7133 7302 7281 7014 6579 6336 6360 6566 7008 7458 7805 8024 8091 8173 8202 8137 8033 7807 7457 7252 7241 7272 7333 7406
4890 5275 5168 4965 4407 4277 -32768 -32768 -32768 -32768 -32768 -32768 -32768 -32768 -32768 -32768 4870 4846 -32768 -32768 -32768 -32768 -32768 -32768 -32768 -32768 4864 4977 5204 5320 5490 5892 6062 6111 6298 6671 6996 7140 7260 7393 7534 7641 7749 7805 7818 7874 7993 8074 8001 7738 7381 6966 6619 6552 6671 6939 7133 7057 6957 6625 6182 6425 6751 7174 7619 8076 8519 8658 8481 8389 8314 8134 7881 7612 7334 7126 7044 7095 7280
5282 5575 5602 5406 5419 4849 4635 4500 4411 4796 4793 4763 4982 4947 5007 4947 4948 4934 4874 -32768 -32768 -32768 -32768 -32768 4889 5115 5011 5510 5739 5859 6055 6070 6340 6559 6468 6756 7095 7402 7404 7542 7644 7729 7796 7850 7854 7914 8012 8097 8078 7812 7324 6830 6387 6303 6537 6805 6851 6946 7102 6820 6491 6743 7128 7459 7879 8302 8700 8831 8662 8562 8391 8209 7978 7736 7506 7260 7207 7258 7322
5246 5564 5691 5733 5859 5719 5480 5241 5050 5059 5200 5185 5397 5508 5434 5051 5005 5019 5259 5348 5013 5035 5135 5126 5413 5508 5499 5846 6019 6262 6299 6621 6800 6703 6724 6927 7236 7456 7527 7623 7707 7807 7845 7871 7901 7961 8009 8074 8057 7775 7358 6889 6401 6278 6515 6797 7157 7291 7296 7421 7510 7577 7532 7774 8167 8471 8741 8852 8844 8742 8556 8383 8153 7906 7679 7603 7526 7427 7509
5144 5573 5863 5886 5825 5854 5952 5792 5731 5651 5753 5744 5791 5755 5561 5325 5221 5271 5474 5419 5409 5592 5665 5775 5986 5843 6085 6325 6374 6543 6791 7148 7553 7221 7152 7364 7501 7679 7748 7736 7803 7854 7844 7818 7840 7917 7994 8016 7958 7756 7446 7072 6763 6711 7048 7418 7463 7530 7617 7714 7735 7719 7790 8040 8322 8571 8735 8847 8909 8884 8780 8586 8409 8267 8115 8010 7771 7815 7839
5503 5659 5898 5951 5963 6046 6078 6003 5935 5913 5958 6019 6051 5971 5818 5510 5260 5047 5210 5537 5749 5934 5999 6034 6225 6381 6690 6839 6820 6801 6915 7233 7453 7492 7497 7613 7756 7851 7875 7868 7886 7888 7863 7821 7821 7895 7964 7974 7913 7795 7609 7414 7372 7462 7702 7759 7786 7824 7817 7766 7776 7873 8025 8197 8408 8642 8826 8920 8949 8914 8827 8702 8585 8479 8384 8308 8236 8185 8160
5515 5641 5831 5915 6064 6190 6229 6242 6212 6195 6205 6253 6276 6268 6094 5665 4981 4598 4739 5244 5587 5895 6155 6397 6677 6856 6830 6798 6844 6846 6966 7158 7316 7419 7550 7719 7839 7918 7946 7954 7943 7938 7917 7896 7906 7936 7970 7992 7962 7921 7894 8039 8057 8114 8102 8068 8022 7971 7988 7992 7930 7943 8120 8335 8560 8762 8878 8942 8968 8949 8862 8753 8653 8559 8470 8394 8340 8300 8277
5584 5709 5857 6003 6169 6347 6459 6510 6523 6534 6541 6576 6607 6504 6324 5771 5032 4415 5059 5738 5894 6231 6454 6597 6784 6953 6939 6899 6920 6929 7001 7182 7322 7399 7578 7797 7933 7993 8016 8019 8019 8016 8005 7989 7994 8000 8021 8031 8048 8063 8093 8241 8347 8251 8170 8015 8022 8218 8184 7957 7970 8079 8248 8466 8700 8907 8990 9016 9015 8975 8905 8811 8720 8640 8554 8488 8430 8386 8348
5660 5856 5906 6048 6238 6403 6589 6695 6742 6779 6893 6966 6926 6857 6745 6223 5566 5310 5707 6065 6163 6265 6490 6699 6806 6920 7021 7106 7129 7138 7174 7284 7412 7548 7732 7978 8063 8089 8104 8128 8118 8120 8113 8098 8101 8093 8083 8115 8204 8220 8249 8273 8248 8168 8135 8055 8103 8194 8084 8057 8121 8248 8413 8617 8806 8958 9026 9043 9031 8992 8931 8858 8778 8701 8625 8566 8509 8465 8430
5825 5906 6069 6106 6292 6461 6640 6753 6832 6834 6796 6919 7047 6979 6848 6465 6160 6049 6227 6382 6461 6472 6515 6752 6935 7096 7160 7212 7243 7285 7345 7451 7566 7710 7871 8067 8188 8226 8234 8244 8247 8244 8238 8225 8234 8224 8213 8230 8227 8226 8247 8355 8296 8260 8228 8247 8194 8175 8190 8243 8327 8436 8582 8726 8868 8966 9023 9041 9030 8975 8920 8872 8821 8758 8695 8631 8582 8545 8509
5840 5893 6013 6142 6313 6520 6670 6786 6858 6877 6914 7009 7002 6973 6858 6715 6872 6916 6830 6690 6631 6691 6725 6888 7051 7171 7243 7307 7368 7434 7524 7636 7756 7916 8060 8209 8329 8369 8376 8379 8378 8392 8398 8359 8367 8360 8333 8302 8312 8221 8246 8340 8381 8391 8351 8333 8336 8366 8403 8461 8518 8595 8681 8784 8884 8966 9024 9044 9039 9003 8960 8911 8866 8814 8758 8705 8653 8607 8578
6028 6090 6209 6459 6630 6760 6779 6823 6897 6982 7160 7073 7089 7013 6923 6957 7013 6950 6851 6805 6829 6891 6963 7114 7171 7231 7330 7427 7484 7586 7705 7838 7980 8127 8233 8352 8460 8532 8550 8566 8536 8606 8578 8545 8490 8399 8396 8415 8347 8347 8362 8389 8507 8561 8542 8521 8523 8566 8595 8621 8664 8715 8783 8847 8921 8989 9040 9057 9056 9027 8986 8961 8929 8877 8816 8763 8713 8676 8648
6321 6497 6566 6782 6861 6903 6912 6891 6950 7113 7297 7364 7177 7017 7026 7071 7112 7076 7036 7029 7054 7111 7206 7289 7367 7461 7518 7591 7672 7760 7888 8024 8196 8348 8421 8517 8572 8631 8670 8716 8773 8775 8645 8666 8603 8558 8471 8455 8462 8467 8500 8574 8674 8729 8725 8716 8724 8723 8722 8739 8778 8818 8864 8916 8965 9008 9042 9056 9048 9037 9006 8985 8969 8923 8878 8827 8776 8750 8713
6526 6413 6553 6832 6960 6940 6985 7076 7026 7153 7367 7179 7061 7060 7156 7249 7301 7284 7266 7268 7298 7364 7428 7507 7587 7648 7729 7785 7853 7972 8091 8178 8311 8455 8546 8625 8693 8740 8778 8797 8769 8764 8713 8697 8660 8602 8565 8563 8587 8608 8657 8721 8779 8819 8831 8828 8828 8821 8828 8852 8858 8885 8925 8961 8995 9012 9030 9061 9068 9042 9027 9014 8994 8958 8933 8888 8842 8811 8774
6615 6522 6714 7017 7038 7118 7148 7063 7072 7133 7191 7101 7085 7169 7323 7422 7483 7489 7490 7508 7534 7603 7676 7739 7794 7855 7907 7966 8047 8184 8220 8329 8434 8540 8652 8714 8761 8800 8785 8828 8779 8752 8746 8702 8695 8681 8660 8668 8709 8750 8784 8824 8864 8893 8913 8922 8915 8903 8905 8902 8908 8933 8964 8987 9011 9021 9010 9036 9072 9057 9023 9009 9007 8992 8957 8930 8900 8868 8826
6535 6584 6878 7053 7169 7151 7056 7050 7091 7096 7132 7170 7224 7320 7484 7623 7675 7714 7747 7743 7791 7886 7977 8007 8013 8071 8114 8153 8261 8322 8392 8469 8572 8615 8650 8752 8811 8794 8792 8815 8789 8797 8739 8757 8769 8765 8776 8791 8834 8864 8893 8928 8952 8975 8998 9007 8996 8965 8957 8963 8958 8983 8999 9028 9028 9036 9039 9052 9060 9061 9034 9022 9029 9018 9001 8981 8951 8921 8884
6391 6561 6949 7133 7132 7005 7004 7048 7100 7143 7207 7297 7391 7511 7655 7785 7877 7883 7933 7924 8059 8132 8171 8197 8213 8239 8292 8353 8427 8468 8588 8588 8669 8656 8697 8770 8795 8765 8775 8803 8813 8800 8793 8808 8840 8872 8885 8911 8935 8960 8993 9019 9041 9072 9089 9097 9065 9028 9009 9014 9001 9016 9043 9041 9028 9049 9053 9068 9060 9073 9065 9065 9060 9061 9054 9024 8987 8960 8938
6578 6692 6947 7088 7074 7057 7060 7092 7143 7241 7350 7470 7588 7723 7846 7890 7921 7974 8033 8097 8205 8295 8309 8344 8335 8379 8522 8540 8546 8577 8583 8630 8627 8726 8757 8779 8740 8806 8841 8868 8872 8893 8910 8912 8944 8966 8979 9000 9020 9058 9091 9121 9147 9180 9187 9167 9132 9086 9049 9048 9034 9029 9048 9053 9059 9062 9073 9064 9078 9094 9094 9103 9103 9100 9084 9061 9031 8995 8966
7131 7192 7213 7218 7241 7399 7462 7432 7474 7546 7642 7776 7841 7917 7972 8004 8036 8097 8179 8227 8291 8346 8425 8506 8544 8527 8565 8581 8634 8686 8739 8740 8695 8744 8715 8732 8782 8845 8877 8905 8929 8961 8983 9009 9016 9037 9060 9085 9119 9158 9194 9219 9241 9266 9240 9226 9180 9143 9104 9083 9082 9078 9080 9083 9083 9083 9092 9080 9099 9115 9134 9139 9155 9152 9125 9108 9078 9038 9008
7082 7242 7407 7538 7553 7760 7600 7468 7534 7686 7755 7861 7938 8029 8095 8163 8196 8275 8312 8342 8380 8428 8494 8636 8634 8677 8643 8673 8789 8766 8745 8722 8688 8733 8757 8775 8811 8883 8921 8953 8982 9005 9028 9051 9095 9120 9140 9173 9209 9247 9284 9311 9318 9356 9323 9305 9261 9182 9136 9130 9118 9109 9107 9095 9094 9089 9079 9074 9113 9151 9173 9195 9206 9203 9185 9157 9126 9093 9041
7412 7463 7639 7692 7598 7570 7560 7622 7696 7805 7907 8013 8132 8223 8297 8347 8385 8430 8443 8513 8536 8591 8680 8827 8813 8783 8747 8711 8788 8717 8751 8710 8745 8811 8858 8856 8868 8936 8972 8994 9022 9053 9079 9106 9139 9191 9226 9252 9291 9322 9363 9398 9413 9450 9424 9358 9317 9246 9192 9172 9157 9141 9126 9124 9109 9094 9070 9080 9138 9172 9211 9241 9266 9253 9235 9209 9163 9123 9078
