Part_1_SDMs/env_data/future_climate_2070_RCP_8.5/bioclim_8.asc
NCOLS 444 
NROWS 438 
XLLCORNER -19 
YLLCORNER -35 
CELLSIZE 0.166666666666667 
NODATA_value -32768 
[rows 105 to 139 of 438, columns 158 to 236 of 444]
388 386 385 394 394 392 391 388 387 389 391 395 397 399 400 401 402 402 402 401 401 400 400 400 399 399 398 398 397 397 396 395 395 393 391 390 390 388 387 387 385 384 381 379 377 376 375 374 373 371 373 366 365 361 359 357 364 362 351 336 336 333 350 356 352 308 291 323 349 349 357 362 366 368 370 368 369 370 370
388 396 396 395 393 391 389 378 381 387 390 394 397 399 400 401 401 402 402 401 401 400 400 399 399 399 398 398 397 397 396 396 395 394 390 389 390 388 386 386 384 383 380 377 376 374 373 373 372 372 365 364 365 361 357 362 370 366 358 352 337 348 358 358 360 324 278 319 338 344 359 366 364 366 368 370 370 370 371
389 396 397 393 392 385 382 366 376 384 390 394 397 398 399 400 401 401 401 401 401 400 400 399 399 399 398 398 397 396 396 396 395 393 390 390 390 389 387 384 383 381 378 376 375 373 372 372 372 365 365 364 363 365 368 371 374 374 368 358 353 345 359 364 359 339 293 307 334 344 364 364 365 365 367 370 370 371 370
398 398 396 392 392 387 383 370 375 384 389 393 395 397 399 399 400 400 400 400 401 400 400 399 399 398 398 398 397 397 397 396 395 391 390 389 390 389 386 384 382 380 378 375 374 372 371 371 370 365 365 364 364 369 368 368 376 377 375 368 359 351 349 365 364 348 293 270 328 356 366 368 366 367 367 369 369 369 369
399 397 396 393 391 391 388 384 377 383 389 391 393 396 397 398 398 399 399 400 400 400 399 399 398 398 397 397 397 397 397 396 395 392 391 390 389 388 386 384 381 379 377 375 373 372 371 370 364 365 366 364 366 369 367 373 377 378 376 374 366 358 361 370 368 353 309 287 337 358 365 370 370 369 367 367 367 367 367
387 396 394 393 393 389 386 383 380 385 389 390 392 393 395 396 397 398 398 399 399 399 399 398 398 397 397 397 397 397 396 396 395 392 390 390 389 388 386 384 382 379 377 375 373 371 369 363 370 365 366 365 368 369 369 371 379 378 377 376 374 367 363 372 369 366 352 350 355 365 370 372 371 370 367 365 365 364 365
388 394 393 392 388 387 386 383 378 382 387 390 390 391 393 394 395 396 397 397 398 398 397 397 397 397 397 396 396 396 396 395 396 393 389 390 389 388 386 384 382 379 377 374 372 363 363 363 364 364 365 366 368 370 370 378 379 376 378 379 376 375 373 374 369 368 367 367 363 363 370 371 372 370 368 365 364 363 361
387 393 392 389 389 387 384 368 352 369 383 384 389 390 391 392 394 395 396 396 396 396 396 396 396 396 396 396 396 396 396 395 395 393 389 389 389 388 386 383 381 379 376 372 364 363 363 364 364 364 365 367 368 371 371 379 378 379 377 379 377 377 376 373 369 369 371 372 370 362 365 365 370 370 366 364 362 359 357
394 392 390 388 387 386 384 351 338 363 370 378 385 387 390 391 392 393 394 394 395 395 395 395 395 396 395 395 396 395 395 394 394 393 389 389 389 387 385 382 380 377 368 366 365 365 364 363 364 365 367 369 370 372 373 380 380 380 378 379 378 378 377 375 372 372 374 375 373 365 364 362 369 368 364 362 360 358 358
393 391 389 387 386 385 380 369 354 354 348 371 371 380 388 389 390 391 392 392 393 394 394 394 394 394 394 394 394 394 394 394 393 392 389 389 388 386 384 381 373 370 368 367 366 365 364 364 365 367 369 370 370 372 373 380 381 381 379 379 378 378 377 378 373 373 374 375 375 372 367 365 365 367 363 360 357 354 354
391 390 389 385 384 374 373 371 363 366 367 371 360 371 384 388 389 390 388 391 392 392 392 393 393 393 393 392 392 392 393 393 393 388 390 389 382 379 377 375 372 370 368 367 366 364 364 365 366 368 370 370 370 371 372 379 381 381 380 379 379 378 378 377 377 373 373 375 376 375 371 368 365 363 360 357 354 351 346
380 388 387 384 383 379 377 375 366 367 363 364 362 361 378 386 388 388 388 389 390 390 391 391 391 391 391 391 391 391 392 392 392 392 384 382 381 379 377 375 373 370 368 367 366 364 365 365 366 369 370 370 370 372 373 374 380 381 381 380 379 378 377 376 376 372 374 374 374 374 371 368 365 362 359 357 353 350 348
386 386 385 381 380 378 376 372 365 354 360 369 373 365 375 384 386 387 387 387 388 388 389 389 389 389 389 390 390 390 391 391 390 385 383 382 380 379 377 375 372 370 368 367 366 365 365 365 366 369 370 371 371 373 373 375 381 382 382 382 379 377 377 376 375 375 371 371 373 372 370 367 365 362 359 356 353 350 349
377 384 383 380 378 374 370 363 353 356 361 367 374 375 379 382 384 385 385 386 386 386 387 387 387 388 387 388 389 389 390 384 384 384 384 382 380 378 376 374 372 370 368 367 366 365 366 366 367 369 370 371 372 373 374 375 375 377 382 382 380 374 373 376 376 376 375 372 370 370 369 368 365 363 359 356 353 350 352
375 383 382 379 378 375 369 365 346 348 363 370 373 377 379 381 382 382 383 384 384 385 385 385 385 386 386 387 388 388 388 383 383 383 382 382 380 378 376 374 372 370 368 367 366 366 366 367 368 369 370 371 372 372 374 374 375 376 376 376 375 374 372 371 371 377 379 379 376 371 369 369 367 362 359 360 358 355 349
375 373 381 379 376 369 359 358 339 351 359 367 372 375 377 379 380 380 381 381 382 382 383 383 384 384 385 386 386 387 387 382 382 382 382 381 379 377 375 373 372 370 369 367 367 366 367 367 368 369 370 371 372 373 374 374 375 375 376 376 374 373 372 371 371 371 371 373 373 377 372 368 365 362 360 358 355 353 350
373 372 380 378 375 369 354 339 312 354 360 362 366 370 375 377 378 378 379 380 380 380 381 381 382 383 383 384 384 385 386 380 381 381 381 380 378 376 375 373 371 370 369 367 367 367 367 367 368 369 370 371 372 373 374 375 375 376 378 379 374 373 371 371 371 370 370 371 371 372 370 366 365 367 365 363 361 359 357
372 371 370 379 374 367 361 355 347 360 363 364 368 369 373 375 376 377 377 377 378 378 379 379 380 380 381 382 382 383 384 379 379 380 380 379 377 375 374 372 371 369 368 368 367 367 368 368 369 370 371 371 372 373 374 375 377 377 379 379 379 376 372 372 372 372 371 370 370 369 368 373 371 368 366 364 362 360 358
372 381 370 367 373 366 363 362 364 364 365 367 369 370 372 372 374 375 375 375 375 376 376 377 377 378 379 380 381 382 382 383 383 383 378 382 381 374 373 372 370 369 368 368 368 368 368 369 370 370 371 372 373 373 374 375 376 377 378 378 378 378 376 375 375 374 379 378 377 376 376 375 373 364 367 365 363 362 361
372 371 368 366 362 369 363 360 367 367 368 368 370 370 371 371 372 373 373 373 373 374 374 374 375 376 377 378 379 379 380 380 381 381 381 380 374 373 372 371 370 369 368 368 368 368 369 369 370 370 371 372 372 372 374 379 381 382 377 378 378 378 377 377 377 376 381 380 379 373 378 376 373 370 368 366 365 363 362
371 371 370 368 367 365 371 370 369 368 369 369 369 368 367 367 370 371 371 371 371 371 371 371 373 373 374 375 376 377 378 378 378 379 373 373 372 372 371 370 370 369 368 368 368 368 368 369 369 370 371 371 372 372 373 373 374 376 376 382 383 378 378 378 378 377 383 382 381 380 377 376 373 370 369 367 366 364 363
371 370 370 370 369 369 367 365 370 370 370 370 369 368 367 366 369 369 368 369 369 369 369 369 369 370 372 373 374 375 375 376 371 371 371 372 370 370 370 370 369 368 368 367 367 367 367 368 368 369 370 371 371 371 372 372 373 374 375 376 377 377 378 383 384 384 384 383 381 379 378 376 373 371 370 368 366 364 363
369 370 369 369 369 368 364 363 364 364 370 370 367 366 364 365 367 367 367 366 367 367 367 367 367 368 369 364 366 366 367 368 368 369 369 370 369 369 369 369 368 368 367 367 366 366 366 366 367 368 369 369 370 370 371 371 372 372 373 375 375 376 377 383 383 384 383 382 381 380 379 376 373 372 370 368 366 365 363
368 368 368 368 367 366 366 364 363 363 362 359 358 358 363 364 366 365 365 364 365 365 365 365 365 365 360 362 363 364 365 366 366 367 368 368 368 369 368 368 367 367 366 365 365 365 365 365 365 366 367 368 368 369 369 370 370 371 372 373 374 375 381 382 383 383 382 382 382 381 378 376 374 372 370 368 366 364 363
364 364 363 363 363 364 362 361 361 360 357 356 356 355 356 357 363 363 363 363 362 362 362 363 354 355 363 365 360 361 363 364 365 366 366 367 367 368 367 367 367 366 365 364 364 364 363 364 364 365 365 366 366 367 367 368 368 368 369 371 372 379 380 381 382 382 382 382 382 380 377 376 374 372 370 368 366 364 363
359 359 360 359 358 358 358 358 357 355 354 354 353 354 355 354 354 354 355 361 360 354 361 361 351 353 355 357 364 360 361 363 364 365 365 366 366 366 366 366 365 365 364 364 363 363 362 363 364 364 364 364 364 365 365 365 365 365 366 368 369 377 378 379 380 381 382 381 380 380 377 375 374 371 369 367 365 363 362
357 356 356 355 355 354 355 355 354 352 352 352 352 353 353 353 352 352 352 352 352 352 352 352 348 351 354 356 357 359 360 362 363 364 365 365 365 365 365 365 364 364 363 363 362 362 362 362 363 363 363 363 363 364 363 363 362 363 364 365 373 374 375 376 377 378 380 381 379 377 375 373 372 370 368 366 364 363 361
353 353 354 354 354 353 352 351 350 350 350 350 351 351 351 350 350 350 350 349 349 349 351 351 347 350 353 355 356 364 365 361 362 363 364 365 365 365 364 364 363 363 362 362 361 361 361 361 361 362 362 362 363 363 363 362 362 362 363 370 371 372 373 375 375 376 378 377 376 375 373 371 370 369 366 365 363 362 360
351 352 352 351 350 350 349 348 348 348 348 349 349 348 348 348 348 348 347 347 347 348 348 356 349 350 358 360 356 357 359 360 362 363 363 364 364 364 364 363 363 362 362 361 361 361 360 360 360 360 361 361 361 362 362 362 362 362 369 369 370 371 372 373 374 375 375 374 372 371 370 369 368 366 365 363 362 361 359
350 350 349 348 347 346 346 346 346 346 346 346 346 346 345 345 345 345 345 345 352 352 353 348 356 357 352 353 355 356 358 359 361 362 362 363 363 363 363 362 362 361 361 360 360 360 360 359 359 359 359 360 360 360 361 361 368 368 368 369 369 370 370 371 372 372 372 371 369 369 368 367 365 365 363 362 361 359 358
347 346 345 345 345 344 344 343 343 342 342 342 343 343 343 342 342 342 342 342 343 343 344 346 347 349 351 352 354 355 357 358 360 360 361 362 362 362 361 361 360 360 359 359 359 359 358 358 358 358 358 359 359 359 366 367 368 368 368 368 369 369 369 370 370 370 369 367 366 365 365 364 363 362 361 360 359 358 356
345 343 343 343 342 342 342 341 339 339 339 339 340 340 340 339 339 339 340 340 341 342 343 344 346 354 349 351 352 360 355 357 358 359 360 360 360 360 360 360 359 358 358 357 357 357 357 357 357 357 357 358 358 365 366 366 367 367 368 368 368 368 368 368 367 367 366 364 363 362 362 362 361 360 360 358 357 356 354
342 341 341 341 341 340 339 337 336 335 335 336 337 337 336 336 336 337 337 338 339 340 341 343 344 346 348 349 351 352 354 355 357 358 359 359 359 359 359 358 357 357 356 356 356 356 356 356 356 356 356 356 357 365 365 366 366 367 367 367 367 367 366 366 365 364 363 361 360 360 360 360 359 359 358 357 356 354 353
341 340 340 339 338 337 337 335 332 331 333 334 334 334 334 334 334 334 335 335 337 338 339 341 343 345 346 348 355 351 353 354 355 356 357 362 363 358 357 357 356 356 355 354 354 354 354 354 354 354 355 355 363 363 364 365 366 366 366 366 366 365 365 364 363 362 361 359 358 358 358 358 358 357 356 355 354 353 352
338 338 337 337 337 336 335 333 331 332 332 332 332 332 331 331 331 331 331 333 334 336 338 340 341 350 352 353 354 355 356 358 359 360 360 361 362 357 356 355 355 354 353 353 352 352 352 352 352 353 353 354 362 362 363 364 365 365 365 365 356 355 355 354 353 352 351 349 349 348 348 348 348 348 347 347 346 345 343
