Part_1_SDMs/env_data/future_climate_2070_RCP_8.5/bioclim_17.asc
NCOLS 444 
NROWS 438 
XLLCORNER -19 
YLLCORNER -35 
CELLSIZE 0.166666666666667 
NODATA_value -32768 
[rows 252 to 287 of 438, columns 162 to 242 of 444]
-32768 -32768 -32768 -32768 -32768 -32768 -32768 -32768 -32768 -32768 -32768 -32768 -32768 -32768 -32768 -32768 -32768 -32768 -32768 4 3 3 2 2 2 2 2 2 1 1 1 1 1 1 1 2 2 2 4 6 8 9 12 12 13 14 18 20 23 27 31 36 41 48 54 59 66 70 74 74 72 68 65 64 64 66 67 70 73 75 78 80 81 82 81 81 85 91 97 105 114
-32768 -32768 -32768 -32768 -32768 -32768 -32768 -32768 -32768 -32768 -32768 -32768 -32768 -32768 -32768 -32768 -32768 -32768 -32768 -32768 3 3 2 2 2 2 2 1 1 1 1 1 1 1 1 2 2 3 4 5 5 6 8 10 11 12 16 19 23 26 30 36 41 48 53 59 66 72 76 78 76 71 67 66 66 66 68 69 70 73 74 76 77 76 75 72 74 81 87 95 102
-32768 -32768 -32768 -32768 -32768 -32768 -32768 -32768 -32768 -32768 -32768 -32768 -32768 -32768 -32768 -32768 -32768 -32768 -32768 -32768 -32768 2 2 2 2 2 1 1 1 1 1 1 2 2 3 3 3 4 4 4 4 5 6 8 9 12 15 19 23 26 31 36 41 47 52 59 66 72 77 79 79 75 70 69 68 67 68 68 70 70 72 72 72 72 69 67 69 74 81 87 93
-32768 -32768 -32768 -32768 -32768 -32768 -32768 -32768 -32768 -32768 -32768 -32768 -32768 -32768 -32768 -32768 -32768 -32768 -32768 -32768 -32768 -32768 2 2 2 1 1 1 2 3 2 2 2 2 3 3 2 4 4 4 4 5 6 8 9 11 15 19 23 26 32 36 41 46 51 58 65 70 75 78 78 76 73 71 69 70 69 69 69 69 69 69 69 67 66 65 67 71 75 80 85
-32768 -32768 -32768 -32768 -32768 -32768 -32768 -32768 -32768 -32768 -32768 -32768 -32768 -32768 -32768 -32768 -32768 -32768 -32768 -32768 -32768 -32768 2 2 1 1 1 2 3 4 4 4 3 3 2 2 2 3 4 4 5 5 7 8 9 11 14 19 23 26 33 36 41 45 51 58 63 68 73 76 78 77 76 73 71 71 69 69 70 68 68 68 67 64 63 63 65 67 71 76 80
-32768 -32768 -32768 -32768 -32768 -32768 -32768 -32768 -32768 -32768 -32768 -32768 -32768 -32768 -32768 -32768 -32768 -32768 -32768 -32768 -32768 -32768 -32768 1 1 1 1 2 3 5 5 5 5 4 3 2 2 2 3 4 4 6 6 8 9 11 15 19 23 27 33 37 41 46 50 56 62 66 71 74 77 79 78 75 72 71 72 71 70 68 67 65 63 62 62 62 63 66 69 72 76
-32768 -32768 -32768 -32768 -32768 -32768 -32768 -32768 -32768 -32768 -32768 -32768 -32768 -32768 -32768 -32768 -32768 -32768 -32768 -32768 -32768 -32768 -32768 -32768 1 1 1 2 4 5 5 5 5 5 3 2 2 2 3 4 5 6 6 7 9 11 15 19 23 27 32 37 42 46 50 55 61 64 69 73 77 80 80 77 76 74 75 73 71 69 66 64 62 60 61 60 61 63 66 70 74
-32768 -32768 -32768 -32768 -32768 -32768 -32768 -32768 -32768 -32768 -32768 -32768 -32768 -32768 -32768 -32768 -32768 -32768 -32768 -32768 -32768 -32768 -32768 -32768 1 1 2 2 3 4 5 5 5 3 2 2 2 2 3 4 4 6 6 8 10 11 15 18 23 27 33 36 41 44 50 55 59 64 69 72 78 81 81 81 81 79 78 75 72 69 66 62 60 58 57 57 58 60 64 69 73
-32768 -32768 -32768 -32768 -32768 -32768 -32768 -32768 -32768 -32768 -32768 -32768 -32768 -32768 -32768 -32768 -32768 -32768 -32768 -32768 -32768 -32768 -32768 -32768 -32768 2 2 2 4 4 4 5 5 3 2 2 2 2 3 4 4 6 7 8 9 11 15 17 21 27 31 34 39 43 48 52 56 62 68 71 77 81 81 86 88 84 81 78 74 69 65 61 58 56 55 55 56 58 61 66 71
-32768 -32768 -32768 -32768 -32768 -32768 -32768 -32768 -32768 -32768 -32768 -32768 -32768 -32768 -32768 -32768 -32768 -32768 -32768 -32768 -32768 -32768 -32768 -32768 1 2 2 3 4 4 3 3 3 2 2 2 2 2 3 3 4 5 6 7 8 10 14 16 19 24 28 33 37 41 45 50 54 59 65 70 75 80 83 90 92 90 86 80 75 70 65 61 57 54 53 52 53 55 58 63 68
-32768 -32768 -32768 -32768 -32768 -32768 -32768 -32768 -32768 -32768 -32768 -32768 -32768 -32768 -32768 -32768 -32768 -32768 -32768 -32768 -32768 -32768 -32768 -32768 1 1 2 2 3 4 3 1 1 1 2 2 2 2 2 3 4 4 5 6 8 9 12 15 18 21 25 29 34 38 41 46 51 55 62 68 73 77 83 88 91 90 86 80 75 69 64 59 54 52 50 48 48 51 54 60 66
-32768 -32768 -32768 -32768 -32768 -32768 -32768 -32768 -32768 -32768 -32768 -32768 -32768 -32768 -32768 -32768 -32768 -32768 -32768 -32768 -32768 -32768 -32768 -32768 -32768 1 1 2 2 3 2 1 0 0 1 2 2 2 2 3 3 4 4 5 6 8 10 13 16 19 22 26 30 34 37 43 47 52 58 64 70 75 79 83 86 86 84 79 74 69 62 56 51 48 45 43 44 45 50 56 63
-32768 -32768 -32768 -32768 -32768 -32768 -32768 -32768 -32768 -32768 -32768 -32768 -32768 -32768 -32768 -32768 -32768 -32768 -32768 -32768 -32768 -32768 -32768 -32768 -32768 0 1 1 1 1 1 1 0 0 1 2 2 2 2 3 3 3 3 4 6 8 9 12 15 17 20 23 27 30 34 38 44 48 54 61 66 71 75 78 81 81 80 77 72 66 59 54 49 46 43 40 40 41 45 52 60
-32768 -32768 -32768 -32768 -32768 -32768 -32768 -32768 -32768 -32768 -32768 -32768 -32768 -32768 -32768 -32768 -32768 -32768 -32768 -32768 -32768 -32768 -32768 -32768 -32768 0 1 1 1 1 1 1 1 1 1 2 2 2 2 2 3 3 3 3 5 7 8 10 13 15 17 21 23 27 30 34 39 44 49 55 61 65 69 72 74 76 75 74 68 62 56 52 47 44 39 36 33 37 42 49 57
-32768 -32768 -32768 -32768 -32768 -32768 -32768 -32768 -32768 -32768 -32768 -32768 -32768 -32768 -32768 -32768 -32768 -32768 -32768 -32768 -32768 -32768 -32768 -32768 -32768 -32768 1 1 1 1 1 1 1 1 1 2 2 2 2 2 3 3 3 3 5 6 7 9 11 13 15 18 20 23 27 30 35 39 45 50 55 59 63 66 68 70 70 68 64 59 53 50 46 42 38 34 30 34 40 45 54
-32768 -32768 -32768 -32768 -32768 -32768 -32768 -32768 -32768 -32768 -32768 -32768 -32768 -32768 -32768 -32768 -32768 -32768 -32768 -32768 -32768 -32768 -32768 -32768 -32768 -32768 1 1 1 1 1 1 1 1 1 2 2 2 2 2 2 4 4 4 4 5 6 8 9 12 13 15 18 21 24 27 31 35 40 44 49 53 57 61 63 64 64 62 59 55 51 48 44 41 37 34 32 34 38 44 51
-32768 -32768 -32768 -32768 -32768 -32768 -32768 -32768 -32768 -32768 -32768 -32768 -32768 -32768 -32768 -32768 -32768 -32768 -32768 -32768 -32768 -32768 -32768 -32768 -32768 -32768 -32768 1 1 1 1 1 1 1 2 2 3 3 4 3 3 3 4 4 4 5 6 7 8 10 12 13 15 18 21 23 27 31 35 40 44 48 51 54 57 58 58 57 56 53 49 46 43 39 36 35 34 35 38 43 48
-32768 -32768 -32768 -32768 -32768 -32768 -32768 -32768 -32768 -32768 -32768 -32768 -32768 -32768 -32768 -32768 -32768 -32768 -32768 -32768 -32768 -32768 -32768 -32768 -32768 -32768 -32768 -32768 1 1 1 1 1 2 2 3 4 5 5 4 4 4 4 4 4 4 5 6 7 8 11 13 14 15 18 21 24 27 31 35 39 43 46 49 51 53 53 53 52 50 46 43 41 39 37 36 37 37 39 41 46
-32768 -32768 -32768 -32768 -32768 -32768 -32768 -32768 -32768 -32768 -32768 -32768 -32768 -32768 -32768 -32768 -32768 -32768 -32768 -32768 -32768 -32768 -32768 -32768 -32768 -32768 -32768 -32768 -32768 1 1 1 1 3 4 4 5 5 5 5 4 4 4 4 4 4 5 6 6 7 9 11 13 13 15 18 21 24 27 31 34 38 41 44 46 47 48 48 47 45 44 41 39 38 37 36 37 38 39 41 43
-32768 -32768 -32768 -32768 -32768 -32768 -32768 -32768 -32768 -32768 -32768 -32768 -32768 -32768 -32768 -32768 -32768 -32768 -32768 -32768 -32768 -32768 -32768 -32768 -32768 -32768 -32768 -32768 -32768 1 1 1 1 3 4 5 7 7 7 7 6 5 4 4 4 4 5 5 6 6 8 10 11 12 14 15 18 21 24 28 31 34 37 39 41 43 44 44 43 42 40 39 38 37 37 37 38 38 39 40 41
-32768 -32768 -32768 -32768 -32768 -32768 -32768 -32768 -32768 -32768 -32768 -32768 -32768 -32768 -32768 -32768 -32768 -32768 -32768 -32768 -32768 -32768 -32768 -32768 -32768 -32768 -32768 -32768 -32768 1 1 1 1 3 4 7 8 9 10 9 8 7 5 4 3 3 4 4 5 6 6 7 10 11 13 14 16 18 21 24 27 31 34 36 38 40 40 40 40 39 38 37 37 36 36 36 37 37 37 38 38
-32768 -32768 -32768 -32768 -32768 -32768 -32768 -32768 -32768 -32768 -32768 -32768 -32768 -32768 -32768 -32768 -32768 -32768 -32768 -32768 -32768 -32768 -32768 -32768 -32768 -32768 -32768 -32768 -32768 1 1 1 2 3 4 7 11 13 12 11 10 8 6 4 3 2 2 3 4 6 6 7 8 10 11 13 14 16 18 21 23 27 29 32 34 36 36 37 37 36 35 36 35 34 35 35 34 35 33 33 34
-32768 -32768 -32768 -32768 -32768 -32768 -32768 -32768 -32768 -32768 -32768 -32768 -32768 -32768 -32768 -32768 -32768 -32768 -32768 -32768 -32768 -32768 -32768 -32768 -32768 -32768 -32768 -32768 -32768 -32768 0 0 1 3 5 9 14 16 17 14 11 9 6 4 2 2 2 2 3 4 6 7 7 9 9 11 12 13 16 18 21 23 27 29 31 32 32 33 34 34 33 34 33 33 33 34 33 32 31 30 30
-32768 -32768 -32768 -32768 -32768 -32768 -32768 -32768 -32768 -32768 -32768 -32768 -32768 -32768 -32768 -32768 -32768 -32768 -32768 -32768 -32768 -32768 -32768 -32768 -32768 -32768 -32768 -32768 -32768 -32768 0 0 1 3 5 10 16 19 19 16 12 9 6 3 2 1 1 1 2 4 5 6 6 8 9 9 11 13 15 17 19 21 23 26 27 29 29 31 31 31 31 32 32 32 31 31 30 30 29 27 26
-32768 -32768 -32768 -32768 -32768 -32768 -32768 -32768 -32768 -32768 -32768 -32768 -32768 -32768 -32768 -32768 -32768 -32768 -32768 -32768 -32768 -32768 -32768 -32768 -32768 -32768 -32768 -32768 -32768 -32768 -32768 0 1 2 4 8 13 16 18 15 12 9 5 3 1 1 1 1 1 3 4 6 7 8 8 9 10 12 14 16 17 20 22 24 25 26 27 27 28 28 28 29 30 30 28 28 28 27 26 25 22
-32768 -32768 -32768 -32768 -32768 -32768 -32768 -32768 -32768 -32768 -32768 -32768 -32768 -32768 -32768 -32768 -32768 -32768 -32768 -32768 -32768 -32768 -32768 -32768 -32768 -32768 -32768 -32768 -32768 -32768 -32768 0 0 2 4 6 11 14 16 14 11 8 5 2 0 1 1 1 1 3 6 7 8 8 8 7 9 11 12 14 16 18 20 22 24 24 24 24 25 25 25 27 27 27 26 25 24 24 23 22 20
-32768 -32768 -32768 -32768 -32768 -32768 -32768 -32768 -32768 -32768 -32768 -32768 -32768 -32768 -32768 -32768 -32768 -32768 -32768 -32768 -32768 -32768 -32768 -32768 -32768 -32768 -32768 -32768 -32768 -32768 -32768 -32768 0 1 2 5 8 10 13 13 10 8 5 3 1 1 1 2 2 4 7 8 10 9 8 8 9 10 10 12 14 16 18 20 21 21 21 22 21 22 23 22 23 22 22 21 21 19 19 18 17
-32768 -32768 -32768 -32768 -32768 -32768 -32768 -32768 -32768 -32768 -32768 -32768 -32768 -32768 -32768 -32768 -32768 -32768 -32768 -32768 -32768 -32768 -32768 -32768 -32768 -32768 -32768 -32768 -32768 -32768 -32768 -32768 0 1 1 3 4 8 12 12 10 7 5 4 1 1 2 2 3 5 7 9 12 11 9 8 9 9 9 11 12 14 16 17 18 19 19 18 19 19 19 19 19 19 18 17 16 16 15 14 14
-32768 -32768 -32768 -32768 -32768 -32768 -32768 -32768 -32768 -32768 -32768 -32768 -32768 -32768 -32768 -32768 -32768 -32768 -32768 -32768 -32768 -32768 -32768 -32768 -32768 -32768 -32768 -32768 -32768 -32768 -32768 0 0 0 1 1 3 5 8 8 9 7 5 5 2 2 2 3 4 5 6 9 14 12 8 8 8 8 8 9 11 12 13 15 15 16 16 16 17 16 16 16 17 16 15 14 13 12 12 11 11
-32768 -32768 -32768 -32768 -32768 -32768 -32768 -32768 -32768 -32768 -32768 -32768 -32768 -32768 -32768 -32768 -32768 -32768 -32768 -32768 -32768 -32768 -32768 -32768 -32768 -32768 -32768 -32768 -32768 -32768 0 0 0 0 0 0 1 4 4 6 8 8 7 6 3 2 3 3 4 4 5 8 10 10 8 7 7 8 8 8 9 10 11 12 13 13 14 14 14 15 15 14 14 13 12 12 11 10 9 9 8
-32768 -32768 -32768 -32768 -32768 -32768 -32768 -32768 -32768 -32768 -32768 -32768 -32768 -32768 -32768 -32768 -32768 -32768 -32768 -32768 -32768 -32768 -32768 -32768 -32768 -32768 -32768 -32768 -32768 -32768 0 0 0 0 0 0 0 1 4 6 8 9 8 6 4 3 3 3 4 4 5 6 7 6 6 7 6 6 6 7 8 8 9 10 11 11 12 12 12 12 13 12 12 10 9 8 7 7 6 6 6
-32768 -32768 -32768 -32768 -32768 -32768 -32768 -32768 -32768 -32768 -32768 -32768 -32768 -32768 -32768 -32768 -32768 -32768 -32768 -32768 -32768 -32768 -32768 -32768 -32768 -32768 -32768 -32768 -32768 -32768 0 0 0 0 0 0 0 0 1 4 7 8 8 7 6 4 3 4 4 5 5 5 5 3 4 5 5 5 5 6 7 7 8 8 9 9 10 10 10 11 10 9 9 9 8 7 6 4 4 4 4
-32768 -32768 -32768 -32768 -32768 -32768 -32768 -32768 -32768 -32768 -32768 -32768 -32768 -32768 -32768 -32768 -32768 -32768 -32768 -32768 -32768 -32768 -32768 -32768 -32768 -32768 -32768 -32768 -32768 -32768 0 0 0 0 0 0 0 0 0 1 4 7 7 6 6 4 3 4 4 5 4 4 4 3 3 5 4 4 4 4 5 5 6 7 7 8 9 9 9 8 8 9 9 8 7 6 4 3 2 2 2
-32768 -32768 -32768 -32768 -32768 -32768 -32768 -32768 -32768 -32768 -32768 -32768 -32768 -32768 -32768 -32768 -32768 -32768 -32768 -32768 -32768 -32768 -32768 -32768 -32768 -32768 -32768 -32768 -32768 -32768 -32768 0 0 0 0 0 0 0 0 0 2 6 6 6 4 4 4 4 5 5 4 4 3 3 3 3 3 3 4 4 4 5 5 6 6 7 7 8 8 8 8 8 8 8 7 5 4 2 2 2 2
-32768 -32768 -32768 -32768 -32768 -32768 -32768 -32768 -32768 -32768 -32768 -32768 -32768 -32768 -32768 -32768 -32768 -32768 -32768 -32768 -32768 -32768 -32768 -32768 -32768 -32768 -32768 -32768 -32768 -32768 -32768 0 0 0 0 0 0 0 0 0 1 4 5 4 5 5 4 5 4 5 4 4 3 2 2 2 3 3 3 3 4 4 4 4 5 5 6 6 6 7 7 7 7 7 6 5 4 2 2 2 2
-32768 -32768 -32768 -32768 -32768 -32768 -32768 -32768 -32768 -32768 -32768 -32768 -32768 -32768 -32768 -32768 -32768 -32768 -32768 -32768 -32768 -32768 -32768 -32768 -32768 -32768 -32768 -32768 -32768 -32768 -32768 0 0 0 0 0 0 0 0 1 2 4 5 5 5 5 5 5 4 5 4 4 3 2 2 2 2 2 2 2 3 3 3 3 4 4 5 6 6 6 6 6 6 5 5 4 3 2 2 2 2
