Part_1_SDMs/env_data/future_climate_2070_RCP_8.5/bioclim_4.asc
NCOLS 444 
NROWS 438 
XLLCORNER -19 
YLLCORNER -35 
CELLSIZE 0.166666666666667 
NODATA_value -32768 
[rows 210 to 244 of 438, columns 158 to 236 of 444]
-32768 -32768 -32768 -32768 -32768 -32768 -32768 -32768 -32768 -32768 -32768 -32768 -32768 -32768 -32768 742 749 740 720 694 649 631 635 623 571 531 490 481 463 458 457 464 480 483 495 506 512 518 517 507 502 490 495 488 480 486 484 489 486 480 491 500 499 501 496 500 501 493 492 485 493 499 504 514 519 520 519 526 531 543 549 556 563 570 584 592 596 595 612
-32768 -32768 -32768 -32768 -32768 -32768 -32768 -32768 -32768 -32768 -32768 -32768 -32768 -32768 -32768 718 717 713 676 650 622 610 612 595 566 540 502 482 458 453 450 464 471 479 493 501 506 508 515 508 504 489 486 480 487 487 492 494 489 488 491 493 491 501 499 492 490 485 484 487 496 499 509 521 527 525 530 538 545 552 556 563 567 572 581 590 593 606 608
-32768 -32768 -32768 -32768 -32768 -32768 -32768 -32768 -32768 -32768 -32768 -32768 -32768 -32768 706 702 700 676 632 637 614 610 597 588 565 533 509 484 472 468 460 460 474 481 489 488 495 504 508 506 507 492 489 478 480 482 497 502 492 497 497 490 493 496 495 476 476 481 483 492 504 510 521 528 532 537 549 556 565 566 568 566 572 581 585 593 594 600 605
-32768 -32768 -32768 -32768 -32768 -32768 -32768 -32768 -32768 -32768 -32768 -32768 -32768 -32768 725 706 683 653 637 622 607 602 594 601 557 527 513 492 477 482 473 468 485 489 492 499 506 505 499 493 501 500 506 486 488 492 512 509 494 498 506 493 500 502 497 486 480 490 495 500 511 523 533 546 548 558 562 569 581 583 586 581 575 579 586 594 602 606 607
-32768 -32768 -32768 -32768 -32768 -32768 -32768 -32768 -32768 -32768 -32768 -32768 -32768 -32768 712 691 672 648 631 611 609 592 590 585 555 528 519 509 497 499 490 481 498 497 506 512 511 510 498 490 492 503 514 510 505 514 530 524 515 513 502 487 490 496 496 496 492 502 500 504 513 531 552 561 572 576 581 578 574 585 593 588 586 587 579 595 597 597 594
-32768 -32768 -32768 -32768 -32768 -32768 -32768 -32768 -32768 -32768 -32768 -32768 -32768 -32768 646 649 645 635 625 622 612 598 589 574 563 542 532 525 524 511 515 503 514 509 516 523 522 516 510 504 504 507 523 519 521 534 539 563 535 519 513 506 500 499 494 491 492 498 506 512 521 535 553 572 579 591 590 591 592 597 595 592 588 589 587 596 597 599 599
-32768 -32768 -32768 -32768 -32768 -32768 -32768 -32768 -32768 -32768 -32768 -32768 -32768 -32768 599 611 639 638 631 635 624 615 594 587 574 561 557 552 543 539 530 537 539 541 540 536 532 535 527 515 510 510 518 523 535 542 550 557 536 512 518 522 516 514 511 504 502 503 511 516 525 543 556 576 598 606 604 602 597 599 595 608 598 597 593 596 595 596 595
736 -32768 -32768 -32768 -32768 -32768 -32768 -32768 -32768 -32768 -32768 -32768 -32768 651 626 633 654 647 640 647 638 623 611 611 593 584 582 582 570 572 553 570 568 573 574 567 562 556 549 535 527 522 518 534 543 542 537 536 511 504 521 528 520 512 509 504 500 502 511 521 523 542 573 593 614 619 620 610 604 606 613 606 595 581 587 587 582 586 594
730 -32768 -32768 -32768 -32768 -32768 -32768 -32768 -32768 -32768 -32768 -32768 -32768 687 680 675 670 659 657 655 648 645 637 635 633 614 610 615 609 608 596 603 601 594 592 586 584 578 567 559 546 546 538 541 542 533 536 518 512 518 514 520 529 511 503 497 492 493 501 513 527 549 576 602 623 616 617 607 606 608 612 604 588 578 572 573 580 587 594
-32768 -32768 -32768 -32768 -32768 -32768 -32768 -32768 -32768 -32768 -32768 -32768 753 731 727 706 699 703 689 679 674 666 665 659 665 644 649 656 646 649 649 639 638 628 627 619 611 603 596 589 588 574 547 531 539 535 526 518 514 528 513 517 522 517 503 499 494 487 498 519 537 552 570 587 602 609 611 606 601 610 604 596 577 572 564 570 573 578 585
-32768 -32768 -32768 -32768 -32768 -32768 -32768 -32768 -32768 -32768 -32768 -32768 773 779 775 766 743 737 718 705 697 697 696 689 695 699 703 700 696 692 684 673 678 675 666 656 654 652 646 638 618 587 565 550 544 546 533 516 513 522 515 518 518 510 508 503 501 500 502 519 527 536 550 563 580 599 599 593 590 600 591 585 574 564 553 563 573 579 581
-32768 -32768 -32768 -32768 -32768 -32768 -32768 -32768 -32768 -32768 -32768 -32768 798 821 821 831 803 756 750 733 724 733 736 727 743 751 743 738 738 734 741 737 729 722 716 695 698 692 687 680 640 605 573 550 557 558 536 515 508 517 515 514 516 503 500 493 497 492 489 492 499 519 535 553 564 569 572 578 576 589 578 579 573 568 552 557 568 573 578
-32768 -32768 -32768 -32768 -32768 -32768 -32768 -32768 -32768 -32768 -32768 827 831 839 846 862 848 788 767 764 755 766 770 755 772 807 799 782 777 770 776 773 777 767 750 732 717 711 705 691 659 622 583 553 558 554 538 520 502 517 511 507 510 502 502 499 494 495 496 497 505 526 528 540 550 565 571 574 573 586 583 578 586 581 571 567 580 583 588
-32768 -32768 -32768 -32768 -32768 -32768 -32768 -32768 -32768 -32768 -32768 -32768 -32768 837 855 873 881 844 792 783 782 796 789 791 789 830 834 816 803 800 801 807 822 820 796 772 749 729 715 694 665 629 593 571 565 546 539 512 514 524 514 504 509 495 489 489 482 484 491 490 496 506 510 521 536 542 550 554 558 567 567 580 589 590 591 596 605 602 608
-32768 -32768 -32768 -32768 -32768 -32768 -32768 -32768 -32768 -32768 -32768 834 840 827 839 861 896 840 811 811 809 827 810 819 830 840 840 833 825 825 827 835 842 846 820 787 765 745 713 689 669 628 608 594 572 549 539 524 525 519 510 513 504 489 490 490 486 466 460 474 487 502 503 512 523 533 542 549 555 560 566 580 587 601 612 620 624 629 620
-32768 -32768 -32768 -32768 -32768 -32768 -32768 -32768 -32768 -32768 -32768 -32768 788 789 813 844 862 872 845 836 839 839 834 846 855 843 845 850 840 843 841 839 846 846 823 796 767 737 716 683 665 634 613 586 573 547 535 528 520 509 504 508 496 492 483 487 471 463 460 467 483 489 489 488 495 513 534 545 557 559 566 576 601 621 638 645 657 651 634
-32768 -32768 -32768 -32768 -32768 -32768 -32768 -32768 -32768 -32768 -32768 766 771 765 807 826 835 869 863 861 871 853 855 875 863 842 841 838 837 848 853 856 852 846 830 801 771 736 705 680 651 636 615 591 569 543 522 511 511 512 503 495 480 465 458 460 462 459 448 451 457 480 477 487 493 494 507 524 534 549 568 584 609 634 660 684 687 673 654
-32768 -32768 -32768 -32768 -32768 -32768 -32768 -32768 -32768 -32768 -32768 772 802 800 826 833 837 864 882 893 894 878 879 886 884 855 836 834 838 848 851 857 847 836 820 797 764 735 709 673 648 630 604 585 568 542 522 507 516 524 510 491 475 454 454 447 440 445 450 452 454 459 462 461 466 475 509 520 528 545 574 601 628 654 690 722 723 708 669
-32768 -32768 -32768 -32768 -32768 -32768 -32768 -32768 -32768 -32768 -32768 889 849 846 862 862 876 886 909 917 915 913 909 896 902 882 864 845 844 855 859 858 857 831 804 792 760 727 701 669 648 623 600 579 562 521 506 491 500 514 491 478 450 446 438 443 437 432 436 441 448 448 464 473 473 471 498 512 537 558 571 606 643 685 728 774 779 733 677
-32768 -32768 -32768 -32768 -32768 -32768 -32768 -32768 -32768 -32768 -32768 922 908 901 905 911 921 932 949 943 935 928 911 901 911 885 881 873 867 869 867 861 853 830 802 777 752 729 683 664 639 614 588 566 543 509 490 481 470 464 455 441 425 419 416 426 423 419 428 439 444 437 438 460 476 482 497 517 527 556 583 616 657 703 757 804 827 777 696
-32768 -32768 -32768 -32768 -32768 -32768 -32768 -32768 -32768 -32768 -32768 989 966 951 961 963 969 989 993 965 960 945 916 916 921 900 893 888 884 880 869 861 856 826 804 771 751 721 683 658 631 604 575 552 527 496 478 465 452 445 436 422 410 401 406 406 404 412 411 413 429 436 434 453 469 483 488 500 520 547 584 628 653 694 764 820 849 795 714
-32768 -32768 -32768 -32768 -32768 -32768 -32768 -32768 1098 1121 1087 1039 1013 1003 1015 1014 1029 1042 1033 987 972 955 939 928 922 917 912 902 893 889 877 864 848 837 806 766 752 704 684 659 635 600 567 537 515 492 468 455 439 428 425 413 390 393 398 394 402 409 408 416 425 435 444 457 477 489 490 496 518 546 572 604 647 688 736 792 797 761 699
-32768 -32768 -32768 -32768 -32768 -32768 -32768 -32768 1126 1147 1120 1087 1058 1046 1057 1054 1078 1081 1055 1012 991 975 973 958 941 933 929 923 899 889 870 866 855 835 804 774 734 713 676 653 624 590 559 533 513 483 458 437 417 409 408 406 395 393 384 394 397 395 405 406 411 436 434 443 466 489 486 487 497 519 553 584 624 664 700 729 739 707 676
-32768 -32768 -32768 -32768 -32768 -32768 -32768 -32768 1169 1151 1129 1117 1097 1089 1081 1080 1089 1073 1053 1029 1009 1005 1010 1006 973 956 953 928 910 887 867 858 833 812 799 756 725 705 684 645 601 576 543 523 500 476 454 434 415 400 389 398 396 385 389 390 394 406 407 408 415 426 430 443 445 471 472 478 478 513 528 562 599 619 659 678 673 662 636
-32768 -32768 -32768 -32768 -32768 -32768 -32768 -32768 -32768 1153 1141 1135 1116 1117 1103 1097 1091 1074 1037 1030 1029 1037 1049 1045 1008 979 976 951 917 893 863 843 819 785 761 749 717 686 670 643 603 577 531 519 487 467 442 421 409 398 394 389 391 384 387 389 390 398 406 410 406 415 421 420 428 450 457 461 465 485 521 529 558 591 615 637 623 619 594
-32768 -32768 -32768 -32768 -32768 -32768 -32768 -32768 -32768 1155 1152 1149 1134 1131 1120 1117 1105 1086 1057 1047 1073 1074 1083 1073 1044 1019 999 973 939 903 873 829 804 757 731 729 712 678 652 634 612 583 539 503 491 466 445 413 396 385 387 389 391 381 393 392 392 399 404 408 402 407 416 412 412 433 428 433 453 477 494 509 524 561 581 592 581 573 559
-32768 -32768 -32768 -32768 -32768 -32768 -32768 -32768 -32768 -32768 1171 1159 1160 1147 1144 1143 1130 1123 1105 1114 1151 1162 1128 1100 1081 1060 1038 1003 964 921 887 834 796 763 722 715 710 679 657 624 614 582 550 526 505 479 452 416 394 385 389 397 398 390 399 392 387 399 400 395 398 410 415 404 409 412 414 423 437 457 471 485 508 529 556 553 551 537 539
-32768 -32768 -32768 -32768 -32768 -32768 -32768 -32768 -32768 -32768 1186 1180 1184 1173 1170 1172 1173 1159 1171 1198 1235 1275 1225 1157 1121 1118 1075 1027 990 945 902 853 806 771 730 719 723 701 681 652 617 606 572 553 523 494 454 422 402 394 406 422 414 403 409 404 401 406 392 394 394 403 405 392 402 400 397 408 426 448 462 464 484 500 528 523 523 521 520
-32768 -32768 -32768 -32768 -32768 -32768 -32768 -32768 -32768 -32768 -32768 1204 1201 1200 1197 1199 1204 1203 1224 1248 1312 1383 1378 1282 1195 1156 1113 1066 1028 977 933 889 840 796 769 750 733 719 702 673 656 620 598 573 537 507 465 434 406 405 430 450 436 410 403 410 405 396 395 393 396 402 395 393 411 406 396 403 437 433 448 447 468 485 501 504 508 510 510
-32768 -32768 -32768 -32768 -32768 -32768 -32768 -32768 -32768 -32768 -32768 1222 1227 1220 1224 1226 1238 1234 1258 1275 1330 1433 1456 1385 1289 1203 1145 1110 1064 1025 979 935 894 850 819 790 763 743 724 701 678 648 622 601 552 512 469 443 415 412 433 454 448 435 413 415 416 392 399 401 407 394 394 397 407 381 395 407 421 426 434 446 465 471 487 488 499 497 513
-32768 -32768 -32768 -32768 -32768 -32768 -32768 -32768 -32768 -32768 -32768 -32768 1254 1250 1248 1253 1260 1271 1273 1313 1336 1378 1428 1398 1338 1258 1199 1140 1103 1063 1032 986 943 912 870 844 814 782 756 736 721 668 670 635 589 540 474 470 436 430 435 444 439 428 437 429 414 414 412 407 404 398 401 397 399 389 402 409 417 422 441 440 458 457 473 473 496 491 506
-32768 -32768 -32768 -32768 -32768 -32768 -32768 -32768 -32768 -32768 -32768 -32768 -32768 1271 1273 1275 1283 1285 1293 1321 1340 1348 1372 1380 1348 1294 1251 1217 1165 1119 1083 1036 1008 975 925 894 875 834 807 769 747 694 679 659 599 527 497 476 454 436 428 440 442 447 440 435 425 415 417 415 403 406 403 407 392 393 396 410 415 427 430 436 449 449 463 474 485 483 496
-32768 -32768 -32768 -32768 -32768 -32768 -32768 -32768 -32768 -32768 -32768 -32768 -32768 1275 1293 1296 1293 1289 1283 1318 1321 1338 1332 1348 1344 1316 1277 1254 1212 1180 1132 1105 1060 1036 990 959 926 888 852 806 765 733 633 622 531 517 492 476 461 437 431 444 448 453 452 440 437 438 425 415 416 410 408 401 400 392 397 403 418 428 426 439 442 448 460 465 471 481 489
-32768 -32768 -32768 -32768 -32768 -32768 -32768 -32768 -32768 -32768 -32768 -32768 -32768 -32768 1311 1310 1308 1299 1292 1293 1312 1307 1314 1317 1326 1327 1305 1281 1259 1230 1194 1165 1144 1099 1059 1007 972 936 897 853 794 741 677 632 579 577 534 537 493 456 441 447 455 466 456 446 442 432 425 427 416 415 409 408 402 393 401 410 420 426 419 441 440 445 447 453 465 475 480
-32768 -32768 -32768 -32768 -32768 -32768 -32768 -32768 -32768 -32768 -32768 -32768 -32768 -32768 -32768 1314 1315 1313 1299 1286 1291 1286 1294 1300 1307 1321 1317 1311 1303 1276 1251 1222 1212 1160 1119 1085 1038 985 954 907 833 760 720 648 632 644 626 568 513 498 496 474 458 472 456 451 451 439 441 433 424 429 419 419 408 401 413 417 416 412 427 443 441 440 448 443 458 466 480
