Part_1_SDMs/env_data/future_climate_2070_RCP_8.5/bioclim_7.asc
NCOLS 444 
NROWS 438 
XLLCORNER -19 
YLLCORNER -35 
CELLSIZE 0.166666666666667 
NODATA_value -32768 
[rows 70 to 104 of 438, columns 158 to 236 of 444]
367 369 369 371 372 373 375 376 375 376 376 376 376 375 374 373 371 370 369 367 365 363 361 359 358 357 357 356 356 354 352 350 348 347 346 346 346 346 346 347 349 350 351 352 353 354 355 355 356 356 357 358 359 360 361 361 362 361 362 362 362 361 361 361 360 360 360 361 361 361 361 362 362 362 362 362 363 363 364
364 364 365 367 368 370 370 371 371 372 373 373 373 372 371 370 369 368 366 365 364 362 359 358 357 357 357 356 354 353 351 349 347 346 346 345 345 346 347 347 349 350 352 353 354 354 355 356 356 357 358 359 360 360 361 362 362 363 362 363 363 363 362 362 362 363 363 363 364 363 363 363 364 364 363 363 364 365 365
361 361 362 363 364 364 365 366 367 367 368 368 368 368 367 367 366 365 364 364 362 361 360 358 358 357 357 355 354 353 350 349 348 346 346 345 346 346 347 348 349 351 352 353 355 355 356 357 357 358 359 359 361 361 361 362 363 363 363 363 364 364 364 364 364 364 365 366 366 366 365 365 365 365 365 365 365 365 366
358 358 359 360 360 360 361 362 362 362 363 363 363 363 363 363 363 363 362 362 362 361 360 359 359 358 357 356 354 353 351 349 348 347 346 346 346 346 348 349 350 351 352 354 355 356 357 358 358 359 359 360 361 361 361 362 362 362 363 363 363 364 365 365 365 366 366 367 366 367 366 366 366 366 365 366 366 365 365
355 355 355 356 356 356 357 357 357 357 357 358 358 358 359 359 360 360 361 361 362 361 361 361 360 359 358 357 355 353 351 350 348 347 346 346 346 347 348 349 350 351 353 354 356 357 358 359 359 360 360 361 361 362 362 361 362 361 362 364 364 365 365 366 366 367 367 367 368 368 367 368 367 366 367 366 366 364 365
353 352 352 352 353 353 353 353 353 352 352 352 353 353 354 356 357 358 359 360 361 362 363 363 363 361 360 358 356 355 352 350 349 347 347 347 347 348 349 350 351 353 354 355 356 358 359 359 360 361 361 361 361 362 362 362 362 362 362 363 364 366 366 367 368 368 368 368 368 368 368 368 368 366 366 365 365 364 365
350 350 350 350 349 350 349 349 348 348 347 347 348 348 350 351 354 355 357 359 361 362 363 364 364 363 360 359 357 355 354 351 349 348 347 347 348 349 350 351 353 354 355 356 357 359 361 360 361 362 362 362 361 362 363 362 362 362 363 364 365 367 367 368 369 369 369 369 369 369 369 369 368 366 366 366 365 365 364
348 347 347 347 347 347 346 346 345 344 344 344 344 344 346 347 350 353 356 358 360 362 363 364 364 364 362 360 358 356 355 353 351 349 348 348 349 350 351 352 354 354 356 357 358 360 361 362 363 363 363 363 363 363 363 363 362 363 364 364 366 368 369 369 369 370 370 370 370 370 369 368 367 367 366 366 365 364 363
346 346 346 346 345 344 343 342 341 339 339 340 341 341 342 344 348 351 354 357 359 361 363 364 365 364 362 360 359 357 355 354 352 350 349 349 350 351 352 353 355 356 357 358 360 361 362 363 364 364 364 364 364 365 365 364 364 364 365 366 367 369 370 371 371 371 371 371 371 370 369 369 368 367 366 366 365 364 362
345 345 344 344 343 342 341 339 337 336 335 334 335 339 340 342 345 349 352 355 358 361 362 363 364 364 363 361 359 358 356 355 353 351 351 351 352 352 353 354 355 357 358 359 361 362 363 364 365 365 365 366 367 367 366 367 366 366 367 369 370 371 371 372 373 372 373 372 371 371 370 369 368 367 366 365 364 363 362
344 344 343 343 342 340 338 337 335 333 332 330 330 334 339 340 343 347 350 354 357 359 361 363 363 364 363 361 360 359 357 355 355 353 352 352 353 353 354 355 357 358 360 361 362 363 364 365 366 366 366 368 369 369 369 369 369 370 370 372 372 373 373 374 374 374 374 373 372 371 370 369 368 367 366 364 363 361 360
344 343 343 341 341 339 337 335 334 332 330 329 329 331 337 340 341 345 349 352 356 358 360 362 363 363 362 361 360 358 358 356 356 355 354 354 354 355 356 358 359 360 361 362 362 363 364 366 367 367 368 370 371 372 372 372 373 374 374 374 374 375 375 375 375 375 375 374 373 372 371 370 369 367 365 363 362 361 359
344 343 342 341 341 338 337 335 333 332 330 330 330 331 334 338 341 344 347 350 354 357 359 361 361 362 361 361 360 359 358 358 357 357 357 356 357 358 359 359 360 361 362 362 363 364 365 366 367 369 370 372 373 374 375 376 376 377 377 377 376 376 377 377 377 376 376 374 374 373 372 370 369 367 364 362 361 359 358
343 343 342 341 340 338 336 335 333 332 331 330 330 332 334 337 340 343 346 349 352 355 357 359 359 361 360 360 360 359 359 358 359 358 359 358 360 359 360 361 361 363 363 363 364 365 366 366 369 371 372 374 375 376 377 379 380 379 379 379 378 377 378 377 377 377 375 375 374 373 372 370 368 366 364 362 359 358 355
344 343 342 342 339 338 337 335 334 332 331 331 331 332 334 336 339 342 345 348 351 354 356 357 358 359 359 359 359 359 359 358 359 359 359 359 360 360 362 362 363 364 364 365 365 367 367 368 371 372 373 375 376 378 379 381 381 381 381 380 379 378 377 377 377 376 376 375 374 373 371 369 367 365 363 361 359 356 354
344 344 342 342 339 339 337 336 334 333 331 331 331 332 334 336 339 341 344 347 350 352 354 356 357 358 358 358 358 358 358 358 358 359 359 361 361 362 362 364 364 366 366 367 367 368 368 370 373 373 375 376 377 378 380 381 382 382 381 380 379 378 376 375 375 374 374 374 374 372 371 368 366 364 362 359 357 355 353
344 343 343 341 340 339 337 336 334 333 332 332 332 332 334 335 337 340 343 345 348 350 352 354 355 356 356 357 357 357 357 356 357 358 359 360 361 363 364 365 366 367 369 369 370 370 370 372 374 375 376 377 377 378 379 380 380 380 379 377 376 375 375 374 374 373 373 373 371 370 368 366 365 363 361 358 356 354 352
344 344 343 342 340 339 338 336 335 333 332 332 332 333 334 335 337 339 341 343 346 348 350 352 353 353 354 354 354 355 355 356 357 357 359 359 361 362 365 366 368 370 371 371 372 373 373 375 376 377 377 377 377 377 377 377 377 376 375 374 373 372 372 371 372 370 370 369 369 367 366 364 362 360 358 357 354 353 351
344 343 343 342 341 339 338 337 335 334 333 333 332 333 334 335 336 338 340 342 343 345 346 349 350 351 352 352 353 354 354 355 356 357 358 359 360 362 364 367 369 371 373 374 375 376 376 377 378 378 377 377 376 375 375 374 373 372 371 371 370 369 369 367 367 367 367 367 366 365 363 362 360 358 357 355 353 351 350
343 343 343 342 341 339 338 336 335 334 333 333 333 333 333 334 336 337 338 340 342 343 345 347 348 349 350 350 351 352 352 353 354 355 357 358 360 362 365 367 370 372 375 376 378 379 380 380 379 378 377 376 374 372 371 370 368 367 366 366 365 365 364 364 364 364 364 363 362 361 360 359 358 357 355 353 351 349 349
343 343 343 342 341 340 337 336 335 334 333 333 333 333 334 334 335 336 337 338 340 341 343 344 345 346 347 348 349 350 351 352 353 354 356 358 360 362 365 368 371 374 377 379 381 382 382 382 381 379 377 375 373 371 368 366 364 363 362 362 361 361 360 360 360 359 359 359 359 358 357 356 355 354 352 351 349 348 348
343 343 343 342 341 339 337 336 335 334 334 333 332 333 333 333 334 335 336 338 339 340 341 342 343 344 346 347 347 348 349 350 351 353 354 357 359 362 365 368 371 375 378 380 383 384 384 383 382 380 377 374 371 368 365 361 359 357 356 356 356 356 356 356 357 356 356 356 355 355 355 353 353 351 350 349 348 348 347
342 343 342 341 340 338 337 336 334 334 333 333 332 332 333 333 333 334 335 335 336 337 338 339 340 342 343 344 345 347 347 349 350 351 353 355 358 361 365 368 371 374 377 381 384 385 386 384 382 380 376 373 368 365 361 358 355 353 353 352 352 352 353 353 354 353 352 351 351 351 351 351 350 349 348 347 346 346 345
342 342 341 339 338 337 336 335 334 333 333 332 332 332 331 331 332 333 334 334 335 336 337 338 339 341 342 343 345 345 347 348 350 350 352 354 358 360 364 368 371 374 377 381 384 385 386 384 382 379 374 371 367 363 359 355 352 350 349 348 349 349 350 350 350 350 349 349 349 349 350 349 348 347 345 345 344 343 343
340 340 339 338 337 336 335 334 334 332 332 331 331 331 331 331 331 332 333 334 335 335 336 337 339 340 341 343 343 345 346 347 348 350 352 354 357 360 363 367 371 374 377 380 382 383 383 382 380 377 373 369 365 361 357 353 350 348 347 347 347 347 347 348 348 348 348 348 348 348 347 347 346 344 344 342 341 341 341
337 337 337 337 336 335 334 333 332 332 331 330 330 330 330 331 331 332 332 333 334 335 336 337 338 340 341 342 343 345 346 347 348 350 352 354 357 359 362 365 369 373 376 378 380 381 380 380 378 375 371 368 364 359 355 352 350 347 346 345 345 345 345 346 346 346 346 346 346 346 345 345 343 342 341 340 340 340 339
335 336 335 335 334 333 333 332 331 330 330 329 329 329 330 330 330 331 332 333 334 335 336 337 338 340 340 342 343 344 345 347 348 350 351 354 356 359 362 365 367 370 373 376 377 378 378 377 375 373 370 366 362 358 354 351 349 347 345 344 343 344 344 344 345 345 345 345 344 345 344 343 341 340 339 338 337 337 337
333 333 332 332 332 332 331 330 329 329 329 329 328 329 329 329 330 331 331 332 334 335 336 337 339 339 341 342 343 344 345 346 348 349 351 353 356 359 361 364 366 369 371 373 374 374 374 374 371 369 366 363 359 357 353 350 348 346 344 344 343 343 342 343 343 343 344 343 345 345 342 340 339 338 337 336 336 335 334
331 331 330 331 330 330 329 328 328 328 328 328 328 328 328 329 329 330 331 332 333 335 336 337 339 340 341 342 342 344 344 346 348 349 351 353 355 357 361 363 365 368 369 371 371 371 371 370 368 367 364 361 358 355 352 349 347 345 343 342 342 341 340 341 342 342 343 344 344 343 341 339 338 336 335 334 333 332 332
328 329 329 329 328 328 327 327 326 326 326 327 327 327 328 328 329 330 331 332 333 335 336 337 339 340 341 342 343 343 345 346 348 349 351 353 355 356 359 362 364 366 367 368 369 368 368 368 366 364 362 359 356 353 350 348 345 344 342 341 339 338 338 339 340 341 342 343 342 341 339 337 336 334 333 332 331 330 330
327 327 327 327 326 325 325 325 324 324 325 325 325 326 326 327 328 329 330 332 333 334 336 338 339 340 341 342 343 343 345 346 348 349 351 352 354 356 358 361 364 366 366 367 368 367 366 365 364 362 360 357 354 352 349 346 344 342 340 338 337 336 337 337 339 339 340 341 341 339 337 335 333 331 329 328 327 326 326
327 326 326 325 324 324 324 323 323 323 322 322 322 323 324 325 325 328 330 331 332 334 336 337 339 340 341 343 343 344 345 347 348 349 351 352 354 356 358 360 362 365 366 367 367 367 365 365 363 361 358 356 352 349 345 342 341 339 336 335 334 334 335 335 336 337 337 339 338 336 335 333 331 329 327 325 324 323 322
326 325 324 324 323 323 322 322 321 320 320 320 320 321 322 323 324 326 328 330 332 334 337 337 339 341 342 343 344 344 345 346 348 349 351 352 354 356 357 360 362 364 366 367 367 366 366 364 362 359 356 353 350 346 343 339 337 335 333 331 331 331 331 332 333 334 334 335 335 334 332 330 328 326 324 322 321 319 319
325 324 324 324 322 321 321 319 318 318 318 318 318 319 320 322 324 325 327 331 333 335 337 339 340 341 342 343 344 344 345 347 348 349 350 352 354 355 358 360 362 364 366 368 368 367 365 364 361 359 356 352 348 344 340 337 334 331 329 328 327 328 329 329 330 331 332 331 331 331 330 328 326 324 322 319 318 317 316
324 324 324 323 322 321 319 317 317 316 315 315 316 317 318 320 322 324 327 329 332 335 337 339 340 341 343 343 344 344 345 347 347 349 351 351 353 355 358 361 363 364 366 367 368 367 366 364 361 359 355 351 347 342 338 333 330 327 325 324 324 325 325 326 327 329 329 329 328 328 327 326 324 321 320 317 315 314 312
