Part_1_SDMs/env_data/future_climate_2070_RCP_8.5/bioclim_10.asc
NCOLS 444 
NROWS 438 
XLLCORNER -19 
YLLCORNER -35 
CELLSIZE 0.166666666666667 
NODATA_value -32768 
[rows 245 to 279 of 438, columns 237 to 315 of 444]
296 295 295 294 294 293 293 294 294 292 292 293 293 291 292 292 294 296 296 298 298 298 297 296 299 300 301 302 302 301 301 301 302 299 298 296 292 290 287 287 284 279 279 281 281 271 272 271 256 195 237 285 273 241 233 244 245 241 240 250 247 250 254 256 255 258 261 265 266 264 265 270 275 278 277 281 280 277 276
295 294 295 296 294 294 293 294 293 293 296 296 295 293 294 295 295 297 296 297 299 298 296 297 299 300 302 303 302 302 302 302 302 300 299 296 296 294 290 289 286 277 272 280 272 269 272 257 218 187 197 276 296 279 229 246 245 240 238 247 243 251 250 258 261 259 264 264 265 267 266 270 276 280 278 280 282 279 276
297 297 297 296 295 295 294 297 295 295 297 297 296 294 296 296 298 299 298 297 297 297 296 297 298 301 303 303 303 303 303 303 302 299 299 296 294 291 288 291 288 275 274 271 277 290 277 245 217 201 179 249 302 289 230 239 242 243 243 241 245 249 259 266 264 264 268 270 270 271 270 275 278 282 282 283 285 284 281
298 298 297 298 297 298 297 298 297 296 296 299 298 298 298 299 301 300 299 300 298 299 299 299 298 301 304 304 304 304 304 304 303 299 297 296 290 278 289 293 289 276 277 283 289 288 262 257 236 204 178 239 305 269 215 226 237 242 238 251 259 257 260 264 269 268 269 272 272 275 275 278 280 284 285 286 287 286 286
295 295 296 296 296 298 298 298 297 298 298 296 295 295 296 297 298 299 302 301 300 302 301 300 300 304 303 303 303 304 304 304 304 302 300 297 294 290 293 294 293 290 289 290 286 271 250 247 233 212 184 230 305 242 202 219 228 237 256 268 261 256 259 271 272 270 273 276 276 280 280 280 283 285 286 285 286 289 287
292 293 294 293 293 295 295 294 294 294 295 294 293 294 295 296 297 299 299 302 301 299 300 301 302 304 302 302 303 304 304 304 304 304 302 300 297 296 295 294 289 289 286 289 276 260 251 235 230 210 197 273 301 241 215 215 221 233 259 269 262 263 270 272 275 275 277 277 280 283 282 283 284 286 288 286 286 291 291
292 292 293 296 296 294 294 297 297 297 296 298 297 295 297 298 297 298 299 299 299 300 298 301 302 303 303 303 303 304 304 304 306 304 299 299 299 297 295 291 295 294 286 271 277 269 255 248 243 219 240 275 294 282 240 216 232 246 265 270 264 264 266 270 276 279 280 281 282 282 285 284 285 286 288 290 291 293 292
295 297 297 295 296 298 298 296 295 297 298 298 299 300 301 301 301 301 301 300 300 299 298 300 302 303 303 303 303 304 305 305 306 307 304 303 300 299 297 295 286 293 291 288 287 290 271 266 252 213 269 281 288 289 249 224 247 261 264 264 271 271 271 270 277 281 281 283 284 286 288 288 286 287 290 290 290 288 288
298 296 296 294 294 295 296 297 297 295 296 297 298 298 299 302 301 302 302 301 301 300 299 298 300 302 303 303 302 304 304 305 306 308 308 306 304 302 298 295 295 294 290 291 292 293 289 275 248 222 276 289 282 288 281 249 254 260 259 267 268 272 269 272 279 282 284 286 287 289 289 291 289 290 289 287 286 285 287
298 297 295 296 296 295 293 295 297 299 297 296 296 298 299 301 302 301 300 300 301 300 301 298 298 301 303 303 302 303 304 306 307 307 307 307 304 302 300 299 297 293 295 293 287 291 294 290 252 248 264 284 286 289 288 256 254 250 255 264 271 272 272 273 279 284 285 287 289 291 290 291 292 291 291 289 287 285 286
297 298 298 297 296 295 295 294 296 298 299 298 298 297 298 301 303 301 298 299 299 298 300 300 297 300 303 302 300 302 303 306 307 308 307 307 307 305 297 296 297 298 295 284 291 292 292 293 278 266 253 274 291 290 288 255 263 253 265 266 271 274 272 270 279 285 287 288 290 292 294 292 293 295 293 290 287 286 286
295 295 296 297 298 296 294 293 295 297 299 298 299 299 298 301 304 300 299 301 300 298 300 300 298 299 301 302 300 301 302 305 307 308 307 307 306 303 303 302 300 296 289 284 282 284 291 292 291 271 237 260 290 291 285 276 270 265 270 271 269 274 276 275 282 285 287 289 291 293 292 294 296 296 294 290 288 288 287
294 294 297 299 297 296 295 295 296 297 300 298 298 298 298 300 303 304 304 304 301 298 298 300 299 297 298 299 298 299 303 306 308 307 306 306 305 302 304 301 297 294 290 285 277 281 283 287 289 281 234 240 289 291 292 288 277 271 269 272 270 272 278 280 284 285 287 290 291 293 295 295 297 297 292 289 288 288 287
293 292 292 297 298 297 296 297 296 298 300 300 299 298 299 301 303 304 302 303 302 297 297 300 297 297 295 298 298 298 303 306 308 307 306 305 302 298 303 299 299 293 294 288 284 283 280 280 287 280 262 242 290 290 291 290 279 275 272 273 274 274 277 280 284 286 289 292 293 294 295 296 295 293 290 289 287 287 286
293 297 297 296 299 298 300 299 297 299 299 298 301 299 299 302 302 305 302 301 304 299 297 300 295 294 296 297 299 300 303 306 308 305 305 304 300 299 300 298 297 295 289 280 274 280 283 274 284 279 265 250 287 289 290 290 281 277 263 264 269 273 277 282 286 288 291 293 295 295 295 295 296 294 292 288 286 289 287
290 296 299 298 296 298 297 299 301 299 299 299 298 300 298 298 302 304 302 300 303 300 298 298 294 295 296 297 298 297 303 304 306 305 303 302 297 293 299 299 298 295 290 283 281 284 287 280 277 280 261 250 264 289 289 287 278 265 254 258 266 269 275 280 285 290 292 293 295 296 295 296 295 292 289 290 289 289 286
295 296 298 295 294 296 295 296 296 300 301 300 299 298 298 299 301 305 302 301 301 297 296 297 294 294 296 297 294 296 299 303 303 301 300 301 296 297 301 298 299 295 293 289 287 291 288 278 270 277 262 265 254 287 288 289 274 276 276 265 260 262 272 283 288 292 294 294 296 297 297 297 296 294 289 288 289 287 283
296 297 297 294 294 295 295 295 294 299 300 299 299 298 296 298 302 306 300 303 298 296 294 295 294 296 295 294 294 297 299 301 301 297 299 300 301 301 302 301 299 296 292 293 293 291 286 282 273 269 269 272 278 287 288 289 286 272 275 269 265 267 280 288 291 293 296 297 298 299 299 298 296 295 292 289 285 282 279
298 295 297 295 293 293 295 294 293 297 300 299 297 295 294 299 304 305 298 306 302 297 292 292 294 294 294 295 296 294 296 297 299 296 295 298 299 301 302 301 299 296 298 295 292 290 287 284 282 278 271 278 286 288 289 290 290 273 266 258 259 266 281 289 291 295 297 298 298 300 299 298 297 295 293 290 285 278 274
299 295 295 294 292 292 294 293 292 295 295 297 294 291 291 296 301 300 303 307 303 294 291 290 291 293 294 293 290 292 294 295 298 293 291 295 299 300 302 301 300 299 298 296 292 288 286 283 281 272 259 271 286 289 290 276 271 269 265 265 254 274 284 288 293 295 298 299 299 300 300 299 297 295 293 290 285 281 275
296 299 295 292 294 292 293 291 290 292 291 293 292 289 288 292 295 297 303 302 297 292 293 291 290 291 290 289 290 290 287 295 292 289 290 294 298 300 300 300 299 297 294 296 291 286 284 280 276 276 262 259 276 290 291 278 252 276 271 266 276 284 291 293 296 295 297 300 299 300 300 299 297 295 293 290 287 280 274
294 299 297 294 295 292 292 290 289 288 288 289 287 285 285 288 289 297 299 299 301 298 296 292 288 287 286 287 286 285 282 290 286 286 292 295 297 299 301 300 299 294 295 294 295 290 285 280 272 274 267 259 264 287 293 294 288 289 284 284 279 294 302 301 302 300 295 300 300 299 299 298 297 295 292 290 286 281 274
294 297 298 298 295 292 291 288 286 286 285 285 283 281 280 285 287 292 293 297 295 297 297 294 291 289 285 284 284 284 280 282 280 285 292 295 298 297 300 300 298 294 295 294 293 293 291 285 275 271 271 259 259 276 295 296 298 301 298 293 289 296 305 307 307 307 298 297 298 298 297 296 295 293 291 288 285 281 276
292 295 295 296 295 294 289 287 284 285 284 281 282 279 278 281 282 287 288 293 292 295 296 294 294 292 285 284 282 283 282 277 278 283 291 296 297 294 298 300 300 300 300 298 297 296 293 289 282 271 273 258 256 274 291 298 300 303 306 307 304 305 309 312 311 309 300 291 297 298 296 295 293 291 289 287 284 281 277
293 291 294 294 292 292 289 284 283 283 281 281 281 278 277 278 280 280 284 287 290 293 293 294 292 291 282 280 280 279 282 278 273 281 289 295 293 292 297 302 301 304 303 300 302 300 296 292 285 276 269 256 259 271 265 297 303 306 309 312 310 308 310 314 313 312 299 293 294 297 297 295 292 291 289 287 284 281 278
293 290 294 291 293 288 288 288 286 284 283 281 282 279 277 278 280 280 284 285 288 292 292 289 284 285 279 277 278 280 280 279 275 278 289 293 289 287 298 303 302 305 306 306 305 301 299 296 286 278 263 251 254 267 260 286 296 311 313 316 316 308 306 312 313 312 309 300 293 296 296 294 292 290 287 284 282 279 277
291 292 294 290 293 290 286 288 285 282 283 281 282 281 277 278 281 281 284 285 288 288 287 284 281 278 278 279 281 279 276 279 278 278 288 292 287 289 298 303 303 306 303 306 306 302 296 295 285 274 258 256 256 266 261 268 249 287 316 319 318 312 307 307 307 310 308 302 295 293 293 291 289 287 284 282 278 276 271
292 291 292 290 292 290 286 286 287 282 282 281 281 282 278 278 281 280 283 283 284 284 283 280 281 276 277 278 280 277 275 281 283 287 290 288 291 291 301 302 302 301 301 304 303 304 296 290 283 267 262 263 257 264 261 260 245 260 315 322 324 317 308 309 309 306 305 303 296 288 279 282 282 282 279 278 276 271 265
291 289 291 292 290 291 283 286 286 283 281 280 283 283 280 279 281 280 282 281 284 281 281 279 281 278 276 280 281 281 281 287 286 284 285 287 292 297 300 299 298 297 301 300 298 304 298 281 275 269 270 267 271 265 257 252 244 255 313 322 323 312 304 307 307 297 300 300 300 291 283 276 278 277 270 270 268 263 259
291 289 290 291 288 292 287 288 284 282 281 281 283 281 277 279 281 279 280 279 282 279 280 280 280 279 276 281 280 284 287 290 287 290 287 285 287 295 300 300 298 296 294 295 286 302 300 288 286 279 273 277 269 259 257 251 253 269 305 321 322 318 299 296 294 278 280 296 299 299 289 280 282 280 274 266 264 260 256
289 289 289 291 287 291 285 288 284 281 282 281 282 283 279 280 281 278 280 279 282 280 280 278 278 277 278 278 283 289 292 293 293 291 293 291 293 294 302 304 299 289 283 283 288 295 295 292 296 291 281 284 279 264 258 256 270 282 301 316 321 320 300 282 277 262 251 263 295 299 301 292 284 284 275 267 266 265 263
285 287 288 289 287 290 287 287 286 281 282 282 284 284 281 281 281 280 280 277 282 281 279 279 277 276 277 277 280 285 287 294 296 296 295 297 300 302 304 303 293 279 271 271 290 289 291 283 292 295 288 287 279 265 262 271 283 287 296 300 316 319 311 277 263 253 247 246 272 299 300 301 294 285 277 273 267 269 265
283 286 284 288 285 289 289 284 287 281 282 282 286 284 280 281 280 280 279 277 280 282 279 278 277 277 277 277 278 277 280 293 295 296 296 301 303 304 303 296 287 274 270 269 285 284 281 276 281 287 286 288 274 262 273 293 293 295 295 293 312 316 314 290 261 253 245 246 257 296 300 301 300 291 281 277 271 271 268
283 286 284 287 285 286 288 283 288 282 282 283 286 282 279 281 280 280 278 278 283 279 278 278 277 278 277 278 279 280 285 291 291 295 301 304 304 303 290 276 263 264 269 266 273 274 281 284 285 281 286 290 281 276 289 298 298 300 298 301 312 312 311 304 268 254 248 246 252 262 298 298 299 299 294 281 274 273 265
286 286 286 287 285 282 286 284 287 283 281 284 286 280 280 279 279 280 279 279 284 279 277 278 277 278 277 277 279 282 286 286 282 297 304 304 303 300 274 255 260 262 265 267 274 280 286 287 280 276 293 294 282 283 294 298 297 297 296 300 303 303 305 304 272 253 246 246 253 253 287 292 288 292 295 292 278 266 255
