Part_1_SDMs/env_data/future_climate_2070_RCP_8.5/bioclim_16.asc
NCOLS 444 
NROWS 438 
XLLCORNER -19 
YLLCORNER -35 
CELLSIZE 0.166666666666667 
NODATA_value -32768 
[rows 140 to 174 of 438, columns 237 to 315 of 444]
485 485 489 499 516 535 554 568 576 582 573 554 537 517 501 486 473 457 442 426 411 395 381 366 350 340 332 325 317 315 317 317 311 308 302 299 292 287 280 276 280 273 276 274 267 259 252 247 243 244 247 240 237 238 239 237 234 236 235 237 234 234 233 233 233 233 234 236 239 245 239 239 248 262 277 289 305 303 301
495 495 502 517 540 561 568 577 582 584 578 558 539 523 508 497 485 473 460 448 432 416 401 389 361 348 338 328 324 322 323 320 316 311 306 302 296 291 290 285 286 285 288 288 285 274 267 265 261 258 256 253 254 256 255 253 251 249 252 251 248 246 243 243 243 245 245 244 246 252 250 249 256 267 279 294 309 306 311
503 505 512 532 543 550 555 562 571 580 570 553 538 526 511 501 494 487 478 468 453 436 426 400 366 344 336 335 329 326 322 319 314 309 304 301 297 296 295 293 292 294 298 302 297 288 282 281 277 275 272 272 274 279 273 271 270 269 270 267 262 259 256 255 253 252 252 251 252 250 248 252 260 269 278 292 304 305 313
511 515 522 527 535 539 548 554 561 558 560 547 530 517 507 504 503 502 497 488 475 459 445 420 383 356 341 336 328 324 318 314 311 307 302 300 299 298 298 301 299 302 306 310 307 301 297 297 296 294 292 293 295 296 295 293 293 291 288 283 276 272 269 266 264 262 261 259 259 256 253 257 265 272 280 294 304 310 314
518 522 519 525 529 533 537 541 547 544 544 530 513 504 504 508 513 517 520 517 505 496 479 449 399 369 349 337 326 317 315 312 307 302 299 299 301 301 305 309 307 307 312 318 314 313 313 315 316 312 313 315 318 320 319 318 317 311 305 296 289 285 282 278 274 272 270 268 268 268 269 268 271 276 284 296 306 312 322
524 529 525 526 524 525 528 533 541 537 529 513 499 496 501 509 519 532 540 543 540 527 512 479 427 392 358 334 315 309 312 309 306 302 298 298 300 303 310 312 311 313 319 325 326 325 328 329 332 330 332 337 341 342 341 340 338 330 320 308 302 299 294 289 285 282 279 276 275 275 276 276 276 280 287 297 307 316 339
521 524 526 524 522 523 526 533 538 536 524 501 488 491 502 516 532 546 562 576 582 572 550 516 458 411 373 341 314 308 311 309 306 306 304 303 303 304 308 314 316 320 327 330 333 336 336 340 344 347 351 358 362 363 361 358 354 345 333 322 316 312 306 300 296 292 288 284 282 279 278 276 277 282 290 300 312 322 338
528 530 529 529 524 523 525 529 536 533 518 494 493 499 506 519 538 564 599 620 634 626 597 559 503 442 394 359 331 318 315 314 312 312 311 310 312 311 315 315 321 325 331 335 343 343 345 351 356 362 369 378 382 381 378 373 367 357 346 337 330 323 317 311 306 302 298 293 289 284 282 278 279 286 294 303 314 327 343
533 535 537 530 525 523 529 527 530 525 517 511 516 511 512 524 551 584 625 662 691 680 634 587 538 470 416 375 349 334 327 324 322 321 320 320 320 321 323 324 327 332 334 340 348 350 352 360 367 376 386 396 401 398 394 386 378 368 358 351 342 335 328 322 317 313 309 303 297 292 288 286 287 290 295 304 313 327 344
545 546 544 538 529 526 525 528 525 527 528 529 528 520 518 528 560 596 623 685 744 727 641 604 559 477 427 390 363 348 339 335 334 333 332 332 331 332 331 332 334 337 340 344 348 352 359 367 377 388 399 409 411 409 408 399 388 377 370 363 353 346 338 332 328 326 322 315 306 301 297 295 296 293 295 302 313 327 343
560 556 552 545 537 532 529 532 530 536 542 539 536 531 529 532 558 577 617 687 765 742 642 614 556 474 426 396 375 361 353 348 348 347 347 346 345 343 341 342 342 343 346 349 352 357 367 374 385 396 405 413 416 417 415 407 394 382 373 368 363 357 349 341 339 340 340 334 322 313 305 299 295 290 292 302 315 332 347
576 570 563 556 549 543 541 542 534 535 542 545 542 547 545 552 569 594 627 674 715 704 647 597 535 475 431 403 384 371 364 360 360 360 361 360 358 354 352 351 350 350 351 353 356 361 369 380 392 400 408 415 417 415 412 407 395 385 379 374 371 367 360 355 353 359 364 359 343 327 314 302 291 285 290 304 318 335 354
591 584 577 568 564 558 552 545 541 536 533 537 541 548 565 575 578 598 633 660 661 617 555 522 489 456 424 401 387 377 371 370 371 373 376 372 370 364 362 359 357 356 357 358 360 363 370 380 392 404 413 418 418 420 418 409 395 386 382 381 380 381 378 376 376 380 387 382 359 339 322 307 292 280 288 305 325 343 361
603 598 592 584 575 569 561 551 549 549 547 532 531 531 560 570 572 595 631 633 597 550 498 474 456 435 413 396 386 381 378 378 380 382 383 381 378 374 370 368 364 363 363 362 363 365 370 380 392 405 416 421 423 424 424 415 402 395 392 393 399 411 398 401 399 398 397 389 369 348 330 314 301 292 296 311 331 348 368
617 614 608 598 587 580 566 559 558 553 548 535 528 527 553 575 587 607 612 592 554 518 486 460 440 420 406 395 388 386 384 384 387 387 389 387 384 380 377 374 371 370 369 368 367 367 372 381 396 407 417 423 430 438 438 428 417 411 410 406 405 411 426 438 427 414 406 394 376 357 340 325 314 308 311 322 337 354 375
632 628 623 611 601 588 577 572 568 560 552 544 539 543 558 575 586 595 592 567 539 509 487 461 438 414 398 394 392 391 390 390 391 391 392 390 388 385 383 379 378 377 375 374 373 373 375 386 402 412 421 432 443 459 459 448 438 431 432 425 420 427 440 474 456 443 422 403 384 366 350 337 328 323 325 335 348 365 385
648 643 637 627 617 603 593 586 578 570 566 567 560 559 567 575 581 587 577 558 538 515 493 472 447 425 410 404 400 398 396 394 394 393 393 392 391 389 387 384 384 382 381 381 381 382 389 399 410 419 433 445 457 479 477 469 463 454 452 447 440 440 468 494 490 469 437 412 393 376 361 349 341 337 339 348 362 377 396
668 661 655 645 634 621 611 601 593 588 589 583 578 577 581 585 588 588 573 558 542 525 508 488 466 446 431 421 414 407 402 399 396 394 393 393 392 391 390 389 389 388 387 388 390 393 402 409 419 431 444 456 469 489 490 486 480 474 475 476 464 457 470 483 478 457 433 417 399 384 370 360 353 350 352 361 373 389 408
687 681 674 664 652 640 628 617 608 601 594 593 597 595 590 586 586 586 576 560 549 538 526 509 488 468 450 438 427 418 411 404 399 396 395 394 394 394 394 394 394 393 393 394 399 404 412 422 434 445 454 466 482 488 491 492 487 486 491 502 486 478 482 473 466 457 443 424 407 391 378 370 364 362 363 372 384 398 416
706 701 693 682 670 657 645 634 624 614 607 604 602 596 592 589 587 583 574 566 557 550 542 528 508 488 470 455 442 431 422 412 404 399 399 397 398 397 398 399 398 399 399 401 407 414 423 439 447 455 463 479 494 497 498 494 494 496 502 511 508 497 488 478 467 456 445 430 413 398 386 379 374 372 374 381 393 406 424
721 717 709 698 687 675 663 650 639 628 620 612 607 602 597 591 589 584 577 571 566 559 551 538 522 504 488 473 460 447 435 424 413 406 404 402 403 404 405 406 406 405 406 408 415 422 433 446 455 463 473 488 495 497 502 501 500 504 512 531 529 509 496 483 477 462 447 433 417 402 392 386 382 380 382 389 400 413 431
731 728 722 713 703 692 679 665 653 642 633 621 614 608 601 597 595 589 582 577 571 565 558 547 533 519 506 493 479 464 451 438 427 419 414 412 412 412 413 413 414 415 416 419 425 431 441 454 463 472 480 490 495 502 510 509 507 514 520 538 534 511 502 490 481 467 453 438 421 407 398 392 389 388 390 395 405 416 434
741 739 734 728 718 707 695 681 667 655 643 632 624 615 609 605 603 597 589 582 577 571 564 554 544 533 522 512 499 482 467 454 443 434 429 426 424 423 424 424 425 426 427 431 436 443 450 461 474 479 492 499 501 504 518 516 515 533 546 534 522 511 504 495 489 477 459 443 426 411 402 396 395 394 396 400 407 418 434
751 749 746 741 734 723 709 695 681 667 654 644 633 626 620 616 606 599 592 588 583 577 570 561 552 543 535 528 515 498 484 471 460 452 445 441 439 437 437 437 437 438 440 444 448 454 461 470 480 489 502 509 514 514 515 521 525 535 536 530 525 518 509 503 500 492 471 449 430 413 405 403 401 401 402 404 410 418 430
760 759 756 753 748 737 723 708 693 679 665 655 640 628 623 618 610 603 599 594 588 582 575 568 560 552 544 536 525 512 499 488 478 469 464 459 455 453 451 451 451 451 453 456 461 467 473 480 489 499 505 512 517 524 525 529 535 535 542 539 529 522 517 514 510 503 484 458 435 416 408 409 411 411 411 411 413 418 426
769 767 765 763 758 748 734 719 703 688 675 661 645 633 627 619 614 609 604 599 593 588 582 573 566 559 551 544 535 525 515 505 496 488 482 477 473 470 467 466 465 466 467 470 474 479 485 492 499 507 513 520 526 530 538 540 542 543 543 541 534 535 530 526 520 510 494 471 446 422 417 424 426 424 421 418 416 417 421
777 775 773 770 764 755 742 728 713 699 685 669 659 643 632 628 623 620 615 607 601 595 588 580 574 566 560 553 546 537 529 521 514 507 501 495 491 487 483 481 480 481 481 484 487 492 497 504 511 518 525 531 537 542 546 550 554 554 552 550 546 559 550 539 530 520 507 493 475 454 452 452 448 442 434 427 421 418 418
786 781 780 777 770 761 749 736 722 710 695 681 668 658 647 638 633 627 624 616 610 604 596 587 581 576 568 563 558 551 544 538 531 525 520 514 509 504 500 498 496 495 496 498 501 505 511 517 523 530 537 542 548 553 558 562 565 565 564 563 562 560 556 550 541 532 526 522 523 520 509 493 477 462 448 437 428 421 417
796 793 790 785 777 767 756 744 731 718 707 698 681 674 661 650 644 637 631 624 617 611 602 594 587 582 577 573 570 565 560 555 549 543 537 531 526 521 517 513 512 510 511 512 515 519 524 530 536 542 549 554 560 565 569 573 575 576 577 576 576 574 570 563 552 542 538 547 570 593 568 532 504 481 463 448 436 427 420
805 804 800 792 783 773 762 753 742 731 715 705 698 688 675 666 654 649 642 636 627 617 607 598 592 588 586 585 584 580 575 571 566 560 555 548 542 537 532 529 527 525 525 527 529 532 538 543 549 555 561 567 572 577 580 584 585 587 587 587 588 590 588 579 564 548 539 555 588 619 595 556 523 497 475 458 443 433 426
811 809 805 797 788 778 767 757 746 735 724 715 709 702 688 678 666 659 660 652 637 627 615 604 598 597 598 598 599 597 593 587 582 577 571 565 558 552 548 544 541 540 539 541 543 547 551 556 562 568 574 580 584 588 591 594 595 596 596 597 599 602 605 598 576 552 534 550 579 597 586 561 532 507 485 466 451 439 432
815 813 808 801 793 783 773 763 752 743 731 721 712 706 696 688 682 679 678 664 649 639 627 614 610 610 613 613 613 609 608 604 598 593 587 580 575 569 563 559 556 554 553 555 557 560 565 570 576 581 587 592 596 599 601 602 603 603 604 603 604 607 614 610 586 563 549 555 571 579 573 556 535 513 492 473 458 446 438
818 816 811 805 796 788 779 770 758 749 740 729 718 712 706 702 701 709 692 676 663 648 637 632 629 631 630 629 631 629 626 619 614 609 605 598 592 584 578 572 568 566 566 567 570 574 578 583 588 594 600 604 607 610 611 610 610 610 608 606 604 604 606 601 588 573 564 563 567 569 563 551 535 516 498 480 465 454 446
822 820 814 808 800 791 783 774 764 757 751 739 728 726 718 725 726 721 710 692 674 661 656 653 652 651 648 647 649 644 639 636 630 623 619 612 605 599 592 586 580 577 578 580 583 586 590 595 601 607 612 616 618 620 620 619 618 616 612 607 601 594 594 593 587 579 573 569 568 564 557 549 536 520 503 487 473 461 452
831 826 817 810 803 795 788 778 771 762 760 751 737 734 738 738 738 729 723 702 688 680 679 685 674 675 670 669 665 660 655 649 644 639 632 627 622 614 606 600 591 587 588 592 595 599 602 607 612 618 624 627 628 629 628 628 626 622 617 609 600 590 587 588 585 580 577 574 570 565 559 550 539 524 509 494 480 469 461
