Part_1_SDMs/env_data/future_climate_2070_RCP_8.5/bioclim_3.asc
NCOLS 444 
NROWS 438 
XLLCORNER -19 
YLLCORNER -35 
CELLSIZE 0.166666666666667 
NODATA_value -32768 
[rows 216 to 251 of 438, columns 166 to 248 of 444]
-32768 -32768 -32768 -32768 -32768 -32768 78 78 78 79 78 79 79 80 80 80 81 81 81 82 82 82 82 82 82 82 83 83 82 82 83 83 84 85 85 85 85 84 83 83 83 82 81 81 80 80 80 81 81 81 82 82 82 81 81 80 79 80 80 80 80 80 81 80 80 80 80 80 80 79 80 80 80 80 80 81 80 79 79 79 81 82 82
-32768 -32768 -32768 -32768 -32768 77 77 78 78 78 78 79 79 79 80 80 80 80 81 81 81 82 82 82 81 82 82 82 83 83 83 83 84 85 85 85 85 84 84 83 83 83 81 80 80 80 81 82 82 82 82 82 82 82 81 80 80 80 81 81 81 81 81 81 81 81 80 80 80 80 80 80 80 80 80 81 81 80 80 80 80 82 81
-32768 -32768 -32768 -32768 -32768 75 76 76 78 78 78 78 79 79 79 79 79 79 79 80 80 81 81 81 80 81 82 82 82 83 83 83 84 84 85 85 85 85 84 84 83 82 81 80 81 81 81 82 83 83 82 82 83 82 82 81 80 81 81 80 81 81 81 81 81 82 81 80 80 81 81 80 81 80 80 81 81 81 81 81 81 82 82
-32768 -32768 -32768 -32768 73 73 75 76 77 76 77 77 78 78 78 78 79 79 79 79 79 79 80 80 80 81 81 81 82 82 83 82 83 84 84 85 85 85 84 84 83 82 82 81 80 81 81 82 83 84 84 84 83 83 82 82 82 82 81 82 81 81 81 82 82 82 81 82 82 81 81 81 81 81 81 82 81 81 81 81 81 82 82
-32768 -32768 -32768 -32768 72 72 72 74 75 76 77 76 77 77 78 78 78 78 78 78 78 79 79 80 79 80 80 80 81 82 82 82 83 83 84 85 85 85 84 84 83 83 83 82 81 81 82 82 83 84 85 84 84 83 82 83 82 82 82 82 82 82 82 82 82 82 82 81 81 81 82 82 82 82 81 82 81 81 81 81 81 82 82
-32768 -32768 -32768 -32768 71 71 71 72 74 76 76 76 76 76 76 77 76 76 76 78 78 79 78 78 78 79 79 80 80 81 82 82 83 83 84 85 85 85 85 85 84 84 82 82 82 82 83 83 83 84 84 84 84 83 83 83 82 83 83 83 82 82 82 83 83 83 83 83 82 82 82 82 82 81 81 81 81 81 81 81 81 81 81
-32768 -32768 -32768 68 69 70 70 72 73 74 75 76 76 76 76 76 76 75 76 77 76 78 77 78 77 78 79 79 81 81 81 83 82 83 84 85 85 84 85 85 85 83 83 82 82 83 83 84 83 84 84 84 84 84 83 83 83 83 83 84 83 83 83 83 84 83 83 83 82 83 83 82 82 82 82 81 81 81 81 81 81 81 82
-32768 -32768 -32768 -32768 -32768 70 70 70 72 73 75 75 75 75 76 76 76 76 75 76 77 77 78 77 77 77 78 79 80 81 81 82 82 83 83 85 84 84 84 85 84 84 82 83 83 83 83 84 84 85 85 85 85 84 84 84 84 83 83 84 84 84 84 83 84 83 83 82 82 82 82 82 82 82 81 81 81 81 81 81 81 81 81
-32768 -32768 -32768 67 68 69 71 71 71 73 74 74 75 75 76 76 75 75 76 76 76 77 76 77 77 77 78 79 79 80 81 82 82 82 83 84 84 85 85 85 84 84 84 84 83 84 84 85 85 85 85 85 85 85 84 85 84 84 84 84 84 84 83 83 83 83 82 82 82 82 82 82 81 81 81 81 81 82 82 81 81 81 82
-32768 -32768 -32768 -32768 70 70 71 71 71 73 74 74 75 75 75 76 75 76 76 76 77 76 77 77 77 77 78 78 78 80 80 81 81 82 82 84 84 85 85 85 85 85 84 84 84 85 85 85 85 85 85 85 85 85 85 85 85 85 84 85 84 84 83 83 83 83 82 82 82 82 82 82 82 82 82 82 82 82 82 83 82 82 82
-32768 -32768 -32768 70 71 72 71 72 72 73 73 73 74 75 75 75 76 76 76 77 77 77 77 77 77 77 77 78 79 79 81 81 82 82 81 82 84 85 86 86 85 84 84 84 85 84 86 85 85 85 86 86 85 85 85 85 84 85 85 85 84 84 83 83 83 83 82 82 81 81 81 81 82 82 82 83 82 82 82 82 82 82 82
-32768 -32768 -32768 71 71 71 71 71 72 72 73 73 74 75 75 75 76 77 76 77 77 77 78 78 78 77 77 78 79 79 80 80 81 81 81 82 83 84 86 86 86 84 83 85 85 85 85 85 85 85 84 84 84 85 85 85 85 85 84 85 84 84 83 83 82 82 82 81 81 82 82 82 82 83 83 83 82 82 83 83 82 82 82
-32768 -32768 -32768 69 70 71 71 71 72 72 72 73 74 75 75 75 76 75 76 77 78 77 77 77 77 78 78 78 79 80 80 80 81 81 81 82 83 84 86 86 86 85 86 85 85 84 85 85 85 85 84 84 85 84 84 84 85 85 85 84 84 83 83 82 83 82 81 80 81 81 81 82 82 83 83 83 83 83 83 82 82 82 82
-32768 -32768 -32768 68 68 70 70 71 71 72 72 73 74 74 75 75 75 76 76 76 76 77 77 78 77 77 77 78 78 79 80 80 81 81 81 82 83 84 86 86 86 86 85 85 85 85 85 84 84 84 84 83 84 84 84 84 84 85 84 84 83 83 82 81 81 81 80 80 79 81 81 83 83 84 84 83 83 83 83 83 83 83 83
-32768 -32768 -32768 67 68 69 69 70 71 71 71 73 73 74 75 75 75 76 76 76 77 76 77 76 76 77 77 78 78 79 79 80 80 81 81 82 83 84 85 86 86 85 85 85 85 86 85 85 84 84 84 84 84 84 84 83 84 83 84 84 83 83 82 81 81 80 80 79 79 80 82 82 83 83 84 84 84 83 83 83 83 83 84
60 63 64 66 68 69 68 69 70 70 71 73 73 74 75 76 76 75 75 76 76 76 76 76 76 77 77 78 78 78 79 79 80 81 81 82 83 84 85 86 86 86 85 85 86 85 85 85 84 83 83 83 82 82 83 83 83 83 84 83 83 82 82 81 81 80 80 79 79 80 82 82 83 83 83 84 84 84 84 83 83 83 84
59 63 64 65 66 68 68 69 69 70 71 73 74 74 74 75 75 76 76 75 76 76 77 76 76 76 77 77 78 78 79 79 80 81 82 81 83 84 85 86 86 86 86 85 85 84 84 84 84 84 83 82 82 82 82 83 82 83 82 83 83 82 82 82 81 81 80 80 80 80 81 82 83 83 84 84 84 84 84 84 84 83 83
60 62 64 66 66 67 68 68 70 71 72 73 74 74 74 74 76 76 75 75 75 75 76 76 76 76 77 77 77 78 79 79 80 81 81 82 82 84 85 85 85 86 86 85 84 84 84 84 83 82 82 81 82 82 81 82 83 82 82 83 83 82 82 82 81 81 81 80 80 81 81 82 83 83 83 83 84 84 84 84 84 84 84
-32768 63 64 65 66 67 68 69 70 71 73 73 74 74 74 74 74 75 75 75 76 76 76 76 77 77 77 77 78 79 78 79 80 81 82 82 83 84 84 86 86 86 85 85 85 84 84 84 83 82 81 80 81 81 81 82 82 82 82 82 83 82 81 82 82 81 81 81 81 81 82 82 83 83 83 83 84 84 85 85 85 85 85
-32768 64 65 65 66 68 68 69 71 71 73 73 73 74 74 74 74 75 74 75 75 75 75 76 76 78 77 77 78 79 79 79 80 81 81 82 83 84 85 86 86 86 86 85 85 85 84 84 83 83 81 81 81 82 82 82 82 82 82 83 83 81 81 81 82 82 81 81 82 82 82 82 83 82 83 84 83 84 84 84 85 85 85
-32768 -32768 65 66 67 67 68 69 71 71 72 73 73 73 73 73 74 73 74 74 75 75 76 76 77 77 77 78 78 78 79 79 80 81 81 82 83 83 85 85 86 86 86 86 85 85 84 84 85 83 83 82 82 82 82 81 82 82 82 82 83 82 82 81 81 81 81 81 81 82 82 83 83 83 83 84 84 84 84 84 84 85 85
-32768 -32768 66 66 67 67 68 69 70 71 71 72 72 72 73 73 73 73 73 74 74 74 75 76 77 77 78 77 76 78 78 79 80 80 81 82 83 83 85 86 86 86 86 85 86 86 85 85 85 83 83 84 83 82 82 82 82 82 82 82 82 81 81 82 82 81 81 82 82 82 83 83 83 83 84 84 84 84 84 84 84 84 85
-32768 -32768 -32768 66 67 67 68 69 70 71 71 71 71 71 71 72 72 72 73 73 73 74 74 75 76 76 77 76 77 77 77 78 78 80 80 81 83 83 85 85 86 86 86 86 85 86 86 85 85 85 84 84 83 83 82 82 82 81 82 83 82 82 82 82 82 82 82 82 82 82 83 82 82 83 83 84 84 84 84 84 84 84 85
-32768 -32768 -32768 66 66 67 68 68 69 70 70 71 71 71 71 71 71 72 72 73 73 73 74 74 74 75 76 76 76 77 77 77 78 79 80 81 82 83 85 86 86 86 87 87 87 86 86 86 85 85 85 85 84 84 83 83 82 82 82 83 82 82 82 82 82 82 82 82 82 82 82 82 82 83 83 84 83 84 84 83 84 84 84
-32768 -32768 -32768 -32768 66 66 68 68 68 69 70 70 70 70 70 70 70 70 71 72 72 72 73 74 74 74 75 74 74 75 75 76 77 78 79 80 81 83 85 86 86 87 87 87 87 88 86 86 86 86 85 85 84 84 83 83 83 83 82 82 82 82 82 83 82 82 82 83 82 82 82 82 83 83 83 84 83 83 83 83 84 84 84
-32768 -32768 -32768 -32768 -32768 66 67 67 68 68 69 70 69 69 70 69 70 70 70 70 71 71 71 72 72 72 73 73 73 74 75 76 77 78 79 79 81 84 85 85 86 87 87 88 87 87 88 86 86 86 86 84 84 84 84 83 83 83 83 82 83 83 83 82 82 82 82 83 82 82 82 83 83 83 83 83 83 83 83 84 83 84 84
-32768 -32768 -32768 -32768 -32768 66 67 67 67 68 69 68 69 69 70 69 69 69 69 69 70 70 70 70 71 71 72 72 72 73 74 75 76 77 79 81 83 84 85 86 86 87 87 87 87 87 87 87 88 86 86 86 85 84 84 83 83 84 83 83 83 83 83 83 82 83 83 83 83 82 83 83 83 83 83 83 83 82 83 83 83 83 84
-32768 -32768 -32768 -32768 -32768 -32768 66 66 67 68 68 68 69 68 69 69 68 68 68 68 68 68 69 69 69 70 71 71 72 72 72 74 76 77 78 80 82 82 83 83 84 84 85 86 86 86 87 87 86 86 86 86 86 85 84 84 84 85 83 83 83 83 84 82 83 83 83 83 83 83 83 83 84 83 83 83 83 83 82 82 82 83 83
-32768 -32768 -32768 -32768 -32768 -32768 -32768 66 66 66 67 67 67 66 67 67 68 67 67 67 67 67 67 68 68 68 70 70 70 71 71 73 74 76 77 79 80 80 81 82 83 83 83 83 84 85 86 86 85 86 85 85 86 85 85 84 85 85 84 84 84 84 83 83 83 84 83 84 84 83 83 84 84 83 83 82 82 83 82 82 82 83 83
-32768 -32768 -32768 -32768 -32768 -32768 -32768 -32768 66 66 66 67 66 65 65 66 66 66 65 66 66 66 66 66 67 67 68 68 69 70 71 72 73 74 76 77 78 78 78 80 81 80 81 82 83 84 85 84 85 85 84 84 84 84 86 85 85 84 84 85 84 84 83 84 84 84 84 84 84 83 83 83 83 83 82 82 82 82 82 82 82 83 83
-32768 -32768 -32768 -32768 -32768 -32768 -32768 -32768 -32768 65 66 66 66 66 65 66 66 65 65 65 65 65 65 66 66 67 67 68 68 69 70 71 72 73 74 76 76 77 78 78 79 79 80 81 82 82 83 83 83 84 84 85 85 85 86 86 85 85 84 85 85 85 85 84 85 85 84 84 84 84 83 83 83 83 82 83 82 83 82 82 82 82 83
-32768 -32768 -32768 -32768 -32768 -32768 -32768 -32768 -32768 -32768 65 65 66 65 65 65 64 64 64 64 64 64 64 65 66 66 67 67 68 68 69 71 71 72 73 74 75 76 76 77 78 77 79 80 81 81 82 83 83 83 83 84 84 84 85 86 86 85 84 85 85 86 86 85 85 84 85 84 83 84 83 83 83 83 83 83 83 83 83 82 82 82 82
-32768 -32768 -32768 -32768 -32768 -32768 -32768 -32768 -32768 -32768 -32768 65 64 65 65 64 64 62 63 63 63 63 63 65 66 66 66 66 66 68 69 69 71 71 72 73 73 74 75 76 77 77 78 79 81 80 81 82 82 83 83 84 84 84 85 87 87 85 85 85 85 85 85 85 85 84 84 84 84 84 84 83 83 84 84 84 83 82 82 82 83 82 82
-32768 -32768 -32768 -32768 -32768 -32768 -32768 -32768 -32768 -32768 -32768 -32768 64 63 63 63 63 62 62 61 62 62 63 64 65 65 65 65 65 66 67 69 70 70 71 72 72 73 74 75 76 76 77 79 79 80 81 81 82 83 83 83 83 84 84 86 86 86 86 86 85 85 85 85 85 85 85 85 84 84 84 83 84 84 83 83 83 83 83 83 83 83 83
-32768 -32768 -32768 -32768 -32768 -32768 -32768 -32768 -32768 -32768 -32768 -32768 -32768 62 62 61 61 61 61 60 60 61 62 63 63 64 64 64 64 65 67 68 69 70 70 71 71 71 72 75 76 76 77 78 78 79 80 81 82 81 81 82 83 84 84 85 86 86 86 86 85 85 85 84 85 85 85 85 84 85 85 84 84 83 83 83 83 83 83 84 83 83 83
-32768 -32768 -32768 -32768 -32768 -32768 -32768 -32768 -32768 -32768 -32768 -32768 -32768 -32768 60 60 58 58 59 59 60 60 61 63 63 63 63 63 63 65 66 68 69 68 69 70 70 71 72 73 74 75 77 77 77 79 80 81 81 81 82 82 82 83 84 85 85 86 87 87 86 86 85 85 85 86 85 85 85 85 85 84 83 84 83 83 83 83 83 84 84 84 84
