Part_1_SDMs/env_data/future_climate_2070_RCP_8.5/bioclim_2.asc
NCOLS 444 
NROWS 438 
XLLCORNER -19 
YLLCORNER -35 
CELLSIZE 0.166666666666667 
NODATA_value -32768 
[rows 108 to 143 of 438, columns 240 to 319 of 444]
148 149 150 151 151 151 151 152 152 152 152 152 152 153 153 154 155 155 156 157 157 158 158 159 160 160 160 161 162 162 163 164 164 164 164 164 165 165 165 166 166 166 167 168 168 168 168 169 169 169 169 170 170 170 169 169 168 166 165 164 162 160 159 157 156 155 153 153 151 150 149 148 147 145 143 140 138 136 135 135
152 153 153 153 153 153 152 152 152 151 151 151 152 152 152 153 154 155 155 156 157 158 158 159 159 159 160 161 161 162 163 164 164 164 164 164 165 165 165 166 166 166 167 167 168 168 169 169 169 169 170 170 170 170 170 169 169 168 167 165 164 162 160 159 157 156 155 154 153 152 151 150 149 148 146 143 141 139 138 137
158 157 157 156 155 154 153 152 151 151 151 150 151 151 152 152 153 154 155 156 156 157 158 158 159 159 160 160 161 162 162 163 163 163 164 164 164 165 165 165 166 166 167 167 168 168 169 169 169 169 169 170 170 170 170 170 169 169 168 166 165 163 162 160 159 158 157 156 155 154 153 152 152 151 149 146 144 142 140 139
164 163 161 159 157 155 153 152 151 150 150 150 150 151 151 152 153 154 154 155 156 156 157 158 158 159 159 160 160 161 161 162 162 163 163 164 164 164 165 165 166 166 167 167 168 168 168 169 169 169 169 170 170 170 170 170 170 170 169 167 166 164 163 162 160 159 158 157 156 155 154 154 154 153 151 149 147 145 143 141
170 168 165 162 159 157 154 152 150 149 149 149 149 150 151 152 153 153 154 155 156 156 157 157 158 158 159 159 159 160 160 161 161 162 162 163 163 164 164 165 166 166 167 167 168 168 169 169 169 169 169 169 169 170 170 171 172 171 170 168 166 165 164 162 161 160 159 158 157 156 156 155 155 154 153 151 149 147 145 143
175 172 169 165 161 158 155 152 150 149 148 148 149 150 151 152 153 154 154 155 156 156 157 157 158 158 158 158 159 159 159 160 160 161 161 162 163 163 164 165 165 166 167 167 168 168 169 168 169 169 169 169 169 169 170 171 171 171 170 168 167 166 164 163 162 161 159 159 158 157 157 156 156 155 154 152 151 149 147 145
180 176 172 168 164 160 156 152 150 148 148 148 149 150 151 153 153 154 155 156 156 157 157 157 158 158 158 158 158 158 158 159 159 160 160 161 162 163 164 164 165 166 166 167 168 168 168 168 169 169 169 169 169 169 169 170 170 170 169 168 167 166 164 163 162 161 159 159 158 157 157 157 156 156 155 154 152 151 149 147
184 179 175 170 165 161 157 153 150 149 149 149 150 151 153 154 155 156 156 157 157 158 158 158 158 158 158 157 157 157 158 158 158 159 159 160 161 162 163 164 165 166 166 167 168 168 169 169 169 169 169 169 168 168 169 169 170 169 169 168 167 166 164 163 162 160 159 159 158 158 157 157 156 156 155 154 153 152 150 148
186 181 177 172 167 163 159 155 152 151 150 151 152 153 154 155 156 157 158 158 159 159 159 159 159 158 158 157 157 157 157 157 157 158 158 159 160 161 162 164 165 165 166 167 168 168 169 169 169 169 169 169 169 169 169 169 169 169 168 168 167 166 164 163 161 158 158 159 158 157 157 156 156 155 155 154 153 152 150 149
186 182 178 173 169 165 161 157 155 153 152 153 153 155 156 157 158 160 160 161 161 161 161 160 160 159 158 157 156 156 156 156 156 156 157 158 159 161 162 163 164 165 167 167 168 169 169 169 170 170 170 170 170 169 169 169 169 169 168 167 166 165 164 163 160 159 158 158 157 157 156 156 155 155 154 153 152 151 150 149
186 182 178 174 170 166 163 160 157 155 155 155 156 157 158 160 161 162 163 164 164 164 163 162 161 160 158 157 156 155 155 154 155 155 156 157 159 160 162 163 164 165 167 167 168 169 169 170 170 170 171 171 170 170 170 170 169 168 167 167 165 164 163 162 160 159 158 157 156 156 156 155 154 154 153 152 151 150 150 149
184 181 178 174 171 167 164 162 160 158 157 157 158 159 161 162 164 165 166 167 167 167 166 164 163 161 159 158 156 155 154 154 154 154 155 157 158 160 161 163 164 165 167 168 168 169 169 170 170 171 171 171 171 171 171 170 169 168 167 166 164 163 162 160 159 158 157 156 155 154 154 153 153 152 151 151 150 149 149 149
182 180 177 174 171 168 166 164 162 160 160 160 161 162 163 165 166 168 169 170 170 169 168 166 164 162 160 158 156 154 153 153 153 154 155 156 158 160 161 163 164 166 167 168 168 169 169 170 170 171 171 172 172 172 171 170 169 168 167 165 163 162 160 159 157 156 155 154 154 153 152 152 151 150 150 149 149 148 148 148
180 178 176 174 172 169 167 165 164 163 162 162 163 164 165 167 169 170 172 172 173 172 170 168 166 164 161 158 156 154 153 152 152 153 154 156 158 159 161 163 164 166 167 167 168 169 169 170 170 171 171 172 172 172 172 171 169 167 166 164 162 161 159 157 155 154 153 152 151 151 150 150 149 149 148 148 147 147 147 147
177 176 175 173 171 169 168 166 165 165 164 164 165 166 167 169 170 172 173 175 175 173 172 169 167 164 162 159 157 155 153 152 153 153 155 156 158 160 161 163 164 166 167 167 168 168 168 169 170 170 171 171 172 172 172 170 169 167 165 163 161 159 157 155 153 152 151 150 150 149 148 148 147 147 147 146 146 146 146 147
175 174 173 172 171 169 168 167 166 165 165 165 166 167 168 170 171 173 174 175 176 174 173 170 168 166 163 161 159 156 155 154 154 155 156 157 159 160 161 163 164 165 166 167 167 167 168 168 169 169 170 170 171 171 170 169 167 165 164 162 160 158 156 154 152 151 150 149 148 148 147 146 146 145 145 145 145 145 146 147
173 172 171 170 169 168 168 167 166 166 165 166 166 167 169 170 171 172 174 175 175 174 173 171 169 167 164 162 160 159 157 156 156 157 157 158 160 161 162 163 164 165 165 166 166 166 166 167 167 167 168 168 169 168 168 167 165 164 162 160 159 157 155 153 151 150 149 148 147 147 146 145 145 144 144 144 144 145 146 147
171 170 170 169 168 167 167 166 165 165 165 165 166 167 168 170 171 172 173 173 174 173 172 170 169 167 166 164 163 161 160 159 159 159 159 160 161 162 162 163 163 164 164 164 165 165 165 165 165 165 166 166 166 166 165 164 163 161 160 159 157 155 154 152 151 150 149 148 147 146 145 144 143 143 143 143 143 144 146 147
169 169 168 167 167 166 165 165 165 164 165 165 166 167 168 169 170 171 171 172 172 172 171 170 169 168 167 166 165 164 163 162 162 162 162 162 162 163 163 163 163 163 163 163 163 163 163 163 163 163 163 163 163 162 162 161 160 159 158 157 156 154 153 151 150 149 148 147 146 145 144 143 143 142 141 142 143 145 146 147
167 167 167 166 165 165 164 164 164 164 164 165 165 166 167 168 168 169 170 170 170 170 170 170 169 169 168 168 167 167 166 166 165 165 164 164 164 164 163 163 163 162 162 162 162 162 161 161 161 161 160 160 160 159 159 158 157 157 156 155 154 153 152 151 150 149 148 147 146 145 144 143 142 141 141 142 143 145 146 148
165 165 165 165 164 164 163 163 163 163 164 164 165 166 167 167 168 168 168 168 169 169 169 170 170 170 170 170 170 169 169 169 168 168 167 166 165 165 164 163 162 162 161 161 160 160 159 159 159 159 158 157 157 156 156 155 155 154 154 154 153 152 151 150 150 149 148 147 146 145 144 143 143 142 142 143 144 146 147 149
164 164 164 164 163 163 163 163 163 163 163 164 165 166 166 167 167 167 167 167 167 168 169 170 170 171 171 171 172 172 172 172 171 170 169 168 167 166 164 163 162 161 160 159 159 158 158 157 157 156 156 155 154 153 153 153 153 153 152 152 152 151 151 150 149 148 148 147 146 145 144 144 143 143 144 144 145 147 148 150
162 162 163 163 163 163 162 162 163 163 164 164 165 166 166 167 167 167 167 167 167 168 169 170 171 172 173 173 174 174 175 175 174 172 171 169 168 166 165 163 162 161 159 158 158 157 157 156 155 155 154 153 152 151 151 151 151 151 151 151 151 150 150 150 149 148 148 147 146 145 145 145 145 145 146 146 147 149 150 152
161 161 162 162 162 163 163 163 163 164 165 165 166 166 167 167 167 167 167 167 167 168 169 170 172 173 174 175 176 176 176 176 175 174 172 171 169 167 165 164 162 160 159 158 157 156 155 155 154 153 153 152 151 150 150 150 150 150 150 150 150 150 149 149 149 148 147 147 146 145 146 146 147 147 148 149 150 151 152 154
159 160 161 161 162 163 163 164 165 165 166 167 167 168 168 168 168 168 168 168 168 169 170 171 173 174 175 176 177 177 178 177 176 175 174 172 170 168 166 164 162 160 159 158 156 156 155 154 153 152 152 151 150 149 149 149 149 149 149 149 149 149 149 149 148 148 147 146 146 146 146 147 149 150 150 152 153 154 155 156
158 159 160 161 162 163 164 165 166 167 167 168 168 169 169 169 169 169 169 169 170 171 171 173 174 175 176 177 178 178 179 178 177 176 174 172 170 168 166 164 162 160 159 157 156 155 154 153 153 152 151 150 150 149 149 148 148 148 148 148 148 148 148 148 148 147 147 146 146 146 147 149 151 152 154 155 156 157 158 158
157 158 159 161 162 163 165 166 167 168 169 169 170 170 170 170 170 170 170 171 171 172 173 174 175 176 177 178 178 179 179 179 178 177 175 173 170 168 166 164 162 160 159 157 156 155 154 153 152 151 151 150 149 149 149 148 148 148 148 148 148 148 148 148 148 147 147 147 146 147 149 151 153 155 157 158 159 159 160 161
155 157 158 160 162 164 165 167 169 169 170 171 171 171 171 171 171 171 172 172 172 173 174 174 175 176 177 178 179 179 179 179 178 177 175 172 170 168 166 164 162 160 158 157 155 154 153 152 151 151 150 150 149 149 148 148 148 147 147 147 147 147 147 147 147 147 148 147 148 149 151 153 156 158 160 161 162 162 162 163
154 155 157 159 161 164 166 168 170 171 171 172 172 172 172 172 172 173 173 173 173 174 174 175 176 176 177 178 179 179 179 179 178 176 174 172 170 167 165 163 161 160 158 156 155 153 153 152 151 150 150 149 149 149 148 148 147 147 146 146 146 146 146 147 147 147 148 148 149 151 153 156 159 161 163 164 165 165 165 164
152 154 156 158 161 163 165 168 170 171 172 172 172 173 173 173 173 173 174 174 174 174 175 175 176 176 177 178 178 178 178 178 177 175 173 171 168 166 164 162 161 159 157 156 154 153 152 151 150 149 149 148 148 148 148 147 146 146 145 145 145 145 145 146 146 147 148 149 151 153 155 158 162 165 166 167 167 167 166 166
151 153 155 157 159 162 165 167 169 171 172 172 173 173 173 174 174 174 174 174 175 175 175 175 175 176 176 176 177 177 177 176 175 173 171 169 167 165 163 161 159 158 156 155 153 152 151 150 149 148 148 148 147 147 147 146 145 145 144 144 144 144 144 145 145 146 147 149 151 153 157 160 164 167 169 169 169 168 167 166
149 151 153 155 158 161 163 166 168 170 171 172 172 173 173 174 174 174 174 174 174 174 174 174 174 174 175 175 175 175 174 174 173 171 169 167 165 163 161 160 158 156 155 153 152 151 150 149 148 147 147 146 146 146 145 144 144 143 143 142 142 142 143 143 144 145 146 148 150 153 157 161 165 169 170 169 169 168 167 166
147 149 151 154 156 159 161 164 166 168 169 171 172 173 173 174 174 174 174 174 174 174 174 173 173 173 173 173 172 172 172 171 170 168 167 165 163 161 159 158 156 155 153 152 151 149 148 147 146 146 145 145 144 144 143 143 142 141 141 141 141 141 141 142 142 143 145 147 149 152 156 160 164 167 168 168 168 168 167 166
146 148 150 152 155 157 159 162 164 166 168 170 171 172 173 174 174 174 174 174 173 173 173 172 172 171 171 170 170 169 168 167 166 165 164 162 161 159 157 156 154 153 151 150 149 148 147 146 145 144 143 143 142 142 141 140 140 139 139 139 139 139 139 140 140 142 143 145 147 151 154 158 162 165 166 166 167 167 166 165
144 146 148 150 153 155 158 160 162 164 166 169 170 172 173 173 174 174 173 173 172 172 172 171 170 169 169 168 167 166 165 164 163 162 161 160 158 157 155 154 152 151 150 149 147 146 145 145 144 143 142 141 140 140 139 138 138 138 137 137 137 137 137 138 139 139 141 143 145 149 153 156 160 162 164 165 165 166 165 164
143 145 147 149 151 153 156 158 160 162 165 168 170 172 173 173 174 174 173 173 172 171 171 170 169 168 167 166 165 163 162 161 160 159 158 157 156 154 153 152 151 149 148 147 146 145 144 143 142 141 141 140 139 138 137 137 136 136 136 136 136 136 136 136 136 137 139 140 143 147 151 154 158 161 163 164 165 165 164 163
