Part_1_SDMs/env_data/future_climate_2070_RCP_8.5/bioclim_4.asc
NCOLS 444 
NROWS 438 
XLLCORNER -19 
YLLCORNER -35 
CELLSIZE 0.166666666666667 
NODATA_value -32768 
[rows 70 to 104 of 438, columns 316 to 394 of 444]
5594 5267 4962 4717 -32768 -32768 -32768 -32768 -32768 -32768 -32768 -32768 -32768 -32768 -32768 -32768 3988 4119 4342 4575 4824 5152 5581 5702 5759 5734 5843 5966 6167 6405 6554 6688 6785 6872 6911 7007 7122 7211 7254 7288 7301 7317 7340 7354 7369 7405 7422 7458 7505 7556 7610 7650 7707 7748 7793 7822 7850 7866 7864 7871 7887 8047 8160 8172 8167 8163 8154 8146 8129 8125 8127 8114 8103 8103 8083 8058 8042 8015 7980
5649 5339 5009 4740 4650 -32768 -32768 -32768 -32768 -32768 -32768 -32768 -32768 -32768 -32768 -32768 3889 4007 4184 4390 4609 4842 5261 5458 5699 5710 5695 5903 6013 6208 6355 6539 6636 6751 6812 6947 7067 7170 7228 7259 7286 7305 7321 7336 7356 7384 7412 7445 7490 7526 7576 7626 7664 7699 7741 7770 7784 7796 7807 7828 7889 7986 8061 8085 8082 8081 8076 8068 8071 8060 8054 8028 8026 8008 7995 7973 7959 7937 7910
5698 5446 5139 4860 4698 -32768 -32768 -32768 -32768 -32768 -32768 -32768 -32768 -32768 -32768 -32768 -32768 3975 4109 4276 4482 4664 4872 5265 5442 5586 5590 5688 5891 6106 6230 6404 6525 6637 6772 6924 7047 7159 7208 7244 7276 7303 7328 7345 7364 7381 7406 7434 7475 7509 7543 7591 7624 7644 7677 7722 7728 7749 7774 7797 7845 7905 7959 7992 8000 8008 8003 7992 8007 7995 7980 7952 7936 7918 7919 7895 7873 7858 7829
5733 5547 5345 5060 4771 4647 -32768 -32768 -32768 -32768 -32768 -32768 -32768 -32768 -32768 -32768 -32768 3946 4086 4213 4377 4552 4739 5011 5159 5297 5449 5547 5705 5950 6091 6251 6443 6571 6736 6896 7033 7139 7206 7244 7281 7304 7335 7368 7386 7401 7414 7448 7471 7493 7523 7546 7572 7601 7622 7655 7682 7700 7733 7758 7802 7845 7884 7911 7923 7935 7929 7918 7912 7914 7904 7884 7863 7845 7824 7808 7795 7774 7743
5807 5614 5443 5213 4918 4707 -32768 -32768 -32768 -32768 -32768 -32768 -32768 -32768 -32768 -32768 3911 3943 4034 4186 4288 4472 4716 4840 5002 5160 5287 5422 5570 5768 5961 6191 6417 6562 6704 6863 7002 7100 7183 7228 7275 7317 7351 7370 7400 7423 7431 7439 7464 7485 7499 7517 7531 7556 7590 7608 7628 7663 7700 7728 7753 7789 7808 7836 7850 7854 7852 7850 7840 7836 7832 7817 7790 7765 7751 7723 7711 7690 7662
5859 5665 5481 5288 5050 4791 4646 -32768 -32768 -32768 -32768 -32768 -32768 -32768 -32768 -32768 -32768 3977 4048 4116 4245 4373 4589 4820 5066 5120 5338 5407 5516 5684 5868 6126 6412 6566 6705 6862 6992 7087 7172 7227 7278 7320 7348 7376 7402 7421 7442 7447 7454 7462 7474 7481 7495 7521 7557 7568 7579 7610 7659 7679 7709 7733 7751 7764 7768 7780 7788 7786 7790 7759 7755 7749 7730 7707 7678 7644 7617 7605 7587
5898 5720 5548 5377 5131 4895 4699 4577 -32768 -32768 -32768 -32768 -32768 -32768 -32768 -32768 -32768 -32768 -32768 4116 4230 4294 4476 4693 5063 5186 5277 5313 5497 5691 5803 6068 6367 6543 6690 6855 6975 7074 7151 7216 7265 7303 7344 7374 7390 7409 7410 7411 7406 7419 7429 7433 7453 7479 7506 7526 7533 7569 7608 7636 7649 7666 7678 7708 7717 7714 7726 7727 7725 7708 7687 7676 7669 7645 7626 7576 7540 7515 7497
5963 5786 5603 5423 5249 5017 4791 4626 -32768 -32768 -32768 -32768 -32768 -32768 -32768 -32768 -32768 -32768 -32768 -32768 -32768 4245 4381 4582 4964 5200 5157 5345 5472 5713 5889 5994 6229 6480 6673 6841 6972 7073 7154 7202 7231 7264 7288 7334 7355 7364 7368 7367 7371 7366 7377 7381 7400 7421 7448 7462 7482 7506 7552 7579 7592 7600 7625 7640 7663 7671 7671 7677 7671 7657 7644 7620 7611 7596 7567 7533 7471 7442 7411
6006 5836 5653 5464 5315 5155 4898 4682 -32768 -32768 -32768 -32768 -32768 -32768 -32768 -32768 -32768 -32768 -32768 -32768 4107 4159 4305 4546 4985 5031 5172 5240 5350 5645 5947 5967 6131 6363 6620 6819 6952 7055 7138 7168 7183 7199 7233 7259 7289 7307 7310 7315 7316 7311 7325 7329 7342 7370 7389 7411 7431 7464 7496 7526 7553 7557 7582 7603 7612 7614 7615 7621 7621 7606 7591 7578 7560 7533 7518 7471 7423 7370 7335
6060 5885 5712 5534 5369 5208 4991 4754 4592 -32768 -32768 -32768 -32768 -32768 -32768 -32768 -32768 -32768 -32768 -32768 4064 4103 4197 4356 4794 4953 5068 5101 5136 5425 5852 6014 6100 6288 6577 6796 6957 7037 7085 7119 7122 7131 7148 7180 7194 7214 7228 7225 7228 7232 7235 7253 7273 7299 7338 7362 7381 7408 7444 7480 7500 7509 7531 7561 7585 7587 7579 7580 7584 7572 7559 7531 7509 7477 7451 7440 7377 7308 7265
6111 5941 5766 5580 5398 5218 5018 4826 4639 4515 -32768 -32768 -32768 -32768 -32768 -32768 -32768 -32768 -32768 -32768 -32768 4067 4100 4220 4328 4597 4786 5204 5157 5262 5634 5949 6047 6196 6447 6721 7005 7003 7011 7019 7026 7023 7023 7060 7077 7089 7115 7126 7122 7142 7157 7170 7197 7235 7266 7297 7323 7358 7386 7413 7444 7457 7486 7523 7541 7552 7557 7557 7549 7548 7527 7498 7475 7441 7397 7362 7345 7285 7231
6163 5992 5809 5626 5453 5279 5127 4920 4693 4549 4423 -32768 -32768 -32768 -32768 -32768 -32768 -32768 -32768 -32768 -32768 -32768 4027 4070 4160 4227 4418 4717 4945 5117 5443 5861 6008 6117 6339 6483 6750 6854 6882 6892 6894 6900 6903 6917 6934 6956 6970 7002 7015 7038 7056 7089 7119 7159 7186 7228 7267 7301 7332 7354 7370 7411 7448 7491 7518 7516 7515 7530 7520 7503 7497 7465 7440 7409 7380 7338 7310 7266 7215
6204 6030 5849 5665 5489 5325 5235 5093 4830 4592 4452 -32768 -32768 -32768 -32768 -32768 -32768 -32768 -32768 -32768 -32768 -32768 3977 4005 4049 4076 4201 4508 4757 5035 5378 5709 5892 6027 6210 6344 6538 6648 6701 6722 6742 6745 6758 6759 6774 6805 6821 6860 6886 6927 6951 6990 7033 7065 7109 7147 7198 7234 7266 7302 7336 7365 7415 7445 7480 7492 7504 7513 7511 7478 7478 7451 7420 7382 7364 7346 7300 7261 7224
6239 6062 5879 5700 5515 5345 5177 5033 4929 4655 4475 4362 4285 -32768 -32768 -32768 -32768 -32768 -32768 -32768 -32768 -32768 -32768 -32768 -32768 4061 4236 4527 4732 4937 5192 5440 5664 5944 6104 6202 6362 6474 6520 6555 6580 6589 6604 6606 6619 6648 6673 6720 6767 6816 6861 6897 6954 6993 7037 7080 7126 7175 7222 7250 7297 7332 7367 7413 7451 7472 7492 7500 7495 7475 7452 7423 7387 7356 7335 7320 7304 7285 7221
6248 6074 5897 5730 5545 5366 5206 5049 4922 4732 4514 4349 4295 -32768 -32768 -32768 -32768 -32768 -32768 -32768 -32768 -32768 -32768 -32768 -32768 4109 -32768 4578 4679 4842 5041 5274 5513 5807 5994 6093 6198 6311 6363 6398 6411 6432 6450 6457 6475 6504 6549 6590 6638 6703 6763 6803 6860 6918 6967 7021 7066 7107 7163 7209 7245 7295 7326 7362 7416 7442 7452 7470 7480 7467 7432 7401 7363 7339 7323 7326 7328 7269 7203
6245 6077 5901 5728 5561 5393 5230 5080 4944 4782 4577 4468 -32768 -32768 -32768 -32768 -32768 -32768 -32768 -32768 -32768 -32768 -32768 -32768 -32768 4168 -32768 4501 4641 4732 4911 5130 5391 5574 5875 5966 6039 6150 6233 6242 6271 6303 6304 6318 6342 6374 6427 6475 6535 6601 6671 6729 6782 6837 6890 6954 7001 7047 7103 7156 7197 7247 7286 7319 7358 7400 7421 7437 7447 7433 7414 7373 7341 7315 7300 7297 7274 7262 7197
6194 6039 5884 5720 5554 5403 5248 5094 4978 4830 4646 4521 -32768 -32768 -32768 4136 -32768 -32768 -32768 -32768 -32768 -32768 -32768 -32768 -32768 -32768 -32768 4293 4592 4647 4773 4970 5316 5334 5667 5875 5882 5984 6092 6093 6127 6170 6188 6205 6217 6256 6313 6381 6443 6508 6574 6650 6718 6773 6836 6895 6942 6995 7048 7099 7147 7179 7224 7256 7303 7352 7382 7385 7393 7389 7371 7346 7315 7288 7280 7291 7250 7225 7168
6128 5995 5843 5705 5559 5421 5272 5106 4976 4851 4704 4589 -32768 -32768 -32768 -32768 -32768 -32768 -32768 -32768 -32768 -32768 -32768 -32768 -32768 -32768 -32768 -32768 -32768 4565 4648 4817 5089 5137 5322 5581 5695 5823 5923 5933 5968 6016 6048 6083 6118 6168 6227 6280 6352 6425 6493 6567 6644 6715 6777 6843 6896 6953 7002 7041 7097 7131 7173 7204 7245 7290 7321 7329 7346 7346 7336 7320 7287 7263 7243 7251 7254 7223 7163
6055 5931 5807 5670 5555 5425 5295 5149 4998 4881 4743 4646 4551 -32768 -32768 -32768 -32768 -32768 -32768 -32768 -32768 -32768 -32768 -32768 -32768 -32768 -32768 -32768 -32768 4481 4531 4664 4875 4980 5154 5375 5522 5671 5768 5799 5842 5883 5928 5972 6034 6108 6174 6208 6271 6346 6413 6490 6569 6645 6715 6785 6851 6910 6959 7000 7042 7086 7118 7150 7189 7233 7257 7264 7284 7298 7290 7275 7254 7236 7217 7203 7201 7187 7149
5975 5871 5760 5640 5553 5420 5297 5181 5058 4944 4804 4694 -32768 -32768 -32768 -32768 -32768 -32768 -32768 -32768 -32768 -32768 -32768 -32768 -32768 -32768 -32768 -32768 -32768 -32768 4419 4501 4660 4819 4986 5143 5327 5598 5698 5700 5733 5775 5826 5880 5950 6027 6093 6131 6202 6275 6358 6433 6506 6579 6669 6738 6803 6867 6921 6966 7005 7055 7079 7105 7129 7168 7197 7199 7217 7229 7243 7237 7221 7207 7196 7203 7216 7182 7136
5901 5801 5704 5610 5513 5408 5310 5215 5118 5017 4883 4754 4662 -32768 -32768 4276 -32768 -32768 -32768 -32768 -32768 -32768 -32768 -32768 -32768 -32768 -32768 -32768 -32768 -32768 4340 4378 4482 4637 4799 5008 5250 5458 5589 5604 5628 5672 5720 5794 5861 5943 6029 6070 6137 6219 6304 6383 6458 6530 6613 6689 6759 6821 6879 6927 6967 7015 7050 7067 7094 7112 7149 7156 7158 7162 7191 7192 7186 7183 7173 7230 7211 7173 7126
5815 5728 5653 5574 5500 5411 5338 5248 5178 5108 4947 4821 4706 4612 4475 4359 4248 -32768 -32768 -32768 -32768 -32768 -32768 -32768 -32768 -32768 -32768 -32768 -32768 -32768 -32768 4283 4319 4464 4635 4843 5076 5303 5443 5487 5520 5569 5628 5708 5775 5865 5930 5999 6082 6166 6257 6339 6418 6483 6561 6639 6713 6784 6824 6884 6925 6958 6993 7026 7051 7086 7111 7130 7122 7130 7142 7152 7169 7161 7183 7211 7186 7148 7109
5762 5679 5611 5550 5475 5415 5352 5279 5230 5146 5002 4894 4767 4640 4496 4394 -32768 -32768 -32768 -32768 -32768 -32768 -32768 -32768 -32768 -32768 -32768 -32768 -32768 -32768 -32768 4055 4190 4293 4485 4670 4980 5193 5299 5376 5418 5479 5554 5633 5708 5784 5855 5948 6033 6122 6206 6288 6371 6433 6508 6586 6664 6722 6778 6824 6866 6900 6943 6979 7003 7040 7075 7077 7081 7092 7109 7116 7125 7132 7164 7181 7151 7113 7088
5725 5647 5574 5528 5466 5410 5357 5298 5234 5180 5041 4953 4819 4677 4546 4420 4298 4140 -32768 -32768 -32768 -32768 -32768 -32768 -32768 -32768 -32768 -32768 -32768 -32768 -32768 3937 4020 4125 4305 4519 4777 4963 5197 5302 5339 5402 5480 5570 5650 5735 5810 5893 5985 6081 6166 6246 6323 6393 6460 6533 6601 6670 6724 6779 6824 6868 6912 6933 6967 6987 7000 7020 7043 7055 7088 7089 7105 7120 7138 7133 7118 7093 7061
5730 5649 5576 5525 5463 5412 5362 5312 5266 5202 5109 5005 4860 4714 4586 4469 4335 4189 4089 -32768 -32768 -32768 -32768 -32768 -32768 -32768 -32768 -32768 -32768 -32768 -32768 -32768 3833 3949 4126 4367 4586 4849 5079 5231 5271 5344 5429 5513 5604 5693 5769 5861 5958 6043 6114 6193 6263 6335 6409 6479 6547 6612 6667 6716 6775 6838 6880 6900 6935 6959 6979 7001 7021 7040 7061 7062 7087 7113 7126 7107 7080 7061 7029
5750 5669 5600 5533 5476 5416 5364 5321 5264 5210 5180 5041 4874 4713 4611 4551 4400 4223 4090 4001 -32768 -32768 -32768 -32768 -32768 -32768 -32768 -32768 -32768 -32768 -32768 3512 3638 3777 3948 4210 4474 4724 4932 5087 5190 5289 5381 5477 5571 5658 5747 5835 5921 5993 6070 6148 6212 6281 6358 6423 6490 6549 6604 6671 6724 6796 6837 6867 6896 6920 6961 6981 6997 7021 7041 7053 7070 7083 7097 7072 7045 7020 6995
5773 5709 5632 5560 5502 5432 5370 5324 5256 5216 5203 5025 4870 4726 4603 4539 4538 4321 4115 4025 -32768 -32768 -32768 -32768 -32768 -32768 -32768 -32768 -32768 -32768 -32768 3418 3457 3592 3804 4107 4380 4617 4811 4982 5112 5234 5338 5443 5537 5633 5724 5794 5882 5958 6021 6096 6165 6228 6296 6357 6416 6479 6552 6625 6689 6744 6796 6828 6870 6896 6927 6967 6991 7009 7028 7041 7071 7080 7064 7042 7016 6994 6962
5804 5728 5663 5592 5524 5455 5378 5325 5253 5195 5104 4985 4847 4723 4603 4526 4480 4335 4146 4041 -32768 -32768 -32768 -32768 -32768 -32768 -32768 -32768 -32768 -32768 -32768 -32768 3278 3411 3673 3934 4276 4528 4736 4912 5050 5188 5299 5404 5509 5614 5725 5780 5861 5925 5990 6070 6123 6180 6237 6304 6369 6426 6490 6564 6642 6702 6751 6793 6834 6878 6914 6945 6965 6988 7009 7031 7063 7064 7043 7014 7001 6974 6942
5831 5767 5689 5609 5529 5454 5383 5334 5272 5185 5070 4955 4848 4726 4606 4524 4462 4311 4162 4067 -32768 -32768 -32768 -32768 -32768 -32768 -32768 -32768 -32768 -32768 -32768 -32768 3130 3244 3551 3872 4189 4482 4638 4831 4999 5123 5241 5361 5464 5573 5688 5735 5801 5863 5946 6023 6078 6130 6185 6241 6310 6374 6435 6517 6598 6658 6706 6760 6800 6851 6893 6929 6950 6973 7005 7035 7050 7046 7021 6997 6980 6947 6899
5850 5779 5700 5623 5547 5455 5388 5336 5260 5152 5043 4952 4843 4713 4592 4501 4439 4313 4188 4077 4016 -32768 -32768 -32768 -32768 -32768 -32768 -32768 -32768 -32768 -32768 -32768 3023 3132 3438 3754 4126 4385 4548 4802 4968 5056 5172 5293 5411 5517 5633 5674 5736 5802 5890 5985 6028 6073 6143 6187 6251 6321 6392 6467 6550 6609 6675 6729 6776 6827 6876 6911 6946 6978 6997 7031 7043 7037 7009 6983 6955 6911 6867
5856 5767 5698 5615 5541 5446 5372 5302 5222 5120 5030 4925 4815 4701 4587 4484 4418 4368 4237 4109 4028 3973 -32768 -32768 -32768 -32768 -32768 -32768 -32768 -32768 -32768 -32768 3052 3139 3369 3658 3960 4225 4451 4762 4902 4979 5089 5216 5337 5437 5525 5576 5645 5732 5824 5904 5964 6012 6086 6148 6214 6285 6357 6417 6502 6566 6631 6698 6751 6795 6841 6892 6925 6962 6992 7024 7038 7023 6995 6974 6937 6890 6832
5814 5739 5665 5588 5506 5427 5352 5286 5193 5096 4999 4905 4790 4687 4602 4473 4395 4351 4253 4146 4071 3960 -32768 -32768 -32768 -32768 -32768 -32768 -32768 -32768 -32768 -32768 -32768 3235 3378 3591 3853 4085 4361 4663 4817 4893 5019 5118 5210 5302 5377 5456 5541 5641 5749 5819 5874 5952 6052 6120 6183 6273 6335 6401 6463 6529 6602 6660 6720 6765 6816 6864 6912 6954 6992 7029 7037 7017 6985 6956 6905 6852 6800
5768 5699 5624 5548 5471 5398 5319 5248 5159 5074 4976 4884 4771 4671 4610 4473 4403 4329 4283 4220 4071 3984 -32768 -32768 -32768 -32768 -32768 -32768 -32768 -32768 -32768 -32768 -32768 3313 3419 3560 3763 3962 4210 4309 4514 4655 4931 5002 5052 5127 5217 5304 5415 5519 5630 5716 5809 5908 6008 6086 6156 6238 6308 6374 6436 6491 6570 6626 6696 6747 6795 6846 6895 6949 7011 7037 7030 7006 6975 6941 6876 6824 6764
5718 5639 5565 5497 5423 5354 5276 5205 5136 5041 4946 4859 4759 4659 4590 4481 4417 4355 4355 4271 4094 4010 -32768 -32768 -32768 -32768 -32768 -32768 -32768 -32768 -32768 -32768 -32768 -32768 3460 3557 3691 3844 4051 4243 4314 4439 4684 4851 4876 4943 5038 5138 5256 5381 5502 5623 5737 5858 5971 6071 6146 6222 6291 6353 6414 6466 6524 6593 6650 6710 6766 6822 6877 6933 7008 7037 7031 7005 6967 6909 6848 6782 6727
5647 5582 5508 5440 5370 5299 5233 5163 5090 5010 4924 4835 4743 4657 4606 4505 4434 4393 4348 4218 4116 4050 -32768 -32768 -32768 -32768 -32768 -32768 -32768 -32768 -32768 -32768 -32768 -32768 -32768 3570 3647 3758 3892 4032 4089 4272 4385 4578 4740 4775 4862 4972 5093 5227 5372 5531 5681 5814 5935 6042 6131 6205 6277 6334 6386 6440 6488 6545 6601 6660 6719 6787 6847 6923 6991 7037 7031 6980 6921 6861 6803 6734 6681
