Part_1_SDMs/env_data/future_climate_2070_RCP_8.5/bioclim_12.asc
NCOLS 444 
NROWS 438 
XLLCORNER -19 
YLLCORNER -35 
CELLSIZE 0.166666666666667 
NODATA_value -32768 
[rows 136 to 169 of 438, columns 308 to 384 of 444]
206 223 246 256 251 247 258 271 285 296 308 313 318 325 330 331 330 331 331 334 350 369 384 395 412 444 500 517 551 605 591 598 634 584 589 576 612 724 654 585 726 746 560 274 226 224 220 216 -32768 -32768 -32768 -32768 -32768 146 -32768 -32768 -32768 -32768 99 -32768 -32768 76 72 73 80 105 202 234 269 390 425 362 358 325 287 228 190
217 235 258 270 260 245 264 285 300 313 326 333 341 348 356 364 367 368 372 381 401 421 435 446 465 490 515 559 589 616 659 715 724 699 722 721 739 774 736 697 678 637 706 572 330 281 242 224 211 207 -32768 -32768 -32768 -32768 -32768 -32768 -32768 -32768 97 97 -32768 -32768 -32768 74 81 100 148 243 343 328 338 377 372 316 284 260 225
229 247 267 278 267 266 285 307 323 334 345 355 365 374 385 396 403 406 413 424 448 472 481 493 512 538 574 645 709 667 717 740 740 736 760 797 827 822 766 755 730 656 623 749 552 314 270 239 218 203 194 -32768 -32768 -32768 -32768 -32768 -32768 -32768 -32768 -32768 -32768 -32768 -32768 75 82 98 185 233 314 313 326 410 376 322 282 239 226
245 262 284 300 304 309 322 339 353 360 370 382 392 402 414 422 437 445 451 464 485 505 522 538 561 591 631 692 773 753 751 792 811 808 823 843 842 842 818 783 773 742 621 701 719 331 246 232 240 208 193 181 -32768 -32768 -32768 -32768 -32768 -32768 -32768 -32768 -32768 -32768 -32768 76 78 105 152 332 365 385 415 405 386 356 303 257 223
266 279 297 315 333 355 360 368 376 383 396 407 417 428 439 451 470 480 487 501 519 535 559 583 608 644 677 746 796 778 827 846 843 895 920 875 865 882 836 803 786 767 650 717 746 423 260 215 220 218 218 197 174 155 -32768 -32768 -32768 -32768 -32768 -32768 -32768 -32768 -32768 85 96 129 174 383 432 395 426 429 412 393 343 278 237
282 291 304 319 338 360 369 386 396 406 417 430 443 457 470 483 502 518 525 540 552 563 590 623 655 691 719 770 782 780 824 864 869 911 988 1001 909 876 832 826 793 753 662 691 794 450 365 203 204 219 271 267 219 169 144 -32768 -32768 -32768 -32768 -32768 -32768 -32768 -32768 109 131 172 230 324 416 461 414 449 442 406 345 297 249
289 298 308 318 336 356 369 388 407 424 440 455 472 489 505 518 534 556 574 581 578 585 618 652 687 722 750 776 792 856 848 876 887 893 1004 1083 1018 945 875 824 776 723 679 679 742 629 443 214 192 197 248 305 278 212 148 129 -32768 -32768 -32768 -32768 -32768 -32768 -32768 -32768 162 207 282 385 410 436 413 494 479 412 378 296 252
298 307 314 323 342 357 373 394 421 443 462 482 500 521 536 549 568 592 625 625 619 627 656 691 726 757 789 828 871 899 920 854 872 915 1010 1115 1044 926 838 841 800 775 728 694 727 642 434 235 190 180 197 268 319 250 160 131 -32768 -32768 -32768 -32768 -32768 -32768 157 -32768 177 216 298 361 376 464 522 531 493 424 360 303 244
310 315 322 331 349 364 376 409 443 464 484 506 530 554 572 587 606 632 668 671 672 682 697 724 760 799 841 879 983 1002 936 864 878 906 1025 1036 1011 959 903 859 828 795 744 708 702 631 420 237 197 183 175 217 323 275 177 138 120 110 -32768 -32768 -32768 -32768 131 -32768 178 199 253 318 410 546 576 538 453 376 356 304 231
319 322 329 341 355 370 385 431 465 482 504 529 559 591 617 631 646 671 695 716 729 734 748 762 788 813 836 861 929 1062 1044 898 898 945 945 951 958 928 902 881 852 800 747 706 679 570 419 252 203 224 177 169 223 268 211 199 154 124 107 -32768 -32768 -32768 122 -32768 -32768 170 200 338 451 530 566 524 469 372 340 297 220
324 329 338 351 366 385 402 438 472 494 518 547 580 620 655 670 691 706 720 746 778 791 808 810 830 843 861 883 934 1034 1091 991 929 975 957 982 1006 918 886 891 850 795 731 695 654 582 433 270 203 232 208 151 157 179 230 267 252 158 111 93 -32768 -32768 104 -32768 -32768 138 163 282 372 500 560 447 395 308 275 186 141
333 338 351 363 378 397 421 452 476 500 527 561 595 625 660 689 718 728 748 771 805 840 843 872 879 891 926 922 984 1104 1158 1033 984 999 1012 1060 1017 934 828 828 805 762 697 658 619 567 449 333 212 195 183 151 159 148 180 296 327 166 121 90 82 -32768 -32768 -32768 -32768 116 143 212 315 505 575 421 296 206 156 164 150
349 357 365 374 388 405 428 458 481 505 538 580 613 642 672 704 734 752 776 803 830 871 897 967 944 932 932 953 966 993 1091 1055 1058 1068 1119 1162 1144 928 785 807 780 722 650 599 596 558 447 355 229 194 165 153 194 139 158 314 287 160 129 93 79 65 -32768 -32768 -32768 96 119 167 268 426 544 438 340 163 110 93 67
367 375 374 380 393 411 437 464 490 517 554 601 636 663 692 724 753 779 808 836 867 920 949 990 1018 1033 1001 1002 1028 1034 1000 1055 1097 1103 1095 1096 1031 852 788 752 733 698 655 623 600 582 452 404 271 242 195 190 157 137 128 209 161 154 188 135 120 77 55 54 -32768 84 92 134 229 280 334 257 157 121 78 59 47
377 377 376 383 401 423 450 477 503 531 563 609 648 681 713 746 778 810 842 872 908 956 1005 1008 1025 1053 1096 1080 1100 1090 1056 1109 1140 1065 1012 1006 910 824 806 764 722 695 714 711 628 589 481 331 290 347 214 167 139 132 124 138 121 149 183 160 151 92 56 57 61 -32768 74 92 136 148 133 111 104 83 60 49 42
387 377 372 384 409 433 462 495 520 545 569 609 654 694 731 768 804 842 876 909 941 978 1026 1066 1063 1084 1104 1117 1186 1152 1206 1257 1198 1040 956 903 854 820 785 778 740 727 759 720 671 624 471 300 298 311 233 184 152 152 152 145 121 164 186 177 148 108 81 68 62 -32768 61 68 78 86 93 78 64 55 51 48 45
400 385 370 387 416 450 481 512 541 568 594 627 666 708 749 790 831 872 911 949 980 1019 1041 1066 1100 1127 1153 1203 1265 1261 1282 1271 1142 1017 955 907 844 833 817 799 771 751 786 755 721 598 441 303 335 292 259 247 194 193 180 164 135 170 199 202 223 172 129 105 76 67 60 -32768 -32768 63 63 58 56 -32768 -32768 -32768 -32768
418 402 392 403 430 465 495 528 557 588 619 646 684 726 768 813 859 903 947 988 1031 1071 1145 1166 1117 1159 1177 1233 1280 1210 1180 1225 1155 1011 973 904 854 861 848 835 838 778 793 769 744 539 463 372 334 281 293 305 272 216 182 196 218 201 187 217 257 207 171 168 119 78 66 -32768 -32768 -32768 -32768 -32768 -32768 -32768 -32768 -32768 -32768
441 429 425 433 454 482 512 547 577 605 634 663 698 743 792 838 887 936 989 1030 1088 1148 1263 1382 1241 1233 1280 1305 1279 1213 1170 1156 1279 1186 1031 935 866 857 853 820 827 816 794 802 763 555 463 411 363 311 272 271 255 234 215 178 195 157 179 192 189 228 239 237 172 100 74 -32768 -32768 -32768 -32768 -32768 -32768 -32768 -32768 -32768 -32768
468 459 457 463 483 509 537 572 604 627 650 675 711 760 817 868 919 970 1031 1094 1134 1195 1275 1338 1301 1369 1420 1409 1327 1273 1221 1166 1128 1091 1168 1091 904 857 853 834 907 981 871 834 785 576 490 455 406 328 254 219 199 205 200 210 200 180 202 164 186 264 291 247 159 96 81 -32768 -32768 -32768 -32768 -32768 -32768 -32768 -32768 -32768 -32768
496 489 488 497 516 540 567 598 634 653 672 690 722 780 841 906 960 1006 1074 1133 1182 1235 1304 1344 1325 1380 1474 1463 1390 1349 1295 1225 1171 1237 1292 1214 1054 930 896 856 856 923 940 888 838 629 523 464 420 351 285 217 186 172 171 178 169 198 241 221 212 324 315 270 170 97 89 -32768 -32768 -32768 -32768 -32768 -32768 -32768 -32768 -32768 -32768
522 517 518 528 546 568 597 630 670 695 708 720 751 815 872 943 1010 1056 1105 1169 1242 1327 1397 1451 1391 1476 1495 1475 1452 1429 1376 1318 1267 1279 1451 1404 1262 1065 1019 948 1064 1032 1003 946 880 682 537 478 459 383 323 228 187 166 162 216 235 175 223 201 165 361 211 164 163 115 -32768 -32768 -32768 -32768 -32768 -32768 -32768 -32768 -32768 -32768 -32768
549 545 546 553 573 596 624 657 698 743 767 772 795 847 908 980 1057 1124 1158 1241 1327 1402 1503 1571 1528 1552 1571 1524 1486 1469 1420 1380 1436 1459 1390 1353 1128 1024 943 1006 989 964 951 981 892 722 566 500 447 388 322 235 214 177 157 163 291 166 215 168 137 170 172 178 138 123 93 -32768 -32768 -32768 -32768 -32768 -32768 -32768 -32768 -32768 -32768
574 571 573 581 599 623 650 686 734 822 844 833 846 883 942 1008 1135 1213 1223 1318 1393 1609 1689 1756 1626 1619 1592 1524 1501 1489 1466 1352 1337 1407 1278 1282 1098 953 948 970 965 987 1017 1011 972 865 657 551 445 361 305 246 278 258 175 165 207 223 158 157 174 214 209 203 149 115 96 -32768 -32768 -32768 -32768 -32768 -32768 -32768 -32768 -32768 -32768
595 593 596 604 622 647 675 712 763 825 865 870 908 937 973 1023 1138 1293 1266 1340 1435 1579 1646 1717 1711 1711 1620 1558 1531 1581 1549 1460 1273 1216 1143 1158 1084 937 979 1040 1057 1055 1065 1078 1081 958 757 581 447 375 315 268 273 221 191 203 173 197 189 163 179 183 201 182 145 113 94 84 -32768 -32768 -32768 -32768 -32768 -32768 -32768 -32768 -32768
613 613 617 626 642 665 692 730 782 839 883 913 954 990 1026 1103 1139 1205 1247 1310 1434 1501 1601 1700 1834 1751 1742 1813 1686 1689 1686 1511 1297 1310 1129 1089 982 990 1033 1076 1186 1133 1118 1108 1065 959 838 603 447 394 355 305 324 286 242 209 182 185 190 171 186 230 229 180 141 113 95 81 -32768 -32768 -32768 -32768 -32768 -32768 -32768 -32768 -32768
631 631 636 645 658 679 707 744 787 836 903 960 1013 1052 1069 1178 1160 1178 1321 1422 1537 1551 1658 1773 1841 1784 1840 1911 1860 1686 1493 1552 1436 1387 1320 1297 1047 964 1175 1221 1253 1203 1184 1138 1004 991 785 638 469 466 418 374 358 298 326 262 267 216 203 197 200 234 219 182 142 120 102 83 73 -32768 -32768 -32768 -32768 -32768 -32768 -32768 -32768
645 648 653 662 673 692 716 747 783 834 905 979 1071 1117 1125 1196 1172 1235 1354 1730 1714 1626 1729 1811 1817 1793 1768 1720 1690 1529 1412 1498 1561 1557 1333 1120 1005 944 1081 1069 1057 1120 1111 1113 1034 1009 882 694 485 521 483 469 317 322 327 338 297 319 303 262 247 243 214 190 154 134 112 91 73 64 -32768 -32768 -32768 -32768 -32768 -32768 -32768
661 668 674 681 691 705 725 749 787 827 887 973 1093 1203 1153 1181 1166 1262 1429 1717 1948 1766 1840 1729 1681 1667 1621 1664 1530 1403 1388 1392 1486 1470 1275 1124 944 955 977 965 1016 1018 1065 1096 1110 1008 943 680 509 508 533 447 415 402 386 338 321 327 324 312 299 289 294 245 196 166 135 108 86 70 55 48 -32768 -32768 -32768 -32768 11
684 693 698 702 708 716 729 751 774 809 867 932 1085 1239 1220 1199 1210 1255 1388 1541 1809 1687 1815 1668 1451 1452 1454 1473 1408 1416 1382 1347 1315 1279 1204 1119 976 917 884 875 914 1038 1032 1090 1161 1076 1011 666 541 525 542 456 444 441 443 381 369 342 327 342 371 366 367 409 350 273 220 165 119 89 67 54 37 27 21 15 20
726 728 727 726 727 730 739 752 770 792 827 934 1101 1306 1286 1261 1307 1281 1319 1412 1614 1610 1699 1628 1620 1574 1478 1399 1299 1313 1346 1257 1211 1206 1138 1029 904 970 928 860 926 967 1020 1083 1146 1115 1091 764 539 498 519 451 477 477 460 400 374 362 349 354 377 440 484 490 516 439 323 221 169 137 100 75 57 54 52 59 67
783 769 759 751 747 746 749 756 769 791 831 908 1037 1269 1263 1285 1385 1350 1270 1355 1449 1488 1495 1694 1801 1679 1580 1568 1451 1160 1104 1060 1175 1066 971 925 899 895 857 864 895 926 969 1028 1062 1183 1072 743 540 520 699 571 492 490 470 438 410 398 393 400 415 448 542 598 583 443 394 425 352 271 247 172 135 143 145 164 176
838 809 790 775 767 763 763 767 780 803 839 892 1019 1261 1290 1373 1555 1593 1395 1411 1386 1442 1592 1901 1874 1815 1640 1576 1639 1269 1090 1020 996 909 930 1058 1011 1010 877 843 890 938 930 977 1043 1188 1085 651 550 611 558 526 520 507 494 467 458 447 445 492 536 530 518 548 572 572 498 487 411 332 346 301 245 246 268 415 508
872 840 815 799 788 782 780 783 801 844 894 954 1044 1292 1306 1414 1617 1696 1652 1611 1411 1429 1481 1795 1788 1657 1461 1425 1704 1401 1133 1126 1055 972 936 989 1010 1163 1044 949 941 930 912 955 1071 1039 787 642 631 586 558 582 598 557 544 577 578 541 549 565 642 684 709 683 645 631 589 549 461 392 359 312 310 335 388 458 440
