Part_1_SDMs/env_data/future_climate_2070_RCP_8.5/bioclim_5.asc
NCOLS 444 
NROWS 438 
XLLCORNER -19 
YLLCORNER -35 
CELLSIZE 0.166666666666667 
NODATA_value -32768 
[rows 210 to 244 of 438, columns 316 to 394 of 444]
359 356 355 352 352 352 363 361 383 392 396 395 400 401 404 406 406 403 394 382 380 399 402 401 399 397 396 397 399 400 404 406 407 407 407 406 399 402 407 408 411 411 415 417 418 421 422 414 415 417 426 433 432 429 421 416 408 401 397 398 399 398 398 396 395 396 398 398 397 393 387 383 384 379 377 382 383 382 -32768
356 359 359 356 356 351 354 375 383 389 390 385 394 396 400 401 400 405 396 349 385 397 399 401 398 393 392 393 397 399 402 405 405 407 406 406 402 403 408 407 410 413 413 416 416 422 419 415 410 412 423 426 428 422 416 410 405 401 400 397 397 397 396 395 394 395 396 396 393 389 386 382 376 373 378 380 380 -32768 -32768
361 356 362 360 358 351 325 365 374 384 385 378 389 387 394 398 386 402 385 360 387 393 394 398 393 384 379 386 396 400 402 404 405 406 406 406 406 406 408 403 407 414 414 411 416 421 419 416 410 420 423 425 425 419 412 406 403 401 398 396 394 394 393 392 393 393 393 392 389 386 382 376 370 374 376 377 -32768 -32768 -32768
369 365 363 359 355 346 330 340 341 376 384 378 385 388 391 391 366 394 376 377 384 389 393 393 382 364 360 386 396 399 402 403 405 405 405 407 408 408 407 403 407 414 416 414 417 421 421 418 421 425 426 427 424 414 409 404 403 399 396 393 391 390 389 388 388 388 389 388 385 381 375 368 369 371 372 -32768 -32768 -32768 -32768
369 366 362 355 348 341 336 330 326 368 380 372 380 385 389 380 375 391 344 358 378 385 389 387 369 346 369 391 397 400 401 402 403 404 405 406 408 408 406 404 408 413 416 418 420 421 422 424 422 421 425 426 419 412 407 404 401 396 393 390 387 385 384 383 382 382 382 381 378 372 364 366 368 369 -32768 -32768 -32768 -32768 -32768
367 367 362 343 347 344 336 337 328 344 375 368 364 379 387 386 394 393 336 338 372 379 386 386 376 376 389 396 399 400 401 401 402 403 404 405 407 408 407 407 410 413 417 419 420 424 424 425 423 419 422 424 417 410 406 402 397 393 390 386 382 380 378 376 375 375 374 372 368 360 360 362 -32768 -32768 -32768 -32768 -32768 -32768 -32768
371 367 364 359 354 349 334 341 336 332 369 368 354 375 384 383 396 367 345 344 357 374 383 388 388 391 393 396 398 399 400 400 401 402 403 404 406 408 408 410 411 415 417 420 421 424 425 426 423 420 421 421 415 410 404 399 394 390 386 381 377 374 370 368 366 365 364 360 357 358 -32768 -32768 -32768 -32768 -32768 -32768 -32768 -32768 -32768
373 369 365 361 357 347 315 342 345 336 336 365 360 374 383 387 400 366 348 340 332 350 378 383 386 387 391 394 396 398 398 397 399 401 402 403 405 407 409 411 414 417 419 421 422 424 426 426 421 420 420 419 416 410 404 398 392 387 381 376 371 366 362 359 356 352 351 352 -32768 -32768 -32768 -32768 -32768 -32768 -32768 -32768 -32768 -32768 -32768
372 367 364 361 357 351 345 339 342 321 332 361 357 361 376 386 381 357 341 352 362 365 374 376 382 383 388 392 395 397 397 397 397 398 400 402 403 406 408 411 415 417 419 420 422 424 425 426 424 422 420 418 416 409 402 396 390 383 376 370 364 358 353 350 346 345 346 -32768 -32768 -32768 -32768 -32768 -32768 -32768 -32768 -32768 -32768 -32768 -32768
369 363 361 359 331 310 333 336 331 325 312 349 361 345 365 378 360 338 334 357 363 348 371 375 380 383 384 392 394 395 396 396 397 397 396 400 402 405 408 411 414 416 418 420 422 424 426 426 425 424 421 418 414 407 401 394 387 378 371 364 356 350 346 343 342 -32768 -32768 -32768 -32768 -32768 -32768 -32768 -32768 -32768 -32768 -32768 -32768 -32768 -32768
365 362 359 353 284 241 300 319 307 295 255 294 360 340 364 367 354 296 316 346 356 330 365 375 377 374 380 388 391 392 394 395 395 396 396 395 400 403 407 410 413 416 418 420 422 424 426 427 426 425 422 418 412 406 399 392 383 375 366 357 350 344 339 339 -32768 -32768 -32768 -32768 -32768 -32768 -32768 -32768 -32768 -32768 -32768 -32768 -32768 -32768 -32768
360 358 359 338 285 207 280 320 319 300 258 298 356 350 368 358 343 295 297 330 352 342 359 374 374 375 378 383 384 388 392 393 393 394 395 395 398 402 406 409 412 415 418 420 422 424 426 427 426 425 423 418 412 405 397 388 380 371 361 352 346 339 336 -32768 -32768 -32768 -32768 -32768 -32768 -32768 -32768 -32768 -32768 -32768 -32768 -32768 -32768 -32768 -32768
355 356 356 348 304 273 298 325 325 316 294 319 347 358 367 349 330 303 311 324 347 352 347 367 369 374 376 380 385 388 389 389 391 393 395 396 398 403 405 408 411 414 417 419 421 423 425 426 426 426 423 418 412 404 395 385 375 365 356 349 342 339 -32768 -32768 -32768 -32768 -32768 -32768 -32768 -32768 -32768 -32768 -32768 -32768 -32768 -32768 -32768 -32768 -32768
349 350 350 345 336 327 329 329 322 312 301 336 342 359 364 351 315 308 313 329 353 363 360 369 370 374 374 377 380 382 384 386 389 391 395 398 398 403 406 409 412 414 416 418 420 421 423 424 425 426 423 418 410 402 392 381 370 361 352 347 345 -32768 -32768 -32768 -32768 -32768 -32768 -32768 -32768 -32768 -32768 -32768 -32768 -32768 -32768 -32768 -32768 -32768 -32768
343 345 344 343 341 336 337 326 318 309 295 347 329 359 373 343 311 310 315 326 339 361 371 373 370 368 364 371 374 377 382 385 387 391 396 400 402 403 406 407 411 413 415 416 417 419 420 421 423 424 423 415 406 398 389 374 364 355 349 349 -32768 -32768 -32768 -32768 -32768 -32768 -32768 -32768 -32768 -32768 -32768 -32768 -32768 -32768 -32768 -32768 -32768 -32768 -32768
335 338 336 339 341 341 338 325 312 304 291 311 337 362 370 319 306 311 318 322 317 331 363 368 365 342 354 370 373 376 379 383 388 392 397 401 404 406 407 405 409 412 413 413 414 415 415 416 417 417 416 408 399 390 378 365 357 350 349 -32768 -32768 -32768 -32768 -32768 -32768 -32768 -32768 -32768 -32768 -32768 -32768 -32768 -32768 -32768 -32768 -32768 -32768 -32768 -32768
333 335 335 337 339 339 338 329 311 304 288 292 326 349 359 304 300 310 312 316 304 298 323 343 346 320 365 373 378 377 379 384 389 392 397 402 405 407 408 408 409 409 410 410 410 410 410 410 410 408 404 397 389 380 370 360 351 350 -32768 -32768 -32768 -32768 -32768 -32768 -32768 -32768 -32768 -32768 -32768 -32768 -32768 -32768 -32768 -32768 -32768 -32768 -32768 -32768 -32768
332 335 337 337 337 336 334 323 316 313 283 268 307 336 336 298 282 300 304 309 299 274 259 296 347 355 372 377 381 382 383 390 391 393 398 402 405 406 407 408 407 406 406 406 405 405 405 403 401 398 392 385 377 369 366 357 353 -32768 -32768 -32768 -32768 -32768 -32768 -32768 -32768 -32768 -32768 -32768 -32768 -32768 -32768 -32768 -32768 -32768 -32768 -32768 -32768 -32768 -32768
330 334 338 338 340 343 349 348 350 336 298 278 281 323 321 268 270 277 291 301 285 213 203 289 351 369 374 381 384 386 388 394 398 400 401 403 405 407 407 406 404 403 402 401 401 400 398 396 392 388 381 374 363 354 352 353 -32768 -32768 -32768 -32768 -32768 -32768 -32768 -32768 -32768 -32768 -32768 -32768 -32768 -32768 -32768 -32768 -32768 -32768 -32768 -32768 -32768 -32768 -32768
329 333 337 340 345 349 352 353 345 330 308 274 271 304 314 274 273 225 261 294 286 223 251 307 353 369 376 372 372 378 383 391 396 400 406 408 406 406 406 404 401 399 398 397 396 394 391 388 384 379 372 364 357 344 340 -32768 -32768 -32768 -32768 -32768 -32768 -32768 -32768 -32768 -32768 -32768 -32768 -32768 -32768 -32768 -32768 -32768 -32768 -32768 -32768 -32768 -32768 -32768 -32768
328 332 336 340 344 345 343 335 325 313 291 267 247 272 315 305 283 227 239 297 307 298 315 333 357 371 365 361 364 373 379 386 391 395 402 412 408 405 403 401 398 396 394 392 391 388 385 381 377 371 365 360 355 350 -32768 -32768 -32768 -32768 -32768 -32768 -32768 -32768 -32768 -32768 -32768 -32768 -32768 -32768 -32768 -32768 -32768 -32768 -32768 -32768 -32768 -32768 -32768 -32768 -32768
329 332 329 332 338 338 330 310 315 309 294 279 260 247 287 298 295 254 235 297 325 346 354 352 358 363 350 355 362 369 376 383 389 395 401 407 408 403 400 398 395 392 390 387 385 382 379 375 370 365 361 355 353 -32768 -32768 -32768 -32768 -32768 -32768 -32768 -32768 -32768 -32768 -32768 -32768 -32768 -32768 -32768 -32768 -32768 -32768 -32768 -32768 -32768 -32768 -32768 -32768 -32768 -32768
329 333 332 329 334 332 318 304 311 309 297 285 273 259 251 303 306 259 258 297 330 352 360 357 358 364 351 360 363 369 376 382 388 393 398 402 403 400 397 393 391 387 384 382 380 377 373 369 365 361 357 353 -32768 -32768 -32768 -32768 -32768 -32768 -32768 -32768 -32768 -32768 -32768 -32768 -32768 -32768 -32768 -32768 -32768 -32768 -32768 -32768 -32768 -32768 -32768 -32768 -32768 -32768 -32768
330 334 339 339 330 326 310 303 310 310 306 296 291 283 259 296 299 275 280 307 327 337 352 354 354 352 352 362 368 371 377 382 388 392 394 396 397 395 392 390 387 383 380 377 374 371 367 364 360 357 355 353 -32768 -32768 -32768 -32768 -32768 -32768 -32768 -32768 -32768 -32768 -32768 -32768 -32768 -32768 -32768 -32768 -32768 -32768 -32768 -32768 -32768 -32768 -32768 -32768 -32768 -32768 -32768
330 334 337 335 328 322 312 312 310 311 298 298 299 299 291 312 317 295 291 317 327 330 343 345 343 341 344 358 368 373 376 382 386 389 392 392 392 391 388 386 383 380 376 372 369 366 363 360 357 355 353 -32768 -32768 -32768 -32768 -32768 -32768 -32768 -32768 -32768 -32768 -32768 -32768 -32768 -32768 -32768 -32768 -32768 -32768 -32768 -32768 -32768 -32768 -32768 -32768 -32768 -32768 -32768 -32768
330 333 330 329 320 315 315 305 316 310 299 300 302 308 314 327 330 295 299 319 326 326 334 339 342 338 343 364 368 369 377 379 382 384 387 388 388 388 385 382 378 375 371 368 365 363 359 356 353 352 -32768 -32768 -32768 -32768 -32768 -32768 -32768 -32768 -32768 -32768 -32768 -32768 -32768 -32768 -32768 -32768 -32768 -32768 -32768 -32768 -32768 -32768 -32768 -32768 -32768 -32768 -32768 -32768 -32768
329 330 333 333 328 316 310 317 319 314 308 294 292 311 336 342 346 306 299 316 317 311 330 340 342 344 351 365 365 371 374 377 380 381 382 383 384 385 383 378 374 371 367 364 360 357 355 352 350 -32768 -32768 -32768 -32768 -32768 -32768 -32768 -32768 -32768 -32768 -32768 -32768 -32768 -32768 -32768 -32768 -32768 -32768 -32768 -32768 -32768 -32768 -32768 -32768 -32768 -32768 -32768 -32768 -32768 -32768
326 328 334 337 331 332 325 323 318 311 298 289 272 303 343 359 356 332 303 312 312 314 323 337 343 349 351 365 368 369 374 377 378 378 379 379 380 381 379 374 369 366 362 359 356 353 350 348 349 -32768 -32768 -32768 -32768 -32768 -32768 -32768 -32768 -32768 -32768 -32768 -32768 -32768 -32768 -32768 -32768 -32768 -32768 -32768 -32768 -32768 -32768 -32768 -32768 -32768 -32768 -32768 -32768 -32768 -32768
329 323 324 328 325 323 316 313 312 302 293 287 281 286 359 373 358 335 306 310 310 310 316 334 346 350 353 360 363 368 372 374 375 376 376 376 377 376 374 369 365 361 358 354 351 348 347 347 -32768 -32768 -32768 -32768 -32768 -32768 -32768 -32768 -32768 -32768 -32768 -32768 -32768 -32768 -32768 -32768 -32768 -32768 -32768 -32768 -32768 -32768 -32768 -32768 -32768 -32768 -32768 -32768 -32768 -32768 -32768
329 328 325 332 326 324 321 319 312 296 286 276 288 305 369 375 359 336 312 311 318 321 325 338 343 351 354 354 360 366 370 373 374 374 373 373 373 372 371 366 361 357 353 350 348 346 345 -32768 -32768 -32768 -32768 -32768 -32768 -32768 -32768 -32768 -32768 -32768 -32768 -32768 -32768 -32768 -32768 -32768 -32768 -32768 -32768 -32768 -32768 -32768 -32768 -32768 -32768 -32768 -32768 -32768 -32768 -32768 -32768
336 336 339 339 336 332 329 322 312 301 291 282 314 337 373 370 353 333 316 319 325 326 334 341 350 354 355 360 363 367 369 371 372 372 371 370 369 369 367 363 357 353 349 346 344 344 -32768 -32768 -32768 -32768 -32768 -32768 -32768 -32768 -32768 -32768 -32768 -32768 -32768 -32768 -32768 -32768 -32768 -32768 -32768 -32768 -32768 -32768 -32768 -32768 -32768 -32768 -32768 -32768 -32768 -32768 -32768 -32768 -32768
339 339 339 337 336 335 329 323 313 302 293 300 337 356 375 366 342 317 322 326 332 334 336 342 347 350 356 359 365 368 369 370 370 369 368 366 365 364 364 361 356 351 346 342 342 -32768 -32768 -32768 -32768 -32768 -32768 -32768 -32768 -32768 -32768 -32768 -32768 -32768 -32768 -32768 -32768 -32768 -32768 -32768 -32768 -32768 -32768 -32768 -32768 -32768 -32768 -32768 -32768 -32768 -32768 -32768 -32768 -32768 -32768
337 337 338 336 332 325 323 319 310 299 289 311 344 368 369 358 317 310 322 330 335 337 339 339 334 344 356 360 365 368 369 369 368 366 364 362 360 359 361 359 354 349 345 -32768 -32768 -32768 -32768 -32768 -32768 -32768 -32768 -32768 -32768 -32768 -32768 -32768 -32768 -32768 -32768 -32768 -32768 -32768 -32768 -32768 -32768 -32768 -32768 -32768 -32768 -32768 -32768 -32768 -32768 -32768 -32768 -32768 -32768 -32768 -32768
345 343 340 336 330 319 316 312 306 298 298 323 340 366 323 345 316 317 326 336 338 337 333 334 326 327 351 359 360 364 367 368 366 364 362 359 355 353 357 356 353 348 346 -32768 -32768 -32768 -32768 -32768 -32768 -32768 -32768 -32768 -32768 -32768 -32768 -32768 -32768 -32768 -32768 -32768 -32768 -32768 -32768 -32768 -32768 -32768 -32768 -32768 -32768 -32768 -32768 -32768 -32768 -32768 -32768 -32768 -32768 -32768 -32768
347 344 340 334 329 318 314 311 303 302 293 316 312 330 341 340 329 321 325 337 334 330 328 330 337 320 346 356 360 362 365 366 365 363 360 356 351 347 351 355 -32768 -32768 -32768 -32768 -32768 -32768 -32768 -32768 -32768 -32768 -32768 -32768 -32768 -32768 -32768 -32768 -32768 -32768 -32768 -32768 -32768 -32768 -32768 -32768 -32768 -32768 -32768 -32768 -32768 -32768 -32768 -32768 -32768 -32768 -32768 -32768 -32768 -32768 -32768
