Part_1_SDMs/sdm_R/ensembles/Macropus_giganteus_ensemble_present.asc
NCOLS 258 
NROWS 204 
XLLCORNER 112 
YLLCORNER -44 
CELLSIZE 0.166666666666667 
NODATA_value -3.4e+38 
[rows 60 to 79 of 204, columns 44 to 87 of 258]
0.0466562360525131 0.0469403155148029 0.0469190292060375 0.0468658283352852 0.046860046684742 0.0466425456106663 0.0461089834570885 0.0463830903172493 0.0463733077049255 0.0464386232197285 0.0471673607826233 0.0474279373884201 0.0443198047578335 0.0436949655413628 0.0444743409752846 0.0447182804346085 0.0450075007975101 0.0465828664600849 0.0448622368276119 0.0438204221427441 0.0433483570814133 0.0427140742540359 0.0427120588719845 0.0426562428474426 0.0427071638405323 0.0431766100227833 0.0425314381718636 0.0428479537367821 0.0427712723612785 0.0428961403667927 0.0427499264478683 0.0428937561810017 0.0429798141121864 0.0430504456162453 0.0431705415248871 0.0431837029755116 0.04318493232131 0.0433566756546497 0.0434629805386066 0.043605413287878 0.0433526672422886 0.0435645021498203 0.0434780456125736 0.0435816720128059
0.0441958196461201 0.0438367128372192 0.0440274961292744 0.0447885394096375 0.0461513213813305 0.0435660369694233 0.0438560992479324 0.0436443015933037 0.0448401533067226 0.0445773005485535 0.0445675700902939 0.0453510209918022 0.0466557219624519 0.0459050349891186 0.0448290631175041 0.043943639844656 0.0435192883014679 0.042915478348732 0.0432078465819359 0.0432056374847889 0.0431932471692562 0.0427977666258812 0.0430772043764591 0.0430804528295994 0.0430440865457058 0.0430232807993889 0.0434257164597511 0.0434387922286987 0.0434156581759453 0.0433644987642765 0.0434741489589214 0.043434489518404 0.0433488376438618 0.0431234389543533 0.0431404002010822 0.0437041074037552 0.0438739880919456 0.0436864383518696 0.0438375882804394 0.0448052510619164 0.0441792532801628 0.0457347296178341 0.0443997792899609 0.0456352308392525
0.0445635803043842 0.0449323020875454 0.047277145087719 0.0460316613316536 0.045086283236742 0.0459440350532532 0.0450366027653217 0.0441791713237762 0.0445795357227325 0.0437392927706242 0.0437160283327103 0.0435954518616199 0.0435740053653717 0.0431621037423611 0.042943250387907 0.0429475903511047 0.0433393828570843 0.0434355288743973 0.0430691279470921 0.0430359393358231 0.0430628247559071 0.043382715433836 0.0433492101728916 0.0432448498904705 0.0432486720383167 0.0431907214224339 0.0431805364787579 0.0440893173217773 0.0441537722945213 0.0436960980296135 0.0441201478242874 0.0441014282405376 0.0446523949503899 0.0447450280189514 0.0448428131639957 0.0453183799982071 0.0442208610475063 0.0438712984323502 0.0434861704707146 0.0440643057227135 0.0454786121845245 0.043967816978693 0.0445976220071316 0.0455479361116886
0.0436036214232445 0.0433695092797279 0.0437320023775101 0.0442777387797832 0.0435555428266525 0.0433769300580025 0.0433791615068913 0.0433058738708496 0.0431243777275085 0.0430769957602024 0.0430374965071678 0.0430281758308411 0.0432052835822105 0.0432864241302013 0.0432855747640133 0.0430983789265156 0.0431085787713528 0.0432510264217854 0.0433928444981575 0.0433869883418083 0.0433172285556793 0.0432903207838535 0.0432844273746014 0.0434218868613243 0.0431347042322159 0.0431512519717216 0.0432908535003662 0.0432374365627766 0.0431226193904877 0.0435724072158337 0.044257003813982 0.0446184501051903 0.0441474691033363 0.0436012521386147 0.0444793589413166 0.044106412678957 0.0441708937287331 0.0442304760217667 0.044033944606781 0.0458946153521538 0.0438863523304462 0.045559000223875 0.0461522489786148 0.0466104336082935
0.0433787144720554 0.0439791977405548 0.0440922491252422 0.0438149832189083 0.0435528010129929 0.0441402196884155 0.0436529740691185 0.0433270707726479 0.0432570315897465 0.0433002710342407 0.0432519018650055 0.0431950725615025 0.0431430041790009 0.0431479476392269 0.0431095026433468 0.0434415526688099 0.0435040108859539 0.0435098148882389 0.0434733927249908 0.0432371869683266 0.0431893989443779 0.0431385636329651 0.043290589004755 0.0430481508374214 0.0441553294658661 0.0440652258694172 0.0444920584559441 0.0449296049773693 0.0440286137163639 0.0439495667815208 0.0440535061061382 0.0442176274955273 0.0445466041564941 0.0444613844156265 0.0444574318826199 0.0441350974142551 0.0442134626209736 0.0441811643540859 0.0440833158791065 0.0442577414214611 0.0443203002214432 0.046112559735775 0.0442788302898407 0.0443198680877686
0.0436236299574375 0.0440203808248043 0.043963722884655 0.04502297565341 0.0435230024158955 0.0438095815479755 0.0433398298919201 0.043231338262558 0.0431842766702175 0.0431636460125446 0.0434813126921654 0.0434645228087902 0.0430788137018681 0.0433623865246773 0.0433317683637142 0.0433182343840599 0.0439021997153759 0.0438832379877567 0.0438619926571846 0.0441280342638493 0.0439673028886318 0.0435479320585728 0.0442218333482742 0.0441428236663342 0.0445628128945827 0.0440881736576557 0.0442022643983364 0.0440929345786572 0.0442556738853455 0.0440478548407555 0.0440984703600407 0.0439757294952869 0.0438379161059856 0.044106263667345 0.0441572926938534 0.0441746562719345 0.0441004186868668 0.0441042296588421 0.0442747436463833 0.0441906414926052 0.0443560741841793 0.0460683815181255 0.0461613796651363 0.0445044338703156
0.0443706810474396 0.0448726154863834 0.0439693331718445 0.0440719872713089 0.0437105447053909 0.0440367348492146 0.0440530069172382 0.0439646802842617 0.044350303709507 0.0441660284996033 0.0447129905223846 0.0443083643913269 0.0442296229302883 0.0434210859239101 0.0438106954097748 0.0433520264923573 0.0434743463993073 0.0443781986832619 0.0433601513504982 0.0441199280321598 0.0442032180726528 0.0444561019539833 0.0441340431571007 0.0442504547536373 0.0441186018288136 0.0441441908478737 0.0439184904098511 0.0438897162675858 0.043923981487751 0.0438269414007664 0.0438459925353527 0.0439522974193096 0.04404266923666 0.0440191514790058 0.0435575842857361 0.0439603514969349 0.0439586751163006 0.0437622703611851 0.0434271171689034 0.043569702655077 0.0436152145266533 0.0436359718441963 0.0437115728855133 0.0437367148697376
0.0448844432830811 0.0443627685308456 0.0442227460443974 0.0451212450861931 0.0441692993044853 0.0436271578073502 0.0445751287043095 0.0436398312449455 0.0447232238948345 0.044480312615633 0.0442124009132385 0.0445207394659519 0.0443528071045876 0.043593555688858 0.0441956482827663 0.0440640896558762 0.0440537929534912 0.0439595729112625 0.0439075194299221 0.0439058095216751 0.0438315570354462 0.0438896529376507 0.0438537746667862 0.0440307036042213 0.0439916551113129 0.0439994782209396 0.0439326018095016 0.0439141057431698 0.0438167005777359 0.0434413962066174 0.0434758812189102 0.0434621386229992 0.0432689599692822 0.0433411709964275 0.043393898755312 0.0434199161827564 0.0434185266494751 0.0434341579675674 0.0434249974787235 0.0433510355651379 0.0435944870114326 0.0431017875671387 0.0441449545323849 0.0449615605175495
0.0440956987440586 0.0435437634587288 0.0439131744205952 0.0449589416384697 0.0450340323150158 0.0437222011387348 0.0439107120037079 0.0439987480640411 0.0438989661633968 0.0444558076560497 0.0444425381720066 0.0444942228496075 0.0439510829746723 0.043998945504427 0.0435079634189606 0.0440138913691044 0.044100783765316 0.0434428788721561 0.0433690324425697 0.0433487892150879 0.0435451455414295 0.0433785803616047 0.0433964431285858 0.0433310233056545 0.0432933159172535 0.0434232763946056 0.0433577112853527 0.0433643758296967 0.0436175763607025 0.0433688908815384 0.0436775460839272 0.0434951819479465 0.0435801297426224 0.0435082837939262 0.0435525812208652 0.0429847203195095 0.043013796210289 0.0430906899273396 0.043207049369812 0.0429664775729179 0.0430626161396503 0.0429069958627224 0.0437562428414822 0.0446054711937904
0.0430749244987965 0.0437647625803947 0.043054822832346 0.04389838129282 0.0438262112438679 0.0431120283901691 0.0432228930294514 0.0431091003119946 0.0432518683373928 0.04380838945508 0.0440522432327271 0.0440664291381836 0.0438772216439247 0.042923416942358 0.0436469726264477 0.0435310453176498 0.0430567152798176 0.0429651141166687 0.0429599247872829 0.0430126376450062 0.0429548546671867 0.0429958663880825 0.0435335747897625 0.0429963581264019 0.0428906083106995 0.0428127534687519 0.0428508035838604 0.0429620556533337 0.0428872257471085 0.0428965166211128 0.0429049134254456 0.0428859628736973 0.0433644205331802 0.0429219678044319 0.0433417372405529 0.042899064719677 0.0427567549049854 0.0432309694588184 0.044087890535593 0.0436697416007519 0.044513151049614 0.0436537191271782 0.0431782752275467 0.0436743870377541
0.0458264611661434 0.0459756106138229 0.0427839830517769 0.0432180725038052 0.0430437885224819 0.0424102246761322 0.0424490980803967 0.0425013713538647 0.0424596033990383 0.0425724871456623 0.0431643389165401 0.0431786477565765 0.0431220531463623 0.0426719225943089 0.0423624739050865 0.0423409081995487 0.0422760285437107 0.0421991758048534 0.0422830022871494 0.0424740239977837 0.0423262193799019 0.0422646068036556 0.0422900393605232 0.0426342859864235 0.0427253767848015 0.0424272119998932 0.0426333993673325 0.0423854738473892 0.0424731150269508 0.0429534800350666 0.0428905561566353 0.0429072603583336 0.0426862277090549 0.0426626577973366 0.0429938472807407 0.0440176017582417 0.044195868074894 0.0430841483175755 0.043862409889698 0.0445326827466488 0.0446488298475742 0.0441399253904819 0.043192695826292 0.0434229522943497
0.0453722849488258 0.0435266308486462 0.0436345301568508 0.042819507420063 0.0429416447877884 0.0442874431610107 0.044290829449892 0.0442842319607735 0.0422221682965755 0.0421187020838261 0.0422166176140308 0.0422292947769165 0.0423219949007034 0.0425840280950069 0.0420604236423969 0.0419550687074661 0.0419961996376514 0.0419894456863403 0.0448268949985504 0.0423630587756634 0.0425525233149529 0.0423155277967453 0.042402520775795 0.0425481982529163 0.0426642745733261 0.0424919128417969 0.0426882803440094 0.0427717715501785 0.0430092811584473 0.0430238544940948 0.0430561825633049 0.0425953194499016 0.0427893251180649 0.0428706854581833 0.0440240576863289 0.0438862480223179 0.043839979916811 0.0438947379589081 0.0431476980447769 0.0450937710702419 0.044189091771841 0.0434553436934948 0.0435749478638172 0.0435608699917793
0.0441492795944214 0.0434930920600891 0.0431033559143543 0.0429483242332935 0.0442199371755123 0.0448879115283489 0.0437058322131634 0.0442873984575272 0.0440206192433834 0.0439351014792919 0.043759785592556 0.044649463146925 0.0439813919365406 0.0421172343194485 0.0422020368278027 0.0438743643462658 0.0444214977324009 0.0442330911755562 0.0448413416743279 0.0449331775307655 0.0426414385437965 0.0423253960907459 0.0444881208240986 0.0426176153123379 0.0442664213478565 0.0448465943336487 0.0427321270108223 0.0431116931140423 0.0429040379822254 0.0429205521941185 0.0449344553053379 0.0440387651324272 0.0431518889963627 0.0436813980340958 0.0440560020506382 0.0439623259007931 0.0433006808161736 0.0443051047623158 0.0438300184905529 0.0436295047402382 0.0437002405524254 0.0425957031548023 0.042594026774168 0.0427071005105972
0.0431524962186813 0.0432950034737587 0.0427312813699245 0.0437824875116348 0.0426511876285076 0.0438726283609867 0.0431177690625191 0.043107658624649 0.0439074300229549 0.0439263619482517 0.0436529144644737 0.0435914881527424 0.0444919392466545 0.0438738837838173 0.0435982756316662 0.0436128191649914 0.043915256857872 0.043951477855444 0.0440415181219578 0.0441501103341579 0.0441465228796005 0.0440696515142918 0.0440852083265781 0.0438672564923763 0.0440475270152092 0.0437958352267742 0.0444046705961227 0.0440765470266342 0.0440203621983528 0.0448550246655941 0.0448368117213249 0.0449140481650829 0.044112291187048 0.0433427095413208 0.0434909798204899 0.0433470606803894 0.0433661825954914 0.0432366468012333 0.0432557910680771 0.0433282107114792 0.0434357151389122 0.0432792641222477 0.043209683150053 0.0431257262825966
0.0431844517588615 0.0427589677274227 0.0423549897968769 0.0424133390188217 0.0438225902616978 0.0425669513642788 0.0438471026718616 0.0427006892859936 0.0425179824233055 0.0425291582942009 0.0433783531188965 0.0433254465460777 0.0437247753143311 0.0431700609624386 0.0442557297646999 0.0442161113023758 0.0444487817585468 0.0442961305379868 0.0441403351724148 0.0434836521744728 0.0438882298767567 0.0437271669507027 0.0438274927437305 0.043980598449707 0.044006422162056 0.0443207658827305 0.0438863635063171 0.043880071491003 0.044508159160614 0.0444259978830814 0.044563103467226 0.0445683225989342 0.0444552339613438 0.043762631714344 0.0431826710700989 0.0431301183998585 0.0430882424116135 0.042921744287014 0.0431065633893013 0.043023269623518 0.0426920168101788 0.0427349098026752 0.0430841632187366 0.0427338667213917
0.0436837784945965 0.0443207062780857 0.0427553690969944 0.0428676195442677 0.0432590283453465 0.0427522547543049 0.0437211655080318 0.0424907580018044 0.0435665026307106 0.0424332469701767 0.0424843952059746 0.0436944775283337 0.0425496883690357 0.0428545139729977 0.043888445943594 0.0437540821731091 0.0439777597784996 0.0439895056188107 0.0429257228970528 0.044017069041729 0.0432431176304817 0.0430685803294182 0.0435569547116756 0.0442223586142063 0.0442989021539688 0.0442233607172966 0.0436118803918362 0.0436812676489353 0.0435111075639725 0.0429678298532963 0.0428628362715244 0.0429883003234863 0.042849987745285 0.0428471937775612 0.0429584123194218 0.0428072661161423 0.0428692474961281 0.0426776297390461 0.0423645935952663 0.0423040948808193 0.0425004251301289 0.0428104102611542 0.0424807965755463 0.0428158231079578
0.0437072962522507 0.0441319867968559 0.0441380627453327 0.0435960628092289 0.0425944812595844 0.0435274466872215 0.0446699857711792 0.0425187014043331 0.0424967892467976 0.0425266399979591 0.0427254550158978 0.0425109975039959 0.0425913371145725 0.0435304716229439 0.0430149398744106 0.0430630594491959 0.0425087101757526 0.0423209518194199 0.0430969893932343 0.042421642690897 0.042994100600481 0.0437985993921757 0.0438432171940804 0.0426667407155037 0.0438232086598873 0.0439422056078911 0.0423380471765995 0.0422651171684265 0.042318232357502 0.0420170426368713 0.0419946126639843 0.0420455783605576 0.0423694923520088 0.0423249267041683 0.0419686809182167 0.0420866422355175 0.0421471372246742 0.0420381613075733 0.0422268696129322 0.0422574356198311 0.0423008464276791 0.0428121238946915 0.0423204153776169 0.0423192121088505
0.0435660406947136 0.0434727631509304 0.044530775398016 0.0437318049371243 0.0436679013073444 0.0434545204043388 0.0446996167302132 0.0442198105156422 0.0432693660259247 0.0434413924813271 0.0441064648330212 0.0429145954549313 0.0438191555440426 0.0420951694250107 0.0419890880584717 0.0432232655584812 0.0426266491413116 0.0417572446167469 0.0419643260538578 0.0419646017253399 0.0421156659722328 0.0417526550590992 0.0418220087885857 0.0421998798847198 0.0424029268324375 0.0421074293553829 0.0418625436723232 0.0423546023666859 0.0418172478675842 0.0418230630457401 0.0423702970147133 0.0423479229211807 0.0419222563505173 0.0419425368309021 0.0420947968959808 0.042115680873394 0.0420442894101143 0.0422332845628262 0.0421192646026611 0.0427056849002838 0.0423475168645382 0.0423211939632893 0.0421780496835709 0.0422189980745316
0.0432871878147125 0.0433820374310017 0.0437792092561722 0.0440591014921665 0.0434732474386692 0.0431340672075748 0.0438939072191715 0.0443055480718613 0.0440814159810543 0.0458279810845852 0.0464214310050011 0.0447644144296646 0.043757189065218 0.0428494997322559 0.043680377304554 0.0428836941719055 0.0428262762725353 0.0427840389311314 0.042784858494997 0.0429200939834118 0.0418736897408962 0.0418450348079205 0.0418509691953659 0.0417294576764107 0.0421027801930904 0.0422223098576069 0.0425806008279324 0.0421640835702419 0.0422888584434986 0.042273472994566 0.0422954857349396 0.0423365980386734 0.042288176715374 0.0422976240515709 0.0427027568221092 0.0427404567599297 0.0427907891571522 0.0428207740187645 0.0424517244100571 0.0424849726259708 0.0425389856100082 0.0426724702119827 0.0428260490298271 0.0424101762473583
0.0432420186698437 0.0437703914940357 0.0447146892547607 0.0453627593815327 0.0447282269597054 0.0434851162135601 0.0432731471955776 0.0441887453198433 0.0441225655376911 0.0454224497079849 0.0452150329947472 0.0443536303937435 0.0431248173117638 0.0430371798574924 0.043611042201519 0.0436464175581932 0.043480109423399 0.0427861027419567 0.042804230004549 0.0433304086327553 0.0428956337273121 0.0430034101009369 0.043371994048357 0.0430792197585106 0.0431226417422295 0.0431746914982796 0.0422181710600853 0.0422944128513336 0.0422725826501846 0.0432440675795078 0.0432872213423252 0.0433133691549301 0.0434216111898422 0.0435681492090225 0.0426075085997581 0.042559452354908 0.042482677847147 0.0436672754585743 0.0437221676111221 0.0426775701344013 0.0440677627921104 0.0440535470843315 0.0440096855163574 0.0432511381804943
