Part_1_SDMs/sdm_R/ensembles/Macropus_giganteus_ensemble_present.asc
NCOLS 258 
NROWS 204 
XLLCORNER 112 
YLLCORNER -44 
CELLSIZE 0.166666666666667 
NODATA_value -3.4e+38 
[rows 80 to 99 of 204, columns 44 to 87 of 258]
0.0435188785195351 0.0435303598642349 0.043784037232399 0.04466388002038 0.0450735650956631 0.0441226251423359 0.0443187095224857 0.0444559864699841 0.0445291288197041 0.0433272272348404 0.0433486513793468 0.0445279441773891 0.044079415500164 0.0431772507727146 0.0428993664681911 0.0429171919822693 0.0439590960741043 0.0439576134085655 0.0428645722568035 0.0430505089461803 0.0436680279672146 0.0431944392621517 0.0434704720973969 0.0433888807892799 0.0435906164348125 0.0437686666846275 0.0431367345154285 0.0437129624187946 0.0435427576303482 0.0433036834001541 0.0439098924398422 0.043692696839571 0.0446798838675022 0.0435095205903053 0.043657049536705 0.0434214435517788 0.0434714108705521 0.0435442589223385 0.0433865822851658 0.0436040498316288 0.0439234003424644 0.0439265705645084 0.0439249724149704 0.0435562804341316
0.0435497760772705 0.0442743189632893 0.0435384176671505 0.0434419699013233 0.043482206761837 0.0427638255059719 0.0426073037087917 0.0426779575645924 0.0427464433014393 0.0426654666662216 0.0431432947516441 0.0425908155739307 0.0445074364542961 0.0439619831740856 0.043128777295351 0.0429228581488132 0.0428631603717804 0.0430856570601463 0.0431275777518749 0.043326161801815 0.0430043675005436 0.0430278219282627 0.0431647673249245 0.0442295037209988 0.0432119928300381 0.0442709363996983 0.0431856550276279 0.0443070977926254 0.0433429479598999 0.0443091168999672 0.043294757604599 0.0433353818953037 0.0433621369302273 0.0441279411315918 0.0441601499915123 0.044176422059536 0.0451138652861118 0.0435245335102081 0.0448737964034081 0.0449093542993069 0.0440988205373287 0.0447640940546989 0.0436265133321285 0.0437838695943356
0.0432128980755806 0.0433172434568405 0.0428103022277355 0.042970385402441 0.0430184975266457 0.0430822409689426 0.0429273843765259 0.042833287268877 0.0428717099130154 0.0429948642849922 0.0430243387818336 0.0430646501481533 0.043837558478117 0.0443960539996624 0.0445724204182625 0.0441854819655418 0.0434555485844612 0.043196614831686 0.0433043837547302 0.0431915670633316 0.0431800000369549 0.0431016646325588 0.044147714972496 0.0431141704320908 0.0433169528841972 0.0432188957929611 0.043262530118227 0.0433326587080956 0.0433570817112923 0.0433359071612358 0.0433713607490063 0.0434584096074104 0.043511051684618 0.0436514690518379 0.0436565205454826 0.0436798073351383 0.0437328293919563 0.0437692403793335 0.0436528883874416 0.0443845316767693 0.0440247543156147 0.0442834012210369 0.0453629046678543 0.0437107235193253
0.0444778241217136 0.0455038882791996 0.0441209562122822 0.0436993576586246 0.0426808930933475 0.0426765345036983 0.0435024611651897 0.0423665083944798 0.042781800031662 0.0431266985833645 0.0425172187387943 0.0422202385962009 0.0431523099541664 0.04371203109622 0.0442705266177654 0.0429885908961296 0.0451721101999283 0.0445349030196667 0.0441405698657036 0.0440394654870033 0.0437449440360069 0.0432718321681023 0.0433994457125664 0.0432499311864376 0.043523371219635 0.0436559319496155 0.0435735397040844 0.0436529703438282 0.0434557646512985 0.0439224690198898 0.0438481085002422 0.0447180047631264 0.0438357144594193 0.0437470637261868 0.0437388867139816 0.0438962206244469 0.0440258271992207 0.0439930483698845 0.0439576134085655 0.0440448187291622 0.043957844376564 0.0443416871130466 0.0477547906339169 0.0448631793260574
0.0437664985656738 0.043810062110424 0.0424430519342422 0.043655913323164 0.0448905676603317 0.0428270734846592 0.0430977530777454 0.0432305037975311 0.0432539246976376 0.043089285492897 0.0422965735197067 0.0423073880374432 0.0423658676445484 0.0423076711595058 0.0422916039824486 0.0424781069159508 0.0425872132182121 0.0439064204692841 0.0432238504290581 0.0442327484488487 0.0450013689696789 0.0445572026073933 0.0444495491683483 0.0445801727473736 0.0434915125370026 0.0431740172207355 0.043374877423048 0.0441332086920738 0.044450081884861 0.0443461984395981 0.0446301139891148 0.0447093024849892 0.0447303019464016 0.0444939658045769 0.0438355691730976 0.0446620471775532 0.0448028184473515 0.0447717010974884 0.057694248855114 0.0580251440405846 0.0582818016409874 0.0477632917463779 0.0446067787706852 0.0600758641958237
0.043849091976881 0.0440340600907803 0.0437314212322235 0.0441022552549839 0.0438098609447479 0.0443884842097759 0.0426805652678013 0.0426065810024738 0.0425503067672253 0.0430628135800362 0.0430748350918293 0.043121837079525 0.0422481894493103 0.0430466830730438 0.0432034283876419 0.0425649136304855 0.0425183735787868 0.0426818057894707 0.0428652688860893 0.0431275814771652 0.0432238876819611 0.0448159798979759 0.0444332659244537 0.0443630404770374 0.0445214100182056 0.0441711843013763 0.044625036418438 0.0447223149240017 0.0446837283670902 0.0446416735649109 0.0447276420891285 0.0449968501925468 0.0450058877468109 0.0450478680431843 0.0455677472054958 0.0457039326429367 0.0569782517850399 0.0472087524831295 0.0573302991688251 0.0571247860789299 0.0572706125676632 0.0578838512301445 0.063227117061615 0.0611339248716831
0.0431587435305119 0.0436263717710972 0.0437454357743263 0.0433109328150749 0.0423625782132149 0.0436514467000961 0.0440192744135857 0.0435484535992146 0.0426376424729824 0.043694045394659 0.0426470227539539 0.0429999232292175 0.042365875095129 0.04330974817276 0.0433800034224987 0.0434097647666931 0.0424559526145458 0.0424449108541012 0.0425304844975471 0.0424514263868332 0.0432046055793762 0.0436286814510822 0.0446427948772907 0.0438831597566605 0.0442887954413891 0.0434962883591652 0.0431519858539104 0.0428791493177414 0.0440696552395821 0.0430842898786068 0.0434292852878571 0.0469256974756718 0.0467245317995548 0.0551852397620678 0.0552400425076485 0.055096123367548 0.0546698309481144 0.0532426051795483 0.0566510371863842 0.0593337677419186 0.0602219142019749 0.0606315992772579 0.058585736900568 0.0615103803575039
0.0437607690691948 0.0435146726667881 0.0435813590884209 0.0438164286315441 0.0437592640519142 0.0438284538686275 0.0435939729213715 0.0440061278641224 0.0439815148711205 0.043356891721487 0.042534776031971 0.0433065444231033 0.0433311425149441 0.0432351306080818 0.0434240438044071 0.0433299168944359 0.0433475486934185 0.0424616411328316 0.0423808023333549 0.0423900783061981 0.0426904335618019 0.0431950353085995 0.0434883013367653 0.0424906462430954 0.0425509624183178 0.0425469949841499 0.0427655279636383 0.0431948192417622 0.0441226959228516 0.0436586402356625 0.0470023602247238 0.0528050772845745 0.053324356675148 0.0577796250581741 0.0556228719651699 0.0537214390933514 0.0579778291285038 0.060566745698452 0.060691948980093 0.0607076808810234 0.0593504160642624 0.0621982924640179 0.0598606951534748 0.0590677559375763
0.043397668749094 0.0430543012917042 0.0433788672089577 0.0465829856693745 0.0441021323204041 0.0439764782786369 0.0437409579753876 0.043711893260479 0.043798703700304 0.0438284538686275 0.0426453575491905 0.0426815152168274 0.0429544672369957 0.0436441861093044 0.0431639887392521 0.0428447984158993 0.0427332557737827 0.0428060553967953 0.0435171499848366 0.043584581464529 0.0426817983388901 0.042516078799963 0.0425081327557564 0.0425048321485519 0.043582197278738 0.0436186715960503 0.0467353276908398 0.0427227057516575 0.051708847284317 0.0433705300092697 0.0562069043517113 0.0561236403882504 0.0551394633948803 0.0560348704457283 0.0562258213758469 0.0580215975642204 0.0560156181454659 0.0630548447370529 0.056786309927702 0.0566387437283993 0.0653038546442986 0.0644832849502563 0.0586395263671875 0.0591435879468918
0.0431721210479736 0.0471971482038498 0.0433609187602997 0.0473981089890003 0.0475719794631004 0.0451252423226833 0.0466166809201241 0.0441363118588924 0.0442105941474438 0.0438494272530079 0.0438727997243404 0.0428377352654934 0.0438347607851028 0.0435821115970612 0.0435519553720951 0.0428594052791595 0.0437014736235142 0.0428314208984375 0.0427253656089306 0.0436440743505955 0.0430816560983658 0.0433311611413956 0.0426484644412994 0.0439011566340923 0.0444180183112621 0.0436353348195553 0.0470227003097534 0.0470227003097534 0.05868736281991 0.0586636252701283 0.0586029142141342 0.0545604228973389 0.0566307380795479 0.0624233745038509 0.0620453581213951 0.0643490552902222 0.064356341958046 0.0576019398868084 0.0536721721291542 0.0641719549894333 0.0571266710758209 0.0579582452774048 0.0601753406226635 0.0601802580058575
0.0432640798389912 0.0453572273254395 0.0440799929201603 0.0457351990044117 0.0461478643119335 0.0476333871483803 0.0467926040291786 0.0474058389663696 0.0478562414646149 0.0466703400015831 0.044145617634058 0.0437518320977688 0.0436083115637302 0.0444057248532772 0.0438171029090881 0.0438362918794155 0.0434994921088219 0.0427518673241138 0.0431952513754368 0.0428922101855278 0.0430350005626678 0.0430452264845371 0.0465405620634556 0.0478981621563435 0.0487818345427513 0.0494407713413239 0.0494457222521305 0.0518111549317837 0.0483280979096889 0.0523923672735691 0.0497236698865891 0.0508196353912354 0.0496123358607292 0.0487987101078033 0.0473630465567112 0.0488071516156197 0.0527421720325947 0.0495742335915565 0.0527958497405052 0.0527064613997936 0.052563764154911 0.0555116832256317 0.0572479553520679 0.0721714198589325
0.0436641089618206 0.0474383980035782 0.0478381142020226 0.0456395223736763 0.0481706485152245 0.0484786964952946 0.0460297241806984 0.048353023827076 0.0462526567280293 0.04646335542202 0.0478762872517109 0.0477125644683838 0.0466861091554165 0.0452040582895279 0.0436093918979168 0.0425690449774265 0.0436195358633995 0.0427055060863495 0.0427147075533867 0.0434074141085148 0.0430415906012058 0.0572949610650539 0.0435964725911617 0.044997900724411 0.048621378839016 0.046090304851532 0.0456154346466064 0.0460128374397755 0.0463297851383686 0.046936858445406 0.0469110421836376 0.0469415672123432 0.0471000336110592 0.0455266498029232 0.0451123677194118 0.0462093912065029 0.04912144318223 0.049139492213726 0.0503767021000385 0.0500849783420563 0.0500601977109909 0.0532577335834503 0.049873124808073 0.0560024715960026
0.0469220280647278 0.0463095456361771 0.0456173121929169 0.0458617135882378 0.0526459738612175 0.0527163445949554 0.0528650209307671 0.0473452173173428 0.0459300652146339 0.0460219383239746 0.0473000854253769 0.0472533330321312 0.0471051707863808 0.0464779511094093 0.047675259411335 0.0465589724481106 0.0439624115824699 0.0443434827029705 0.0447464846074581 0.0453971736133099 0.0500302538275719 0.0435556881129742 0.0477066151797771 0.0450640171766281 0.0460741594433784 0.0459951981902122 0.0462548993527889 0.0460664704442024 0.0447367914021015 0.0448624864220619 0.0448145344853401 0.0447996966540813 0.0453628338873386 0.0448772460222244 0.0450403951108456 0.0453970581293106 0.0457521192729473 0.0476258918642998 0.0524574518203735 0.0525071360170841 0.0451056137681007 0.0475806444883347 0.0474521107971668 0.0495894402265549
0.0453650131821632 0.0442462563514709 0.0487327761948109 0.0522435903549194 0.0514064580202103 0.0514064580202103 0.0514460131525993 0.052849892526865 0.0528276935219765 0.047458328306675 0.0459021180868149 0.0472993031144142 0.0477388724684715 0.0476401038467884 0.0464781150221825 0.0451757870614529 0.0471781343221664 0.0472148135304451 0.0442544966936111 0.0505563654005527 0.0470565184950829 0.0446203500032425 0.0451966524124146 0.0459156036376953 0.0463525839149952 0.0462838299572468 0.0462679229676723 0.0447229370474815 0.045092411339283 0.0443695373833179 0.0443663112819195 0.0449023693799973 0.0447385497391224 0.0452772788703442 0.0449248291552067 0.0448800660669804 0.0494222305715084 0.0468065589666367 0.0491285286843777 0.0473429746925831 0.0482563450932503 0.0483109652996063 0.0471047535538673 0.0476715005934238
0.0507888533174992 0.0512420944869518 0.0529069378972054 0.0512301251292229 0.0511904247105122 0.0530356392264366 0.0517606511712074 0.0520134307444096 0.0527445413172245 0.0521720573306084 0.0529304035007954 0.0483001656830311 0.0459091514348984 0.0455846861004829 0.0477465428411961 0.0471396818757057 0.0468430668115616 0.0450632683932781 0.0510896742343903 0.0515565350651741 0.0464394278824329 0.0448582246899605 0.0457848124206066 0.0450186505913734 0.0450288616120815 0.0451816506683826 0.0449405834078789 0.0445833839476109 0.0449653826653957 0.0450212694704533 0.0449524447321892 0.0448891259729862 0.0450146198272705 0.0448982715606689 0.0470945909619331 0.0492639914155006 0.0473752170801163 0.0473841726779938 0.0466204956173897 0.0503881424665451 0.0489992238581181 0.0499013960361481 0.0522755980491638 0.0499999113380909
0.0568966008722782 0.0571722202003002 0.0622053295373917 0.0569279976189137 0.0563983991742134 0.0565715543925762 0.0594417043030262 0.053293664008379 0.0566586367785931 0.053582064807415 0.0527325831353664 0.0492035560309887 0.0466557405889034 0.0473300665616989 0.0458345338702202 0.0480357743799686 0.0497732050716877 0.0522706098854542 0.0497369095683098 0.0487268455326557 0.0493880622088909 0.0483319014310837 0.0469377525150776 0.0453958995640278 0.0474843867123127 0.0469759479165077 0.0469484142959118 0.0469556376338005 0.0473191179335117 0.0466363541781902 0.0455825068056583 0.04556829854846 0.0475032888352871 0.0450560264289379 0.047690499573946 0.0490605570375919 0.0478323921561241 0.0482519455254078 0.0501324161887169 0.0497358776628971 0.049712598323822 0.0491485670208931 0.0496179834008217 0.0537676177918911
0.0553574152290821 0.0605136938393116 0.0594446435570717 0.0623551867902279 0.0553987994790077 0.0555112212896347 0.0642202645540237 0.0593540109694004 0.0563381053507328 0.0564102940261364 0.0515215396881104 0.0537045001983643 0.0529059059917927 0.0491786375641823 0.0532508119940758 0.0513727962970734 0.0498675033450127 0.0593486949801445 0.0501218177378178 0.0505427084863186 0.04983826354146 0.049843717366457 0.0480794012546539 0.0477838218212128 0.0473795831203461 0.046555332839489 0.0473675355315208 0.0478208102285862 0.0479095354676247 0.0526948310434818 0.0470180250704288 0.0471872910857201 0.0494807846844196 0.0501345172524452 0.0488563515245914 0.0498132705688477 0.0503652803599834 0.0493078976869583 0.0490771904587746 0.048738919198513 0.0489031597971916 0.0498737543821335 0.0533070676028728 0.0493648536503315
0.0598409809172153 0.0592187382280827 0.0597169995307922 0.0566681772470474 0.0584375485777855 0.0587765388190746 0.0585280023515224 0.057873860001564 0.0567030720412731 0.056646354496479 0.0567982234060764 0.0570039339363575 0.0534790270030499 0.0535168722271919 0.0532053522765636 0.0517285615205765 0.0514773242175579 0.0543819740414619 0.0489393994212151 0.0497377254068851 0.0485613569617271 0.0495500154793262 0.0478205941617489 0.0472828149795532 0.0462218001484871 0.0464437492191792 0.0465846471488476 0.0480866283178329 0.0474008284509182 0.048466794192791 0.0485493317246437 0.0481520369648933 0.0511875152587891 0.0507632978260517 0.0496407449245453 0.0496713481843472 0.0493275932967663 0.0503041222691536 0.0493574626743793 0.0505166277289391 0.0525251291692257 0.0522670708596706 0.0500506684184074 0.0515796504914761
0.0576485246419907 0.0583181604743004 0.0580856204032898 0.0547937825322151 0.0558938905596733 0.056059617549181 0.0553364381194115 0.0584387667477131 0.0645497888326645 0.0598425567150116 0.0598728768527508 0.0598005093634129 0.0560728535056114 0.053385928273201 0.0515403188765049 0.0552968531847 0.061560146510601 0.0510585829615593 0.0493284538388252 0.0488095209002495 0.0470514744520187 0.0465608425438404 0.0468266569077969 0.0474142879247665 0.047500979155302 0.047240786254406 0.0467833057045937 0.0473945252597332 0.0519217029213905 0.0546606183052063 0.0524845235049725 0.0509523190557957 0.0509245246648788 0.0500149615108967 0.0508675947785378 0.0508905872702599 0.0516567714512348 0.0536217242479324 0.0557179525494576 0.0510311052203178 0.0557103604078293 0.0555761158466339 0.052966084331274 0.0555071160197258
0.0590819455683231 0.0573232658207417 0.0561740957200527 0.0530723258852959 0.052702073007822 0.0527717061340809 0.0530238747596741 0.0556127615272999 0.0559689998626709 0.055718969553709 0.0546736940741539 0.053044818341732 0.0525662824511528 0.0565768666565418 0.0547854490578175 0.0584910064935684 0.0618275292217731 0.0490778908133507 0.0513629429042339 0.0494962669909 0.0475049205124378 0.046814389526844 0.0474572107195854 0.0478022880852222 0.047472883015871 0.0474268309772015 0.0482303462922573 0.0535032004117966 0.0491645969450474 0.0509183369576931 0.0523863732814789 0.0519549548625946 0.0518966093659401 0.0566218569874763 0.052773043513298 0.0524048246443272 0.05739751085639 0.0593068636953831 0.0556039847433567 0.0561725609004498 0.0589938908815384 0.0561746284365654 0.0538535676896572 0.0670534148812294
