Part_1_SDMs/sdm_R/ensembles/Macropus_giganteus_ensemble_future_2070_RCP_8.5.asc
NCOLS 258 
NROWS 204 
XLLCORNER 112 
YLLCORNER -44 
CELLSIZE 0.166666666666667 
NODATA_value -3.4e+38 
[rows 120 to 139 of 204, columns 176 to 219 of 258]
0.0755640640854836 0.0772422924637794 0.0786803737282753 0.0811242833733559 0.0800120905041695 0.0866886228322983 0.0856313034892082 0.0917427316308022 0.0850118026137352 0.0852478817105293 0.090620368719101 0.0901428386569023 0.0925686433911324 0.0857516229152679 0.0903017222881317 0.078886903822422 0.0754123777151108 0.0760898441076279 0.0785233303904533 0.0756679847836494 0.0787156820297241 0.0874467343091965 0.0836390256881714 0.0888906419277191 0.114933453500271 0.114666484296322 0.13298687338829 0.155404165387154 0.151292845606804 0.152997925877571 0.15043979883194 0.163979575037956 0.16197781264782 0.162193641066551 0.162467777729034 0.171753019094467 0.172331258654594 0.176200494170189 0.189194679260254 0.20345863699913 0.210220396518707 0.215736761689186 0.218413427472115 0.215615913271904
0.0787512063980103 0.0809355974197388 0.081886813044548 0.0869742333889008 0.0883579775691032 0.0897422283887863 0.0903341174125671 0.090223029255867 0.0915518775582314 0.0905737951397896 0.0913457870483398 0.0868167504668236 0.0865223780274391 0.0862212926149368 0.0900899842381477 0.0789346396923065 0.076424352824688 0.0770347639918327 0.0800281465053558 0.0811735466122627 0.0850652083754539 0.0891550034284592 0.0986147224903107 0.0874573886394501 0.116423927247524 0.116767607629299 0.132301822304726 0.15362773835659 0.154553785920143 0.152591422200203 0.153901115059853 0.164183259010315 0.163495764136314 0.162407368421555 0.174462720751762 0.172931745648384 0.174496620893478 0.189996123313904 0.206537768244743 0.206490129232407 0.211861878633499 0.217224404215813 0.238477408885956 0.217190057039261
0.0756390318274498 0.0818331986665726 0.0890693962574005 0.0889850333333015 0.0907928273081779 0.0907612591981888 0.0911640971899033 0.0912021696567535 0.0915580540895462 0.0913303941488266 0.0923098623752594 0.0867287144064903 0.0857512503862381 0.0857548266649246 0.0903854742646217 0.0821012258529663 0.0809722319245338 0.0787100419402122 0.0811004638671875 0.0816045850515366 0.0802805423736572 0.0974462926387787 0.096760205924511 0.0940449610352516 0.115514904260635 0.115840032696724 0.134940296411514 0.156231060624123 0.156723245978355 0.157086566090584 0.15655292570591 0.164976820349693 0.167789533734322 0.164174154400826 0.164023011922836 0.175261318683624 0.195294260978699 0.208759531378746 0.209110289812088 0.214956641197205 0.234911665320396 0.237120419740677 0.241477459669113 0.24158002436161
0.0865657106041908 0.0879574939608574 0.0917340070009232 0.0898896157741547 0.0921723172068596 0.0956574380397797 0.0927377119660378 0.0931750610470772 0.0930051058530807 0.0933412909507751 0.0930457934737206 0.0882279127836227 0.0860288068652153 0.0885276794433594 0.0821858197450638 0.0824574157595634 0.0839988067746162 0.0816699415445328 0.0855792462825775 0.0969376787543297 0.099072091281414 0.0981268286705017 0.0934652462601662 0.0951705053448677 0.122814044356346 0.13050152361393 0.134652629494667 0.133989185094833 0.156130954623222 0.152543231844902 0.156073957681656 0.169302597641945 0.168504312634468 0.163986638188362 0.165044158697128 0.169962927699089 0.180126681923866 0.216017350554466 0.217402085661888 0.236049711704254 0.236528605222702 0.226413249969482 0.24040898680687 0.327029049396515
0.0945223718881607 0.0923262685537338 0.0922349020838737 0.0917204767465591 0.0950096398591995 0.0964533761143684 0.110817521810532 0.109705962240696 0.108544997870922 0.0951625183224678 0.0954912230372429 0.0955801084637642 0.09516391903162 0.0888703092932701 0.0902455598115921 0.0849156826734543 0.0865402892231941 0.0857218578457832 0.086725540459156 0.0974940583109856 0.107180759310722 0.109092995524406 0.134720712900162 0.109498023986816 0.134726420044899 0.141099020838737 0.128993391990662 0.144564479589462 0.155797317624092 0.15723517537117 0.155787840485573 0.168842568993568 0.178822904825211 0.178910002112389 0.17401684820652 0.174365550279617 0.19263468682766 0.231074914336205 0.250287085771561 0.25292980670929 0.22517803311348 0.228563234210014 0.285433679819107 0.334240853786469
0.086786761879921 0.0975613296031952 0.0934606641530991 0.093174047768116 0.0954215005040169 0.111895605921745 0.111056439578533 0.115690134465694 0.115804992616177 0.100212410092354 0.101322114467621 0.0889015719294548 0.0891213119029999 0.0878932029008865 0.0915141105651855 0.085810050368309 0.0869514420628548 0.0975365489721298 0.0976251512765884 0.0983763262629509 0.107202790677547 0.10967168956995 0.136952236294746 0.133719056844711 0.139347463846207 0.138468310236931 0.139055848121643 0.145041972398758 0.170061185956001 0.172315925359726 0.17324224114418 0.168922081589699 0.189874306321144 0.191064074635506 0.195716291666031 0.199235573410988 0.202185973525047 0.228153347969055 0.248748123645782 0.250253200531006 0.224632889032364 0.244091913104057 0.321157842874527 0.360661685466766
0.0900027751922607 0.100426495075226 0.0986003279685974 0.0947659462690353 0.0971301719546318 0.112540818750858 0.11829649657011 0.139037474989891 0.11712209880352 0.106775104999542 0.101489312946796 0.102752581238747 0.0898068696260452 0.0903655737638474 0.0921674370765686 0.0854676514863968 0.0983101353049278 0.105997435748577 0.104364894330502 0.10686220228672 0.109046034514904 0.132741451263428 0.133139118552208 0.159251317381859 0.139598771929741 0.149420022964478 0.138615012168884 0.157031521201134 0.193348363041878 0.193155825138092 0.192032977938652 0.198269814252853 0.209660843014717 0.198575362563133 0.198683813214302 0.201943814754486 0.199759691953659 0.205143764615059 0.209572955965996 0.19700613617897 0.236194595694542 0.278178066015244 0.330792993307114 0.35857167840004
0.0792592391371727 0.103248335421085 0.101314082741737 0.0975024849176407 0.114495575428009 0.120418541133404 0.140409588813782 0.108331963419914 0.129550188779831 0.108395926654339 0.102783299982548 0.10298065841198 0.0929947271943092 0.0910623893141747 0.0905396565794945 0.104075416922569 0.104363456368446 0.106459237635136 0.109993167221546 0.108255356550217 0.130225017666817 0.13393397629261 0.155375361442566 0.199810713529587 0.171252593398094 0.172049254179001 0.173415437340736 0.203994691371918 0.230096682906151 0.240368366241455 0.230632290244102 0.213434055447578 0.218196958303452 0.198151409626007 0.195703700184822 0.198794454336166 0.211715340614319 0.205014511942863 0.227063164114952 0.250215232372284 0.293994933366776 0.315141618251801 0.328325867652893 0.365481942892075
0.0801821276545525 0.116887256503105 0.112592034041882 0.111910402774811 0.113750785589218 0.121865518391132 0.132019758224487 0.11022374778986 0.109838329255581 0.11016058921814 0.110785968601704 0.104108072817326 0.110917255282402 0.105346657335758 0.0975810810923576 0.11050283908844 0.116440698504448 0.112230777740479 0.131235405802727 0.131824627518654 0.131493508815765 0.154219403862953 0.19535106420517 0.196785256266594 0.170510426163673 0.201355814933777 0.223908767104149 0.242382913827896 0.243281722068787 0.255525976419449 0.26093927025795 0.221016824245453 0.221633762121201 0.217392578721046 0.195671617984772 0.211091384291649 0.212590470910072 0.214942336082458 0.244770526885986 0.331598877906799 0.334500700235367 0.34203040599823 0.355036616325378 0.376058310270309
0.0952928587794304 0.119070142507553 0.114239387214184 0.111858531832695 0.101382710039616 0.102049604058266 0.104217283427715 0.103153742849827 0.103673413395882 0.103776380419731 0.0960063487291336 0.0961905419826508 0.0968631878495216 0.101972684264183 0.102848649024963 0.100724719464779 0.109209790825844 0.102565787732601 0.136277556419373 0.153493911027908 0.153620883822441 0.153702706098557 0.18157534301281 0.19695220887661 0.199254080653191 0.205480977892876 0.225108459591866 0.241350665688515 0.24112956225872 0.259636640548706 0.278109669685364 0.262847810983658 0.219247654080391 0.205895572900772 0.216963931918144 0.213425934314728 0.215491071343422 0.216072604060173 0.256253182888031 0.331573128700256 0.341539472341537 0.369262725114822 0.392315268516541 0.396747320890427
0.105427816510201 0.13538484275341 0.125108927488327 0.0985476300120354 0.0909929648041725 0.0892152041196823 0.10316464304924 0.102130532264709 0.103031329810619 0.094355970621109 0.0967419892549515 0.0940884575247765 0.0956117287278175 0.0968082472681999 0.101520240306854 0.101821310818195 0.101095654070377 0.0994758531451225 0.110322311520576 0.136767879128456 0.154455050826073 0.154056027531624 0.165414810180664 0.196577489376068 0.198790803551674 0.20620085299015 0.208942458033562 0.231213927268982 0.25565767288208 0.259204387664795 0.27279195189476 0.276866585016251 0.236730858683586 0.238390058279037 0.238707110285759 0.218088716268539 0.219729855656624 0.235255345702171 0.257281988859177 0.294086545705795 0.345187038183212 0.375028222799301 0.388130307197571 0.450858503580093
0.110975451767445 0.117670670151711 0.0869327858090401 0.0869497507810593 0.102652661502361 0.0921356976032257 0.105318523943424 0.0930645316839218 0.0913243368268013 0.0851644724607468 0.0850790366530418 0.0953771397471428 0.0951801612973213 0.0943263098597527 0.0942968726158142 0.0944839343428612 0.101107135415077 0.124246403574944 0.124126486480236 0.136966481804848 0.136517867445946 0.137401700019836 0.155075937509537 0.156152427196503 0.197839543223381 0.204262644052505 0.239060148596764 0.240973576903343 0.256106406450272 0.266078472137451 0.268493920564651 0.270590513944626 0.277013152837753 0.242496728897095 0.247741743922234 0.265546649694443 0.223472565412521 0.235986068844795 0.259435772895813 0.295516014099121 0.341717898845673 0.377036094665527 0.447556406259537 0.487124592065811
0.0937772318720818 0.0919988304376602 0.0903109535574913 0.0890757068991661 0.0888465866446495 0.0879854783415794 0.0839753150939941 0.0873589217662811 0.0857337713241577 0.0850747153162956 0.085954524576664 0.0864309072494507 0.0862008556723595 0.0950969532132149 0.0954558402299881 0.0952975898981094 0.0952471569180489 0.101389050483704 0.122618816792965 0.135773330926895 0.136342331767082 0.136468961834908 0.1531662940979 0.155096888542175 0.182348743081093 0.198704600334167 0.219905480742455 0.235834896564484 0.248362123966217 0.248958453536034 0.264924347400665 0.248703509569168 0.295248448848724 0.2748082280159 0.28021776676178 0.266020447015762 0.268392980098724 0.237011834979057 0.259363681077957 0.304723709821701 0.342124283313751 0.386108875274658 0.445026308298111 0.485149025917053
0.0878739431500435 0.0940824076533318 0.0928680226206779 0.0812453031539917 0.0808590799570084 0.0863797590136528 0.0851147174835205 0.0862779095768929 0.0864479243755341 0.0880266055464745 0.0879098773002625 0.0855026319622993 0.0870053395628929 0.0871442779898643 0.0961184650659561 0.0952516719698906 0.0949652045965195 0.101411372423172 0.122821144759655 0.122856214642525 0.122621305286884 0.134106889367104 0.134552985429764 0.151669591665268 0.178544908761978 0.181882753968239 0.228903293609619 0.24548265337944 0.246134683489799 0.252887457609177 0.283972024917603 0.28573340177536 0.326155543327332 0.27465558052063 0.279495984315872 0.281400680541992 0.284326493740082 0.258971691131592 0.264572381973267 0.310302227735519 0.360462099313736 0.401634901762009 0.469205379486084 0.490328907966614
0.091435581445694 0.09095498919487 0.0886961817741394 0.0874937698245049 0.0825542658567429 0.0836989879608154 0.0849816650152206 0.0834064483642578 0.0863005369901657 0.0847958922386169 0.0856761634349823 0.0837073028087616 0.0831305533647537 0.0872214958071709 0.0948078706860542 0.0938818529248238 0.101444944739342 0.102287948131561 0.10187204927206 0.121650204062462 0.121743835508823 0.134430482983589 0.149888798594475 0.151922196149826 0.178132936358452 0.177973821759224 0.209989383816719 0.243181690573692 0.244840160012245 0.267920166254044 0.280323296785355 0.28428515791893 0.283117830753326 0.329719841480255 0.27111491560936 0.279845714569092 0.319131910800934 0.325375914573669 0.28908982872963 0.310784906148911 0.349174320697784 0.394974291324615 0.527522146701813 0.492923736572266
0.0892566591501236 0.0884423702955246 0.0877733752131462 0.0851846933364868 0.0836343616247177 0.0833192020654678 0.0925504118204117 0.0849303156137466 0.0854373276233673 0.0839468464255333 0.0820601880550385 0.0817934572696686 0.0837189480662346 0.0867450088262558 0.0957829505205154 0.0936620756983757 0.0997724160552025 0.100119307637215 0.121878854930401 0.121839858591557 0.121212497353554 0.121497727930546 0.15070915222168 0.151841074228287 0.177943021059036 0.193316355347633 0.207835659384727 0.210504844784737 0.224626168608665 0.251671254634857 0.24436154961586 0.27246755361557 0.285401791334152 0.323268264532089 0.363598525524139 0.36732092499733 0.348802477121353 0.325528681278229 0.33470818400383 0.33385369181633 0.351983308792114 0.396361649036407 0.540313601493835 0.522717773914337
0.0919937714934349 0.0904781967401505 0.0889775678515434 0.0923893675208092 0.102737039327621 0.0962930396199226 0.111865811049938 0.0882696583867073 0.087381549179554 0.0832147523760796 0.0819147378206253 0.0818134620785713 0.083887480199337 0.087616890668869 0.0962513834238052 0.0950643792748451 0.100605636835098 0.119761243462563 0.11989451944828 0.123026065528393 0.122520931065083 0.121791742742062 0.136093884706497 0.152347236871719 0.176105946302414 0.178375035524368 0.194543585181236 0.209746509790421 0.222711160778999 0.227433711290359 0.229319870471954 0.245673134922981 0.236062586307526 0.288141965866089 0.327049285173416 0.36723119020462 0.34490042924881 0.317174196243286 0.32913014292717 0.332385778427124 0.354392826557159 0.398042917251587 0.535246074199677 0.464461088180542
0.0885865837335587 0.0877989381551743 0.0906533896923065 0.10505061596632 0.0985197126865387 0.103025056421757 0.10987513512373 0.0901213809847832 0.0880522057414055 0.0869116857647896 0.0826482251286507 0.082006610929966 0.0849956423044205 0.085111103951931 0.0967622101306915 0.102293752133846 0.100166872143745 0.120744161307812 0.120232731103897 0.122292503714561 0.101871080696583 0.137047365307808 0.137195363640785 0.151239141821861 0.17664897441864 0.179315119981766 0.180341050028801 0.207528635859489 0.209111154079437 0.219840198755264 0.2211684435606 0.225613638758659 0.228137001395226 0.267769128084183 0.288600444793701 0.327996671199799 0.369815468788147 0.278775215148926 0.28463026881218 0.28359392285347 0.376848787069321 0.392136037349701 0.530379414558411 0.546778559684753
0.0908562317490578 0.093220517039299 0.0916360765695572 0.100033767521381 0.0994600802659988 0.104539446532726 0.0924066379666328 0.0979729071259499 0.0943959429860115 0.0873671770095825 0.0862442329525948 0.0868657976388931 0.0866479799151421 0.0961984619498253 0.100554674863815 0.100328087806702 0.100263096392155 0.102333538234234 0.10087213665247 0.103118367493153 0.12337514013052 0.123000390827656 0.13761568069458 0.136624678969383 0.151862502098083 0.152404144406319 0.177002772688866 0.194236993789673 0.205177813768387 0.218607634305954 0.22086127102375 0.20830038189888 0.241129368543625 0.251118838787079 0.266833364963531 0.270414054393768 0.29569473862648 0.260229229927063 0.284653931856155 0.362201005220413 0.421323865652084 0.407580614089966 0.545149326324463 0.570110499858856
0.0964648649096489 0.0948132425546646 0.0945676416158676 0.102679871022701 0.108546890318394 0.08712287992239 0.0786586478352547 0.0786977261304855 0.0825145691633224 0.0806687846779823 0.0866721644997597 0.0969665348529816 0.0969367846846581 0.103082314133644 0.101272352039814 0.101199105381966 0.100460179150105 0.099428117275238 0.105850905179977 0.10418414324522 0.123597666621208 0.12390860915184 0.138669893145561 0.138104304671288 0.149791449308395 0.166691988706589 0.150057673454285 0.176250725984573 0.190407082438469 0.215943828225136 0.215973719954491 0.217555910348892 0.242982774972916 0.263748735189438 0.270201981067657 0.275709837675095 0.253978759050369 0.242001473903656 0.264177709817886 0.334241151809692 0.389844954013824 0.477055460214615 0.516142904758453 0.529593884944916
