Part_1_SDMs/sdm_R/ensembles/Macropus_giganteus_ensemble_present.asc
NCOLS 258 
NROWS 204 
XLLCORNER 112 
YLLCORNER -44 
CELLSIZE 0.166666666666667 
NODATA_value -3.4e+38 
[rows 120 to 139 of 204, columns 0 to 43 of 258]
-3.4e+38 -3.4e+38 -3.4e+38 -3.4e+38 -3.4e+38 -3.4e+38 -3.4e+38 -3.4e+38 -3.4e+38 -3.4e+38 -3.4e+38 -3.4e+38 -3.4e+38 -3.4e+38 -3.4e+38 -3.4e+38 -3.4e+38 0.0585588440299034 0.0556302443146706 0.0644021183252335 0.054844006896019 0.0621474459767342 0.0585469454526901 0.0586739480495453 0.0566187016665936 0.0551617071032524 0.0530213862657547 0.0530624128878117 0.0560997389256954 0.0562859512865543 0.0550943985581398 0.0580422580242157 0.0587759166955948 0.0579613447189331 0.0567970052361488 0.0572579503059387 0.0620903447270393 0.0690057948231697 0.071247473359108 0.0832753702998161 0.0747926607728004 0.0846932306885719 0.0829093530774117 0.0833621621131897
-3.4e+38 -3.4e+38 -3.4e+38 -3.4e+38 -3.4e+38 -3.4e+38 -3.4e+38 -3.4e+38 -3.4e+38 -3.4e+38 -3.4e+38 -3.4e+38 -3.4e+38 -3.4e+38 -3.4e+38 -3.4e+38 -3.4e+38 0.0580296814441681 0.0581314153969288 0.0602153912186623 0.0602357350289822 0.0571963153779507 0.0612283870577812 0.0586407594382763 0.0580335333943367 0.0544782802462578 0.0545984022319317 0.0565474331378937 0.054746825248003 0.0587758906185627 0.0568873696029186 0.0587534829974174 0.0579663179814816 0.0600277073681355 0.059704951941967 0.0598646588623524 0.0606894828379154 0.0768747329711914 0.0735586285591125 0.0738171935081482 0.0789181590080261 0.082863412797451 0.0881784111261368 0.101253755390644
-3.4e+38 -3.4e+38 -3.4e+38 -3.4e+38 -3.4e+38 -3.4e+38 -3.4e+38 -3.4e+38 -3.4e+38 -3.4e+38 -3.4e+38 -3.4e+38 -3.4e+38 -3.4e+38 -3.4e+38 -3.4e+38 -3.4e+38 -3.4e+38 0.0597450323402882 0.0601010769605637 0.0573384277522564 0.0602345354855061 0.0630855932831764 0.0582096427679062 0.0577052794396877 0.0563678070902824 0.0556124337017536 0.0568239539861679 0.0566835142672062 0.0544952154159546 0.0578877702355385 0.0575710870325565 0.0561602115631104 0.0617923885583878 0.0617542713880539 0.06203892827034 0.0676964223384857 0.0773489326238632 0.0769366919994354 0.0796140059828758 0.0858629569411278 0.0959198847413063 0.0878192558884621 0.114537864923477
-3.4e+38 -3.4e+38 -3.4e+38 -3.4e+38 -3.4e+38 -3.4e+38 -3.4e+38 -3.4e+38 -3.4e+38 -3.4e+38 -3.4e+38 -3.4e+38 -3.4e+38 -3.4e+38 -3.4e+38 -3.4e+38 -3.4e+38 -3.4e+38 0.0574165731668472 0.0594497136771679 0.0577381998300552 0.0661446005105972 0.0600317381322384 0.0617710798978806 0.0569951459765434 0.0589979626238346 0.0550627447664738 0.0570589676499367 0.057271134108305 0.0553699545562267 0.0588029511272907 0.0568322986364365 0.0590194538235664 0.0601202361285686 0.0614430271089077 0.0642023161053658 0.0691549405455589 0.0708070620894432 0.0689795836806297 0.0712623372673988 0.0869159922003746 0.0854430049657822 0.110049657523632 0.124754548072815
-3.4e+38 -3.4e+38 -3.4e+38 -3.4e+38 -3.4e+38 -3.4e+38 -3.4e+38 -3.4e+38 -3.4e+38 -3.4e+38 -3.4e+38 -3.4e+38 -3.4e+38 -3.4e+38 -3.4e+38 -3.4e+38 -3.4e+38 -3.4e+38 0.059242244809866 0.0586066506803036 0.0625920370221138 0.0632478818297386 0.0636282935738564 0.0619973391294479 0.0604922845959663 0.0595732778310776 0.0571689233183861 0.0575326420366764 0.0558382235467434 0.0570959262549877 0.0611784607172012 0.0592969544231892 0.0620984099805355 0.063825897872448 0.0645621493458748 0.0760747119784355 0.0717646554112434 0.0635419189929962 0.06232850253582 0.0800301432609558 0.0891029834747314 0.0879926681518555 0.0891486406326294 0.0903614535927773
-3.4e+38 -3.4e+38 -3.4e+38 -3.4e+38 -3.4e+38 -3.4e+38 -3.4e+38 -3.4e+38 -3.4e+38 -3.4e+38 -3.4e+38 -3.4e+38 -3.4e+38 -3.4e+38 -3.4e+38 -3.4e+38 -3.4e+38 -3.4e+38 -3.4e+38 0.0584176927804947 0.0596497319638729 0.0564675629138947 0.0619495138525963 0.0615115165710449 0.0644813925027847 0.0655216202139854 0.059261254966259 0.0582945980131626 0.0582612231373787 0.0570617020130157 0.0639034733176231 0.0585447512567043 0.068621963262558 0.0664924681186676 0.070763848721981 0.0821515098214149 0.0762213170528412 0.0658304914832115 0.0671303942799568 0.0801744535565376 0.0719059556722641 0.0754197463393211 0.0782244578003883 0.0906113609671593
-3.4e+38 -3.4e+38 -3.4e+38 -3.4e+38 -3.4e+38 -3.4e+38 -3.4e+38 -3.4e+38 -3.4e+38 -3.4e+38 -3.4e+38 -3.4e+38 -3.4e+38 -3.4e+38 -3.4e+38 -3.4e+38 -3.4e+38 -3.4e+38 -3.4e+38 0.0632808580994606 0.0594414547085762 0.0580356456339359 0.0602160133421421 0.0608189441263676 0.0632459595799446 0.0619926638901234 0.0610419735312462 0.0593242906033993 0.0600504688918591 0.0597170740365982 0.0620083212852478 0.0683049857616425 0.0619218125939369 0.0700026452541351 0.0697929784655571 0.0735156610608101 0.0724206641316414 0.0712794736027718 0.069652758538723 0.0653883591294289 0.0669975951313972 0.0817854031920433 0.086147166788578 0.0998917743563652
-3.4e+38 -3.4e+38 -3.4e+38 -3.4e+38 -3.4e+38 -3.4e+38 -3.4e+38 -3.4e+38 -3.4e+38 -3.4e+38 -3.4e+38 -3.4e+38 -3.4e+38 -3.4e+38 -3.4e+38 -3.4e+38 -3.4e+38 -3.4e+38 -3.4e+38 -3.4e+38 0.0581752434372902 0.0577899776399136 0.059773150831461 0.0622813105583191 0.0621463134884834 0.0657035782933235 0.0619227141141891 0.0602982565760612 0.0587347336113453 0.0582613348960876 0.057866845279932 0.0588709339499474 0.0634609833359718 0.0636630058288574 0.0729503110051155 0.0794844776391983 0.0746001675724983 0.0822632536292076 0.0736518576741219 0.0723769962787628 0.0780601501464844 0.0758763402700424 0.0883380919694901 0.0844921767711639
-3.4e+38 -3.4e+38 -3.4e+38 -3.4e+38 -3.4e+38 -3.4e+38 -3.4e+38 -3.4e+38 -3.4e+38 -3.4e+38 -3.4e+38 -3.4e+38 -3.4e+38 -3.4e+38 -3.4e+38 -3.4e+38 -3.4e+38 -3.4e+38 -3.4e+38 -3.4e+38 0.0572420842945576 0.0596944689750671 0.0587132647633553 0.0697426795959473 0.0596324056386948 0.0681470632553101 0.0635240226984024 0.0597309321165085 0.0569548420608044 0.0574774146080017 0.0566684827208519 0.0574766173958778 0.0656647980213165 0.0647168084979057 0.0709304437041283 0.0795641839504242 0.0799971744418144 0.086317703127861 0.0957791581749916 0.077823705971241 0.0871108621358871 0.0876543372869492 0.0944277197122574 0.0942834466695786
-3.4e+38 -3.4e+38 -3.4e+38 -3.4e+38 -3.4e+38 -3.4e+38 -3.4e+38 -3.4e+38 -3.4e+38 -3.4e+38 -3.4e+38 -3.4e+38 -3.4e+38 -3.4e+38 -3.4e+38 -3.4e+38 -3.4e+38 -3.4e+38 -3.4e+38 -3.4e+38 -3.4e+38 0.0608661510050297 0.0606519170105457 0.0660840272903442 0.0607123374938965 0.0675240010023117 0.0641828924417496 0.0572541058063507 0.0562570579349995 0.0551683157682419 0.056603480130434 0.0575053989887238 0.0582148246467113 0.0678399726748466 0.0660982728004456 0.0758011192083359 0.0751967132091522 0.0921211093664169 0.0919073522090912 0.0887710899114609 0.0910697057843208 0.0852318927645683 0.088172934949398 0.0898959413170815
-3.4e+38 -3.4e+38 -3.4e+38 -3.4e+38 -3.4e+38 -3.4e+38 -3.4e+38 -3.4e+38 -3.4e+38 -3.4e+38 -3.4e+38 -3.4e+38 -3.4e+38 -3.4e+38 -3.4e+38 -3.4e+38 -3.4e+38 -3.4e+38 -3.4e+38 -3.4e+38 -3.4e+38 -3.4e+38 0.0636017546057701 0.0681256279349327 0.0646769404411316 0.0757489874958992 0.0652002543210983 0.0595679953694344 0.053300503641367 0.0533889345824718 0.0546195991337299 0.0576354488730431 0.0586167573928833 0.0735089406371117 0.0703724175691605 0.0848893821239471 0.0821786299347878 0.0874465554952621 0.0906987339258194 0.0968873202800751 0.0983451083302498 0.0910530313849449 0.0970076620578766 0.104385018348694
-3.4e+38 -3.4e+38 -3.4e+38 -3.4e+38 -3.4e+38 -3.4e+38 -3.4e+38 -3.4e+38 -3.4e+38 -3.4e+38 -3.4e+38 -3.4e+38 -3.4e+38 -3.4e+38 -3.4e+38 -3.4e+38 -3.4e+38 -3.4e+38 -3.4e+38 -3.4e+38 0.0740032941102982 0.0755601823329926 0.0754756182432175 0.0687195733189583 0.0764457955956459 0.0915255919098854 0.0789734870195389 0.0706376507878304 0.0626091137528419 0.0605672560632229 0.0618258491158485 0.0646249055862427 0.0582069344818592 0.0767615884542465 0.080438956618309 0.0780305042862892 0.0826719701290131 0.0866488814353943 0.104704111814499 0.0947782769799232 0.0959431976079941 0.0946575179696083 0.0975881963968277 0.0995316579937935
-3.4e+38 -3.4e+38 -3.4e+38 -3.4e+38 -3.4e+38 -3.4e+38 -3.4e+38 -3.4e+38 -3.4e+38 -3.4e+38 -3.4e+38 -3.4e+38 -3.4e+38 -3.4e+38 -3.4e+38 -3.4e+38 -3.4e+38 -3.4e+38 -3.4e+38 -3.4e+38 0.0791184157133102 0.0727581158280373 0.0791701897978783 0.0708445906639099 0.0976730138063431 0.142795696854591 0.101597025990486 0.0748592615127563 0.0657497197389603 0.0627997294068336 0.0659554526209831 0.0605134703218937 0.0615736730396748 0.0717137083411217 0.094626285135746 0.0889811217784882 0.0967670083045959 0.0880759060382843 0.101646266877651 0.103209972381592 0.10837522149086 0.0998456180095673 0.110542967915535 0.118367716670036
-3.4e+38 -3.4e+38 -3.4e+38 -3.4e+38 -3.4e+38 -3.4e+38 -3.4e+38 -3.4e+38 -3.4e+38 -3.4e+38 -3.4e+38 -3.4e+38 -3.4e+38 -3.4e+38 -3.4e+38 -3.4e+38 -3.4e+38 -3.4e+38 -3.4e+38 -3.4e+38 -3.4e+38 0.0728487148880959 0.0715783759951591 0.0716455802321434 0.101386442780495 0.109163336455822 0.0924250707030296 0.08309555798769 0.0688862353563309 0.0639928355813026 0.0594174973666668 0.0594073683023453 0.0632293149828911 0.0707835033535957 0.0945162996649742 0.101082630455494 0.0969299301505089 0.101574271917343 0.115610308945179 0.114553548395634 0.112379223108292 0.119578041136265 0.126461118459702 0.128445789217949
-3.4e+38 -3.4e+38 -3.4e+38 -3.4e+38 -3.4e+38 -3.4e+38 -3.4e+38 -3.4e+38 -3.4e+38 -3.4e+38 -3.4e+38 -3.4e+38 -3.4e+38 -3.4e+38 -3.4e+38 -3.4e+38 -3.4e+38 -3.4e+38 -3.4e+38 -3.4e+38 -3.4e+38 -3.4e+38 0.0757036432623863 0.070618748664856 0.0926039665937424 0.0973529815673828 0.0828769877552986 0.081721618771553 0.074833869934082 0.0730805322527885 0.0617220550775528 0.0664037019014359 0.0697343796491623 0.0792632475495338 0.085661306977272 0.0957686230540276 0.100545153021812 0.106738395988941 0.115159504115582 0.113675102591515 0.125964656472206 0.127843141555786 0.126550629734993 0.112995080649853
-3.4e+38 -3.4e+38 -3.4e+38 -3.4e+38 -3.4e+38 -3.4e+38 -3.4e+38 -3.4e+38 -3.4e+38 -3.4e+38 -3.4e+38 -3.4e+38 -3.4e+38 -3.4e+38 -3.4e+38 -3.4e+38 -3.4e+38 -3.4e+38 -3.4e+38 -3.4e+38 -3.4e+38 0.0680289939045906 0.0673164427280426 0.0653729066252708 0.0808367878198624 0.0759508311748505 0.0802482143044472 0.0754577144980431 0.0775770395994186 0.074311763048172 0.0682344660162926 0.0719906613230705 0.0704075917601585 0.0762776061892509 0.0933419764041901 0.100350506603718 0.0985954850912094 0.0996546372771263 0.113230131566525 0.123866461217403 0.129491299390793 0.13163135945797 0.137710571289062 0.146427422761917
-3.4e+38 -3.4e+38 -3.4e+38 -3.4e+38 -3.4e+38 -3.4e+38 -3.4e+38 -3.4e+38 -3.4e+38 -3.4e+38 -3.4e+38 -3.4e+38 -3.4e+38 -3.4e+38 -3.4e+38 -3.4e+38 -3.4e+38 -3.4e+38 -3.4e+38 -3.4e+38 -3.4e+38 0.0696660950779915 0.0686306953430176 0.0679149702191353 0.0850453153252602 0.0807352513074875 0.0749253258109093 0.077636681497097 0.0802703574299812 0.0781136304140091 0.0732655450701714 0.0699241682887077 0.0826600790023804 0.086867168545723 0.0907170921564102 0.102350749075413 0.105668559670448 0.0966372713446617 0.118561282753944 0.116781696677208 0.141137346625328 0.135459169745445 0.139182612299919 0.124580845236778
-3.4e+38 -3.4e+38 -3.4e+38 -3.4e+38 -3.4e+38 -3.4e+38 -3.4e+38 -3.4e+38 -3.4e+38 -3.4e+38 -3.4e+38 -3.4e+38 -3.4e+38 -3.4e+38 -3.4e+38 -3.4e+38 -3.4e+38 -3.4e+38 -3.4e+38 -3.4e+38 -3.4e+38 0.0667784065008163 0.0636387318372726 0.077933132648468 0.0962340012192726 0.0848237127065659 0.0809738636016846 0.0774422734975815 0.0816995054483414 0.0803333222866058 0.0864905267953873 0.0775016695261002 0.0760353356599808 0.0850880965590477 0.0927285104990005 0.099561333656311 0.107566379010677 0.123884581029415 0.1133087053895 0.122161336243153 0.113021612167358 0.120640963315964 0.119175590574741 0.14541557431221
-3.4e+38 -3.4e+38 -3.4e+38 -3.4e+38 -3.4e+38 -3.4e+38 -3.4e+38 -3.4e+38 -3.4e+38 -3.4e+38 -3.4e+38 -3.4e+38 -3.4e+38 -3.4e+38 -3.4e+38 -3.4e+38 -3.4e+38 -3.4e+38 -3.4e+38 -3.4e+38 -3.4e+38 -3.4e+38 0.0731806382536888 0.075575515627861 0.0964358374476433 0.0782158076763153 0.0786229372024536 0.0773261934518814 0.078516773879528 0.0781300067901611 0.0788138806819916 0.0688570663332939 0.0738853290677071 0.0874698460102081 0.0886399671435356 0.0858059674501419 0.108057953417301 0.115085668861866 0.126053467392921 0.12226889282465 0.115590922534466 0.140977278351784 0.149030491709709 0.148992970585823
-3.4e+38 -3.4e+38 -3.4e+38 -3.4e+38 -3.4e+38 -3.4e+38 -3.4e+38 -3.4e+38 -3.4e+38 -3.4e+38 -3.4e+38 -3.4e+38 -3.4e+38 -3.4e+38 -3.4e+38 -3.4e+38 -3.4e+38 -3.4e+38 -3.4e+38 -3.4e+38 -3.4e+38 0.0692189782857895 0.0760844871401787 0.0943723767995834 0.0979837626218796 0.0818433836102486 0.0787783041596413 0.0797275975346565 0.0844756290316582 0.0715695545077324 0.0656445845961571 0.0698800757527351 0.0719330012798309 0.0918966308236122 0.0919807925820351 0.0984699577093124 0.113623067736626 0.120657689869404 0.135220259428024 0.116694107651711 0.158293500542641 0.161471307277679 0.167436957359314 0.139675080776215
