Part_1_SDMs/sdm_R/ensembles/Macropus_giganteus_ensemble_present.asc
NCOLS 258 
NROWS 204 
XLLCORNER 112 
YLLCORNER -44 
CELLSIZE 0.166666666666667 
NODATA_value -3.4e+38 
[rows 40 to 59 of 204, columns 88 to 131 of 258]
0.0502762869000435 0.0502199083566666 0.0501400902867317 0.0478843525052071 0.047279816120863 0.0499089881777763 0.0472493171691895 0.0480331517755985 0.0459717698395252 0.0444725900888443 0.0443592146039009 0.0443239621818066 0.0443560518324375 0.0448145866394043 0.0461808554828167 0.0477739162743092 0.0445764325559139 0.0487115606665611 0.049670834094286 0.0479617305099964 0.0453732348978519 0.0454211160540581 0.0464319624006748 0.0460905991494656 0.0450758039951324 0.04634790122509 0.045697346329689 0.0456609055399895 0.0446808040142059 0.0442587621510029 0.0442603677511215 0.044429887086153 0.0444194041192532 0.0443952493369579 0.0444094203412533 0.0443083941936493 0.0441912449896336 0.0443421043455601 0.0452117994427681 0.0488744080066681 0.045260738581419 0.0452699027955532 0.045178659260273 0.0452076345682144
0.0450949855148792 0.0498391799628735 0.0467273071408272 0.0464193262159824 0.0462793670594692 0.0464574657380581 0.048015296459198 0.0468368008732796 0.0462453626096249 0.0447366908192635 0.0449248217046261 0.0445578396320343 0.0470063723623753 0.0486310794949532 0.0494365692138672 0.048698965460062 0.0461165532469749 0.0468058697879314 0.0463709719479084 0.0451925508677959 0.045149177312851 0.0450411438941956 0.044613391160965 0.0445958897471428 0.0450813062489033 0.0450813062489033 0.0450362451374531 0.0452325828373432 0.0457860641181469 0.0446874387562275 0.0448060221970081 0.0448400191962719 0.0444715395569801 0.0442622378468513 0.0441977493464947 0.044170256704092 0.0441767051815987 0.0440963096916676 0.044112853705883 0.0447191633284092 0.0445813797414303 0.0445895083248615 0.0446212403476238 0.0446510650217533
0.0442401990294456 0.0458598062396049 0.0470207743346691 0.0480480529367924 0.0491601750254631 0.0498510487377644 0.0506677478551865 0.0496154054999352 0.0467777587473392 0.045957688242197 0.0470039211213589 0.0468034222722054 0.0465505830943584 0.0472400300204754 0.0463879257440567 0.0471027605235577 0.0468812771141529 0.0454817451536655 0.0449278131127357 0.0448226258158684 0.0448893941938877 0.045071255415678 0.045252226293087 0.0451038517057896 0.0451623164117336 0.0451828762888908 0.0451933480799198 0.0451550036668777 0.0452440157532692 0.045291468501091 0.0449541360139847 0.0448695123195648 0.0443751662969589 0.0444977656006813 0.0443986915051937 0.0442914851009846 0.044247318059206 0.0439639165997505 0.0435605682432652 0.0435417257249355 0.0435682311654091 0.0435479618608952 0.0445245429873466 0.0445277392864227
0.0476461313664913 0.046739749610424 0.0525246374309063 0.0508542284369469 0.047630850225687 0.0462052933871746 0.0470927096903324 0.0461683124303818 0.0463154092431068 0.046341136097908 0.0466334894299507 0.0459859818220139 0.0452205054461956 0.0453841239213943 0.0452808141708374 0.0462476871907711 0.0470816791057587 0.0445000305771828 0.0441982597112656 0.0446907542645931 0.0446748957037926 0.0446947254240513 0.0450502894818783 0.0451135449111462 0.0451382249593735 0.0452444367110729 0.0450893752276897 0.0451639071106911 0.0459106005728245 0.0453682877123356 0.0459891557693481 0.0447833500802517 0.0447691082954407 0.0447007194161415 0.0443141460418701 0.0439619272947311 0.0437970161437988 0.0438523069024086 0.043717198073864 0.0437633953988552 0.0437799319624901 0.0440783686935902 0.0437593646347523 0.0447559989988804
0.0463692136108875 0.0443349294364452 0.0455757901072502 0.0467009097337723 0.0459282509982586 0.0470439568161964 0.0457815118134022 0.0461561940610409 0.0466685965657234 0.0470121577382088 0.0459617041051388 0.0464827418327332 0.0447316393256187 0.0443341284990311 0.0465615876019001 0.0468572303652763 0.04464041441679 0.0452752858400345 0.0442102961242199 0.0444587059319019 0.0444685220718384 0.0444779619574547 0.0448140203952789 0.0449472591280937 0.0453359968960285 0.0457275658845901 0.0459872856736183 0.0457511954009533 0.0456278696656227 0.0457418896257877 0.0463614426553249 0.0463665351271629 0.0446527935564518 0.0443067960441113 0.0438153482973576 0.0437887944281101 0.0438271462917328 0.0438150390982628 0.0441226698458195 0.043829221278429 0.0440023578703403 0.0438248813152313 0.043834563344717 0.0438193306326866
0.0451128743588924 0.0463578142225742 0.0455216653645039 0.0463176555931568 0.0453152693808079 0.0459714345633984 0.0454793497920036 0.0459655523300171 0.04695775359869 0.0467209629714489 0.0463033691048622 0.0449660420417786 0.0447911806404591 0.0466999188065529 0.0446563959121704 0.0456370189785957 0.0445462130010128 0.0457641184329987 0.0449978150427341 0.046370554715395 0.0459270477294922 0.048337958753109 0.0489894486963749 0.0480189360678196 0.0480836965143681 0.0482937842607498 0.048357330262661 0.0484010837972164 0.0473610572516918 0.0482149235904217 0.04826620221138 0.0487853959202766 0.0476737730205059 0.0451171658933163 0.0451079346239567 0.0444409064948559 0.0444272309541702 0.0444342605769634 0.0454325191676617 0.044110182672739 0.0445446074008942 0.0444369688630104 0.044159360229969 0.043851263821125
0.0438304170966148 0.0459298714995384 0.0453141890466213 0.0460293255746365 0.047712929546833 0.0462370216846466 0.0462906062602997 0.0479986481368542 0.0466285981237888 0.0465396270155907 0.0459068566560745 0.0460055954754353 0.0466088466346264 0.0453016981482506 0.0446148440241814 0.0454545542597771 0.0460928492248058 0.0462694093585014 0.0485908202826977 0.0491247437894344 0.0482700876891613 0.0477962531149387 0.0468060225248337 0.0451165214180946 0.0454516038298607 0.0451583787798882 0.0457389578223228 0.0444132350385189 0.0454023145139217 0.0453997701406479 0.0458411686122417 0.0455086715519428 0.0463425107300282 0.0453971475362778 0.0458145998418331 0.0463271625339985 0.0450123883783817 0.0468402616679668 0.0476198270916939 0.0474371947348118 0.0474356673657894 0.0449284911155701 0.0447217002511024 0.047210730612278
0.0452016852796078 0.0452767536044121 0.0460259579122066 0.0471756979823112 0.0479551553726196 0.0480008162558079 0.0473398454487324 0.0477161854505539 0.0477918088436127 0.0461412630975246 0.0464035607874393 0.0462571568787098 0.0462031066417694 0.0460561141371727 0.0490065887570381 0.0495857819914818 0.0462508015334606 0.0461596846580505 0.0461642369627953 0.0462873317301273 0.0455242581665516 0.0448639132082462 0.0448229871690273 0.0443882420659065 0.0443567186594009 0.0449161529541016 0.0444705337285995 0.0440621823072433 0.0443897619843483 0.0439573414623737 0.0443659573793411 0.0443172790110111 0.044354721903801 0.0450890548527241 0.0445629693567753 0.0444855242967606 0.0447365716099739 0.0459868349134922 0.0448781400918961 0.0453086756169796 0.0449111722409725 0.0453727506101131 0.0453348867595196 0.0477069318294525
0.0444977432489395 0.0452427491545677 0.0470999889075756 0.0464394651353359 0.0473115816712379 0.0476718135178089 0.04677614569664 0.0481657646596432 0.0479921773076057 0.0490605756640434 0.0467500500380993 0.049685288220644 0.0490910969674587 0.0465089343488216 0.0470653995871544 0.0454734601080418 0.0453097820281982 0.0448539704084396 0.0450382642447948 0.0454589352011681 0.0467946343123913 0.0448917001485825 0.0447919145226479 0.0440633185207844 0.0439208783209324 0.0439462326467037 0.0439920872449875 0.0440337434411049 0.0437627471983433 0.0437209568917751 0.0437172465026379 0.0440072901546955 0.0438904948532581 0.0439881421625614 0.0439621992409229 0.0436745434999466 0.0445231534540653 0.0439536347985268 0.0438335426151752 0.0441162139177322 0.0440186746418476 0.0441885516047478 0.043993879109621 0.044243935495615
0.0463844537734985 0.0462455116212368 0.0479746125638485 0.0479245334863663 0.0479215644299984 0.0475334301590919 0.0470164082944393 0.0473190397024155 0.0480598844587803 0.0518362112343311 0.0485100597143173 0.0463259443640709 0.0459849610924721 0.0454150699079037 0.0454000495374203 0.0447593256831169 0.0443629957735538 0.044428288936615 0.0442582592368126 0.0504008680582047 0.0516934506595135 0.0468559116125107 0.0451825857162476 0.0452212020754814 0.0445781238377094 0.0441872701048851 0.0437779389321804 0.0440347976982594 0.0437188372015953 0.0437978245317936 0.0438109375536442 0.0436849184334278 0.0437228120863438 0.0444044917821884 0.0437250137329102 0.0437216535210609 0.0439832918345928 0.0442801751196384 0.0433754026889801 0.0436355769634247 0.0436635762453079 0.0438782535493374 0.044557087123394 0.0441471077501774
0.0488501451909542 0.0514210797846317 0.0514881834387779 0.0515679717063904 0.0518292225897312 0.0517371967434883 0.0486378073692322 0.0476596094667912 0.0484457910060883 0.0464824624359608 0.0463228300213814 0.0461820997297764 0.0453164577484131 0.0443178527057171 0.0444064363837242 0.0440953299403191 0.0446690581738949 0.0442011766135693 0.044738631695509 0.0514976792037487 0.0506774336099625 0.0515564382076263 0.0492228008806705 0.0460107177495956 0.0446824505925179 0.0445503108203411 0.0445019528269768 0.0448736324906349 0.0442330501973629 0.0438589379191399 0.0442153066396713 0.0442744940519333 0.0442223288118839 0.0442214719951153 0.0441385433077812 0.0437401197850704 0.0440727323293686 0.0445249080657959 0.0443509109318256 0.0444125235080719 0.0444470942020416 0.0444601736962795 0.0441412702202797 0.0441040359437466
0.0459365248680115 0.0485536679625511 0.0483964718878269 0.0483009368181229 0.0478949770331383 0.0460303835570812 0.0462452322244644 0.0465268604457378 0.0452921502292156 0.0451257601380348 0.0447219610214233 0.0444311834871769 0.04493697732687 0.0443162843585014 0.0446987822651863 0.0447126924991608 0.0445295386016369 0.0466152504086494 0.0495383106172085 0.0512491092085838 0.0483873374760151 0.0480008199810982 0.0511800535023212 0.0491657070815563 0.0471456088125706 0.0459687151014805 0.0450314618647099 0.0459238849580288 0.0441418513655663 0.0440091900527477 0.0440696962177753 0.0440138801932335 0.0440113469958305 0.0439789779484272 0.0440598055720329 0.044205117970705 0.0441659092903137 0.0442816503345966 0.044218797236681 0.044470626860857 0.0445611774921417 0.0445614121854305 0.0445098653435707 0.0441675037145615
0.0453302301466465 0.0462027117609978 0.046321302652359 0.0457200109958649 0.0456534959375858 0.0456546470522881 0.0456086918711662 0.0442095249891281 0.0444379858672619 0.0440818220376968 0.0443687811493874 0.0442347563803196 0.0448098555207253 0.0448770299553871 0.0452133193612099 0.046348936855793 0.0463315546512604 0.0512522831559181 0.048140361905098 0.0477646738290787 0.0489676892757416 0.0478088073432446 0.047917190939188 0.0497624129056931 0.0511078536510468 0.049101497977972 0.0468595437705517 0.0450187213718891 0.045462679117918 0.0447482839226723 0.0441276021301746 0.0441020727157593 0.0441704764962196 0.0441767163574696 0.0442411936819553 0.0442094206809998 0.0454114712774754 0.0441949516534805 0.0442278385162354 0.0442704856395721 0.0443190671503544 0.0442336648702621 0.0454743392765522 0.0454202331602573
0.0432411842048168 0.0430610775947571 0.0434231534600258 0.0434960313141346 0.043429434299469 0.0440327450633049 0.0440308228135109 0.0439953990280628 0.0440502911806107 0.044092696160078 0.045473750680685 0.0444033518433571 0.044408556073904 0.0457388497889042 0.0508441552519798 0.0502869635820389 0.0501395352184772 0.0501083433628082 0.047245692461729 0.0483967289328575 0.048539686948061 0.049785140901804 0.0474751964211464 0.0473772697150707 0.047571424394846 0.0494614988565445 0.0511127933859825 0.0490442141890526 0.0471620187163353 0.0495427325367928 0.0452389605343342 0.0452118180692196 0.0439985245466232 0.0453089252114296 0.0457076877355576 0.045692190527916 0.0454656817018986 0.0454608425498009 0.0454111956059933 0.045745387673378 0.0459283590316772 0.0459563583135605 0.0464244075119495 0.0497770346701145
0.042916439473629 0.0429630503058434 0.0433177798986435 0.0433060489594936 0.0434029996395111 0.0436398945748806 0.0439012013375759 0.0441544950008392 0.0448182225227356 0.0445882342755795 0.0453866682946682 0.0444360338151455 0.0455435626208782 0.0455474741756916 0.0451152473688126 0.0452327132225037 0.0480758883059025 0.0486260019242764 0.0500013530254364 0.0483526103198528 0.0482371635735035 0.0481490343809128 0.0479735359549522 0.0471607707440853 0.0466073714196682 0.0473268516361713 0.0492528192698956 0.0476972199976444 0.0514904148876667 0.0504511035978794 0.049832746386528 0.0473121479153633 0.0462096519768238 0.0456287525594234 0.0468642748892307 0.0491018332540989 0.0454545207321644 0.0454441830515862 0.0455164276063442 0.0462313145399094 0.0459644496440887 0.0478650033473969 0.0464745573699474 0.047938484698534
0.0429209731519222 0.0430125147104263 0.0435158424079418 0.0433452688157558 0.0434591360390186 0.043612115085125 0.0444950982928276 0.0446017533540726 0.0440905913710594 0.0454525426030159 0.0440270528197289 0.0444541797041893 0.0454117506742477 0.0454493835568428 0.0446273051202297 0.0450750403106213 0.0487986169755459 0.0484327413141727 0.0479196272790432 0.0487151928246021 0.0483193881809711 0.0484515875577927 0.049222256988287 0.0489567704498768 0.0466934517025948 0.0468337014317513 0.0475926771759987 0.0475358404219151 0.0472335368394852 0.0500567182898521 0.0503476187586784 0.0493173561990261 0.049289733171463 0.0513312555849552 0.0515849888324738 0.0490824542939663 0.0457793734967709 0.0470751821994781 0.0520340912044048 0.0521072819828987 0.04993986338377 0.0526106506586075 0.0531332418322563 0.0550975687801838
0.0429229140281677 0.0429352894425392 0.043244943022728 0.0433419272303581 0.0434829704463482 0.0440246164798737 0.0445768982172012 0.0459952279925346 0.0454914309084415 0.0453717857599258 0.0438769832253456 0.044523723423481 0.0456152893602848 0.0446993559598923 0.0443938411772251 0.0441469810903072 0.0448319539427757 0.046390276402235 0.0458745732903481 0.048023022711277 0.0485151708126068 0.0482420139014721 0.0490674450993538 0.0480342246592045 0.049654770642519 0.0482295602560043 0.0469162873923779 0.0473318248987198 0.047727894037962 0.0480547323822975 0.0500198043882847 0.0500620193779469 0.0487332791090012 0.0482420697808266 0.0504464469850063 0.0490887984633446 0.0517235919833183 0.0518203303217888 0.0541207045316696 0.0521300137042999 0.0502410270273685 0.0504645332694054 0.0533092357218266 0.0568010397255421
0.0428636111319065 0.0432630069553852 0.043342299759388 0.0436690039932728 0.043716374784708 0.0442239567637444 0.0449238978326321 0.0444847717881203 0.0454415827989578 0.0440112315118313 0.0437439680099487 0.0444788001477718 0.0452822409570217 0.0445005930960178 0.0443722829222679 0.0461928173899651 0.0458678193390369 0.0453493148088455 0.0451232343912125 0.0483902245759964 0.0483373925089836 0.0482698082923889 0.0480467416346073 0.0478480346500874 0.0474324747920036 0.0470904484391212 0.0486970618367195 0.0492316670715809 0.0486081801354885 0.0488951876759529 0.0472076609730721 0.0484879948198795 0.0505257174372673 0.0505154691636562 0.0505973063409328 0.0540974289178848 0.0546821430325508 0.051865067332983 0.0519997254014015 0.0521239154040813 0.0501477681100368 0.0504263415932655 0.0533420257270336 0.0631626099348068
0.0446593277156353 0.0446637831628323 0.044760175049305 0.044261209666729 0.0444699451327324 0.044461477547884 0.0438039787113667 0.045870702713728 0.0440618619322777 0.0438814237713814 0.0454291105270386 0.0453232377767563 0.0453512705862522 0.0454232096672058 0.0448764152824879 0.0443290658295155 0.0452215075492859 0.0453043654561043 0.0448679886758327 0.0447854697704315 0.0447976998984814 0.047388281673193 0.0477794595062733 0.0479445904493332 0.0487462654709816 0.0477523803710938 0.0477627739310265 0.0470532141625881 0.0492078624665737 0.049886766821146 0.0503735393285751 0.0520552434027195 0.0512286424636841 0.052613902837038 0.0512353032827377 0.050820529460907 0.0510260351002216 0.051346343010664 0.0518982447683811 0.0541206002235413 0.0602552071213722 0.0617953762412071 0.0626635476946831 0.0631097853183746
0.043768722563982 0.0435111485421658 0.0449209287762642 0.0441560745239258 0.0446474775671959 0.0449467301368713 0.0463134534657001 0.0447328872978687 0.0441859550774097 0.0449846498668194 0.0454999171197414 0.0446898005902767 0.044292040169239 0.0451626516878605 0.0450306981801987 0.0453512594103813 0.0449502766132355 0.0446540825068951 0.0445927307009697 0.0448267236351967 0.0447438322007656 0.0444701798260212 0.0480762794613838 0.0481819547712803 0.0480179339647293 0.048092644661665 0.0497172214090824 0.0498924180865288 0.0498014688491821 0.0499320514500141 0.0509842783212662 0.0508599132299423 0.0509644113481045 0.0511395856738091 0.0513462163507938 0.0532176569104195 0.0501096919178963 0.0556773282587528 0.0569601207971573 0.0567105896770954 0.0569901429116726 0.0580327957868576 0.0592767670750618 0.0594174936413765
