Part_1_SDMs/sdm_R/ensembles/Macropus_giganteus_ensemble_future_2070_RCP_8.5.asc
NCOLS 258 
NROWS 204 
XLLCORNER 112 
YLLCORNER -44 
CELLSIZE 0.166666666666667 
NODATA_value -3.4e+38 
[rows 20 to 39 of 204, columns 88 to 131 of 258]
-3.4e+38 -3.4e+38 -3.4e+38 -3.4e+38 -3.4e+38 -3.4e+38 -3.4e+38 -3.4e+38 -3.4e+38 -3.4e+38 -3.4e+38 -3.4e+38 -3.4e+38 -3.4e+38 -3.4e+38 -3.4e+38 -3.4e+38 -3.4e+38 -3.4e+38 0.0427610240876675 0.0428436510264874 0.0428304262459278 0.0428416058421135 0.0429372414946556 0.0429501459002495 0.0432396419346333 0.0433125607669353 0.0434492528438568 0.0435015931725502 0.0440815687179565 0.0435891859233379 0.0441932789981365 0.0436289794743061 0.0436162278056145 0.0436363779008389 0.0436508432030678 0.0437403954565525 0.0452556386590004 0.043974332511425 0.0440866388380527 0.043863769620657 0.0440325774252415 0.0440858528017998 0.043822169303894
-3.4e+38 -3.4e+38 -3.4e+38 -3.4e+38 -3.4e+38 -3.4e+38 -3.4e+38 -3.4e+38 -3.4e+38 -3.4e+38 -3.4e+38 -3.4e+38 -3.4e+38 -3.4e+38 -3.4e+38 -3.4e+38 -3.4e+38 -3.4e+38 0.04280836135149 0.0427943356335163 0.042871218174696 0.042866412550211 0.0429676398634911 0.0429768748581409 0.043000478297472 0.0431264713406563 0.043206162750721 0.0440004505217075 0.044102568179369 0.0435759723186493 0.0439332462847233 0.0442089028656483 0.0444383956491947 0.0441716052591801 0.0441931560635567 0.0443042144179344 0.0448448695242405 0.0442715920507908 0.0441001541912556 0.044095017015934 0.0441736727952957 0.0439026318490505 0.0436786226928234 0.0437420643866062
0.0432410761713982 0.0432528331875801 0.0431141331791878 -3.4e+38 -3.4e+38 -3.4e+38 -3.4e+38 -3.4e+38 -3.4e+38 -3.4e+38 -3.4e+38 -3.4e+38 -3.4e+38 -3.4e+38 -3.4e+38 -3.4e+38 -3.4e+38 -3.4e+38 0.0430138595402241 0.0429574176669121 0.042898278683424 0.0429186262190342 0.0430481396615505 0.0431366637349129 0.0431819334626198 0.0432302691042423 0.0438605211675167 0.0439408533275127 0.0440122336149216 0.0443743988871574 0.0444474518299103 0.0445070117712021 0.0448573045432568 0.044989537447691 0.0446324273943901 0.0440932102501392 0.0442655831575394 0.0440488792955875 0.0441371873021126 0.0440391637384892 0.0439175106585026 0.0440138764679432 0.0437897965312004 0.043833501636982
0.0431701391935349 0.0431878492236137 0.0432069972157478 0.0432013012468815 0.0432157032191753 -3.4e+38 -3.4e+38 -3.4e+38 -3.4e+38 -3.4e+38 -3.4e+38 -3.4e+38 -3.4e+38 -3.4e+38 -3.4e+38 -3.4e+38 -3.4e+38 -3.4e+38 0.0430547818541527 0.0430630668997765 0.0430169813334942 0.0431000292301178 0.0431995578110218 0.0432102046906948 0.0433654077351093 0.0434108972549438 0.0439931340515614 0.0444488823413849 0.044517882168293 0.0445948652923107 0.0445874333381653 0.0443607680499554 0.0443837195634842 0.0449756048619747 0.0447751805186272 0.0458482801914215 0.0438939817249775 0.0442507714033127 0.0441624373197556 0.0441955886781216 0.0438673533499241 0.0438775755465031 0.0439456328749657 0.0439371392130852
0.0432752296328545 0.0433125793933868 0.0433162711560726 0.0432711765170097 0.0432111769914627 0.0432802811264992 -3.4e+38 -3.4e+38 -3.4e+38 -3.4e+38 -3.4e+38 -3.4e+38 -3.4e+38 -3.4e+38 -3.4e+38 -3.4e+38 0.0429968163371086 0.043081346899271 0.044194933027029 0.0453716069459915 0.0431651063263416 0.0432588458061218 0.0432644337415695 0.0432948209345341 0.0438904799520969 0.0445388667285442 0.044089961796999 0.0467954985797405 0.046834658831358 0.0465997643768787 0.0449582822620869 0.0455274023115635 0.0444411337375641 0.0447029918432236 0.0445028059184551 0.0447062328457832 0.0445725545287132 0.044678121805191 0.0443725734949112 0.0443517453968525 0.0444293729960918 0.0443106070160866 0.0443189740180969 0.0443384498357773
0.0433081053197384 0.0433711037039757 0.043305579572916 0.0433177016675472 0.0433090664446354 0.0433024987578392 0.0432666502892971 -3.4e+38 -3.4e+38 -3.4e+38 -3.4e+38 -3.4e+38 -3.4e+38 -3.4e+38 -3.4e+38 -3.4e+38 0.0430781207978725 0.0431596115231514 0.0431687049567699 0.0431876666843891 0.0455618165433407 0.0437731184065342 0.0438407100737095 0.0438684597611427 0.0439980700612068 0.0450629554688931 0.0468042977154255 0.0453489385545254 0.0443071126937866 0.0443858876824379 0.0446881167590618 0.0447412170469761 0.0447833985090256 0.0448263958096504 0.0449379198253155 0.0447633750736713 0.0446442253887653 0.0447314456105232 0.0442058779299259 0.044453501701355 0.0444438494741917 0.0444739311933517 0.0444962792098522 0.0444929897785187
0.0433304458856583 0.0434710681438446 0.0434866026043892 0.0434163324534893 0.0434084422886372 0.0433387234807014 0.0433373339474201 0.0433609522879124 -3.4e+38 -3.4e+38 -3.4e+38 -3.4e+38 -3.4e+38 -3.4e+38 -3.4e+38 -3.4e+38 0.0434816740453243 0.043773677200079 0.0436682850122452 0.0437799841165543 0.0444014295935631 0.0438836477696896 0.0438943393528461 0.043703731149435 0.0437525436282158 0.0448394566774368 0.0448898784816265 0.045461144298315 0.0443842224776745 0.0444682352244854 0.0449776314198971 0.0451255775988102 0.0448884665966034 0.044637855142355 0.0446541756391525 0.0446519330143929 0.0444796048104763 0.0442675314843655 0.044570080935955 0.0445292256772518 0.0445309951901436 0.0444543398916721 0.044583436101675 0.0445960983633995
0.0434052422642708 0.0439006984233856 0.0439412146806717 0.0438791811466217 0.044029351323843 0.0439449474215508 0.043929360806942 0.0439092814922333 0.0439222976565361 -3.4e+38 -3.4e+38 -3.4e+38 -3.4e+38 -3.4e+38 -3.4e+38 -3.4e+38 0.0437642596662045 0.0439060591161251 0.0438882261514664 0.0438910126686096 0.0439581871032715 0.0447387956082821 0.0448567867279053 0.0448961853981018 0.0449466854333878 0.0449776202440262 0.0446059256792068 0.0444337390363216 0.0448003634810448 0.0449721962213516 0.0446850173175335 0.0446036569774151 0.0444441922008991 0.0445816740393639 0.0447846055030823 0.0446422956883907 0.0444079227745533 0.0445424765348434 0.0446264259517193 0.0444598235189915 0.0442926399409771 0.044193297624588 0.0441417992115021 0.0448949001729488
0.0439068004488945 0.043931607156992 0.0439447127282619 0.0439409352838993 0.0439770817756653 0.0440349206328392 0.0440311059355736 0.0440248884260654 0.0439986884593964 0.0439725816249847 0.0440098941326141 0.0440038703382015 0.0440125167369843 -3.4e+38 -3.4e+38 -3.4e+38 0.0436978675425053 0.0436576940119267 0.0437761172652245 0.0437972731888294 0.0438191555440426 0.0438367575407028 0.0438445173203945 0.0438803508877754 0.0439262017607689 0.0444318540394306 0.0447975508868694 0.0449468232691288 0.0447402745485306 0.0446497201919556 0.0446232110261917 0.0445318557322025 0.0448264479637146 0.0443518497049809 0.044578455388546 0.044139139354229 0.0444623343646526 0.0442516505718231 0.0443196333944798 0.0445156805217266 0.0442405417561531 0.0439816489815712 0.043865479528904 0.0436603873968124
0.0441168285906315 0.0441395752131939 0.0441670790314674 0.044049333781004 0.044093944132328 0.044199138879776 0.0441421084105968 0.0441288165748119 0.0441134832799435 0.0438299290835857 0.0440749041736126 0.0437451116740704 0.0437412187457085 0.0437476187944412 0.0437643900513649 0.043814904987812 0.0436828210949898 0.0438386350870132 0.043767012655735 0.0437834076583385 0.0439176969230175 0.0440423376858234 0.0440755672752857 0.0439777597784996 0.0444354005157948 0.0448877960443497 0.0447364486753941 0.0447546392679214 0.044685423374176 0.0443925522267818 0.0446268916130066 0.0444781519472599 0.045204259455204 0.0442572087049484 0.0442588850855827 0.0441030189394951 0.0439621098339558 0.0439440459012985 0.0443744249641895 0.0439746268093586 0.0439924299716949 0.043606735765934 0.0436215698719025 0.0436398088932037
0.0440974533557892 0.0442743860185146 0.0440777391195297 0.043945848941803 0.0438402593135834 0.0438494198024273 0.0439073704183102 0.0438847355544567 0.0439128130674362 0.0439124032855034 0.0439090207219124 0.0438545979559422 0.0438602901995182 0.0438602678477764 0.0439476333558559 0.0439669005572796 0.0440317094326019 0.04390524700284 0.0438914597034454 0.0439127162098885 0.0440209805965424 0.0444908514618874 0.0444952100515366 0.0445027388632298 0.0444061979651451 0.044680867344141 0.0444655939936638 0.044583398848772 0.0447037555277348 0.0443583279848099 0.0450700893998146 0.0441257022321224 0.043853435665369 0.0437288358807564 0.0437306016683578 0.0437181815505028 0.043687179684639 0.0436788238584995 0.0435773953795433 0.0439775697886944 0.0437306687235832 0.0435949973762035 0.0436115525662899 0.0437299944460392
0.0444225259125233 0.04403380677104 0.0441805236041546 0.0442107506096363 0.0441137962043285 0.0440224297344685 0.0439996048808098 0.043988648802042 0.0440121851861477 0.0440295487642288 0.044021014124155 0.0440521724522114 0.0439686104655266 0.0440555475652218 0.0440660044550896 0.0440869033336639 0.0443495810031891 0.0443664006888866 0.0445489957928658 0.0443638861179352 0.044470239430666 0.0445757955312729 0.0445509441196918 0.0444669425487518 0.0446699932217598 0.0445854142308235 0.044452216476202 0.0443661212921143 0.0444490984082222 0.0443010032176971 0.0440193004906178 0.0438382402062416 0.0437114052474499 0.0437076836824417 0.0437052883207798 0.0436994209885597 0.0436925031244755 0.0437986254692078 0.0436700247228146 0.0435571894049644 0.0435719266533852 0.0436810180544853 0.0436975583434105 0.0438676811754704
0.0440999083220959 0.0439831241965294 0.0442725457251072 0.0442810207605362 0.0442120060324669 0.0442429184913635 0.0442296676337719 0.044262982904911 0.0442247241735458 0.0442447178065777 0.0442366935312748 0.044449158012867 0.0445070378482342 0.0445281006395817 0.04454680159688 0.0445408374071121 0.0442632921040058 0.0445874817669392 0.0445544645190239 0.0446121320128441 0.0446627400815487 0.0445604883134365 0.0446764416992664 0.0445402227342129 0.0446988120675087 0.044581051915884 0.0445260256528854 0.0440298691391945 0.0441942363977432 0.0441904738545418 0.0441617332398891 0.0437011122703552 0.04390949010849 0.0437907837331295 0.0437919497489929 0.0437822341918945 0.043885525316 0.0437851510941982 0.0437997058033943 0.0437887869775295 0.0436971336603165 0.0438551791012287 0.0441734753549099 0.0441657230257988
0.0441738814115524 0.0442038178443909 0.044377364218235 0.0442636162042618 0.0443608015775681 0.0443022064864635 0.0443103276193142 0.0443631634116173 0.0443768985569477 0.0447123982012272 0.0446716472506523 0.0446059368550777 0.04457663372159 0.0445922836661339 0.0446241721510887 0.0445562638342381 0.0446762964129448 0.0443911403417587 0.0446837209165096 0.0447262898087502 0.0446939952671528 0.0448415204882622 0.0447381101548672 0.044525146484375 0.0442959889769554 0.0441179946064949 0.0443171411752701 0.0440931431949139 0.0442217029631138 0.0441654212772846 0.0442437753081322 0.0444950722157955 0.0442658178508282 0.0442496053874493 0.0443675294518471 0.0443734377622604 0.044271431863308 0.044250026345253 0.0442323200404644 0.0442602746188641 0.0441460907459259 0.0441401228308678 0.0440059751272202 0.0437145121395588
0.0442815274000168 0.0444039516150951 0.0446489490568638 0.044932309538126 0.044408667832613 0.0447595417499542 0.0448447279632092 0.044843714684248 0.0447365753352642 0.0447252616286278 0.044733926653862 0.0448609888553619 0.0447558388113976 0.0448643527925014 0.0447833761572838 0.0445425063371658 0.0447210855782032 0.0447450242936611 0.0445893704891205 0.0452303439378738 0.0443599969148636 0.0446089394390583 0.0444549582898617 0.0440783314406872 0.0439386181533337 0.0443697683513165 0.0444723665714264 0.0447368696331978 0.0446956902742386 0.044547762721777 0.0440157167613506 0.0440155230462551 0.0438773036003113 0.043749462813139 0.0436424128711224 0.043660257011652 0.0436609536409378 0.0436630733311176 0.0438574999570847 0.0440147072076797 0.0435733832418919 0.0435327440500259 0.0435515195131302 0.0452999174594879
0.0449551343917847 0.0447904020547867 0.0448647886514664 0.0449041239917278 0.0448858700692654 0.0450781583786011 0.0449000597000122 0.0448981076478958 0.0449540726840496 0.0449943915009499 0.0450002066791058 0.0445604659616947 0.0445385351777077 0.0443825572729111 0.0444248877465725 0.0444095879793167 0.0443288534879684 0.0440187454223633 0.0441433787345886 0.0441215187311172 0.0440842285752296 0.0440826825797558 0.044042095541954 0.0442453250288963 0.0447626449167728 0.0443064905703068 0.0442102178931236 0.0441343188285828 0.0440930612385273 0.0440225601196289 0.0438949279487133 0.0438170954585075 0.0438123680651188 0.0436035804450512 0.0436048991978168 0.0434892289340496 0.0435187146067619 0.0434985980391502 0.0434016212821007 0.0435338616371155 0.0433373749256134 0.0434220433235168 0.0433958768844604 0.0441429875791073
0.044954277575016 0.0448883064091206 0.0449847318232059 0.0448795519769192 0.0451898723840714 0.0447865091264248 0.044574499130249 0.0445548817515373 0.0448023267090321 0.0453020036220551 0.0444658063352108 0.0444339103996754 0.0440654419362545 0.0440485626459122 0.0442245900630951 0.0442368760704994 0.0442366749048233 0.0442043170332909 0.0442827418446541 0.0442266240715981 0.0446592047810555 0.0446191504597664 0.0444581210613251 0.0441715568304062 0.0442285239696503 0.0442465133965015 0.0440551042556763 0.0448889881372452 0.0448194444179535 0.0438208505511284 0.0447251498699188 0.0446581915020943 0.0446436107158661 0.0446245595812798 0.044438324868679 0.0443420894443989 0.0434509292244911 0.0434550493955612 0.0434804894030094 0.043402623385191 0.0433985367417336 0.043380081653595 0.0434502735733986 0.043876051902771
0.0454818271100521 0.045157078653574 0.0450762882828712 0.0446776822209358 0.0450733937323093 0.0449638739228249 0.0448018833994865 0.0445497073233128 0.0441514402627945 0.0442004650831223 0.0441743768751621 0.0441667549312115 0.0441497713327408 0.0442993752658367 0.044326014816761 0.0447657406330109 0.0448029935359955 0.0448306910693645 0.0446672812104225 0.0442727170884609 0.0440910048782825 0.0443753711879253 0.04432313144207 0.0450962446630001 0.0451368950307369 0.0442289561033249 0.0440712310373783 0.0439946465194225 0.0439338684082031 0.0438478849828243 0.0448945946991444 0.044835988432169 0.0448080860078335 0.0448020845651627 0.0447081699967384 0.0444138534367085 0.0444093868136406 0.0443206913769245 0.0443257801234722 0.0434393286705017 0.0434521846473217 0.0443108938634396 0.0447332449257374 0.0448425114154816
0.0448846928775311 0.0449797548353672 0.0449343845248222 0.0447317846119404 0.0447330921888351 0.0444749891757965 0.0446847230195999 0.0447105430066586 0.044530626386404 0.0441990792751312 0.0444029495120049 0.0447949171066284 0.044736672192812 0.0446172654628754 0.0445903055369854 0.0444774590432644 0.0439467541873455 0.044226061552763 0.044189915060997 0.0444190986454487 0.045213807374239 0.0453343018889427 0.0452376268804073 0.0453951843082905 0.0442053638398647 0.0444538295269012 0.0468698367476463 0.0451372340321541 0.0442628040909767 0.0441748760640621 0.0459897741675377 0.0459015443921089 0.0458858832716942 0.0458591096103191 0.0448002852499485 0.0447976365685463 0.0446207597851753 0.0445312447845936 0.0444132052361965 0.0444183051586151 0.0444137416779995 0.0448399148881435 0.0449173226952553 0.0450471267104149
0.0454124361276627 0.0447423905134201 0.044663030654192 0.0446594953536987 0.0446553975343704 0.0451006405055523 0.0450829192996025 0.0449917614459991 0.0446654669940472 0.0445095971226692 0.044541247189045 0.0445438995957375 0.0441292263567448 0.0441457182168961 0.0444657504558563 0.0444763228297234 0.0444670654833317 0.0453543215990067 0.0453987643122673 0.0454395189881325 0.0457971766591072 0.0453490056097507 0.0443619675934315 0.0454538054764271 0.0469612330198288 0.0453341379761696 0.0442727766931057 0.0441689006984234 0.0440648160874844 0.0470464676618576 0.0450444258749485 0.0472774878144264 0.0482272580265999 0.0488023497164249 0.0488219223916531 0.0462388209998608 0.0462556108832359 0.0455907508730888 0.0446470677852631 0.0450755693018436 0.0451877452433109 0.0451699793338776 0.0451447479426861 0.0461443699896336
