Part_1_SDMs/sdm_R/ensembles/Macropus_giganteus_ensemble_future_2070_RCP_8.5.asc
NCOLS 258 
NROWS 204 
XLLCORNER 112 
YLLCORNER -44 
CELLSIZE 0.166666666666667 
NODATA_value -3.4e+38 
[rows 140 to 159 of 204, columns 176 to 219 of 258]
0.0984971225261688 0.10687642544508 0.106424652040005 0.104892753064632 0.0894569680094719 0.0890593156218529 0.0792241021990776 0.0769961848855019 0.0781670808792114 0.088352307677269 0.0873550325632095 0.0981234610080719 0.0967647284269333 0.0970458164811134 0.103682368993759 0.118846997618675 0.118439488112926 0.104452811181545 0.105688787996769 0.106809683144093 0.125560954213142 0.138816326856613 0.115378804504871 0.113625235855579 0.151305243372917 0.149885699152946 0.161187797784805 0.169576063752174 0.174085453152657 0.21447591483593 0.221051529049873 0.22148209810257 0.257445752620697 0.259845525026321 0.24588730931282 0.273697942495346 0.242593511939049 0.243971765041351 0.223228946328163 0.330119401216507 0.376321166753769 0.37831312417984 0.450260430574417 0.499662399291992
0.100655265152454 0.109950967133045 0.108262524008751 0.0942462161183357 0.0984738394618034 0.0916510820388794 0.0880805402994156 0.0866738483309746 0.0900567024946213 0.0881692543625832 0.0883458852767944 0.0883253514766693 0.0893804803490639 0.0944471433758736 0.0948074087500572 0.0929431766271591 0.0938771143555641 0.0977685302495956 0.0968101173639297 0.0978893488645554 0.125656202435493 0.144556984305382 0.115899458527565 0.115992084145546 0.127033114433289 0.124129846692085 0.145494103431702 0.167750030755997 0.173110708594322 0.20022451877594 0.216890543699265 0.221094369888306 0.22941854596138 0.277987986803055 0.264782875776291 0.268926292657852 0.236336678266525 0.260027676820755 0.283123701810837 0.327056437730789 0.379318237304688 0.43612876534462 0.424776881933212 0.422112196683884
0.0884123891592026 0.089655376970768 0.087454654276371 0.0949393957853317 0.0936278998851776 0.0979683920741081 0.0969241559505463 0.0929635837674141 0.105737365782261 0.0968103185296059 0.0960995256900787 0.0944289937615395 0.0940044447779655 0.0952621698379517 0.0947783291339874 0.0947039350867271 0.0984952226281166 0.097702369093895 0.098186582326889 0.0978431031107903 0.122765317559242 0.141460701823235 0.145613327622414 0.11905811727047 0.113524526357651 0.111274935305119 0.133392557501793 0.171435639262199 0.166805058717728 0.199411064386368 0.207396849989891 0.214269042015076 0.231057077646255 0.276719450950623 0.283500015735626 0.264775365591049 0.252736955881119 0.274739652872086 0.321126639842987 0.364959418773651 0.404846429824829 0.489229381084442 0.51753956079483 0.384203910827637
0.089583232998848 0.0946943759918213 0.0900482311844826 0.0878307595849037 0.095271110534668 0.100552409887314 0.121823228895664 0.121112920343876 0.126193031668663 0.126818180084229 0.124521069228649 0.123392343521118 0.121954672038555 0.123024016618729 0.122090257704258 0.0972493663430214 0.0999405309557915 0.0994878709316254 0.0987846702337265 0.0983598902821541 0.122871123254299 0.143469974398613 0.143316328525543 0.142563849687576 0.145114257931709 0.136972203850746 0.134627848863602 0.171982243657112 0.166699290275574 0.189383134245872 0.197204127907753 0.211542963981628 0.269421428442001 0.314086824655533 0.323546648025513 0.269538670778275 0.273793935775757 0.273454457521439 0.344559639692307 0.37626987695694 0.476387202739716 0.484947055578232 0.51006007194519 0.452226221561432
0.0940420553088188 0.0901615470647812 0.0957691594958305 0.0943234115839005 0.0976479426026344 0.102564744651318 0.125673562288284 0.121364898979664 0.131113842129707 0.139820069074631 0.139457747340202 0.127413421869278 0.124560073018074 0.123992398381233 0.122325606644154 0.1271842867136 0.125001609325409 0.124633967876434 0.10025442391634 0.099973276257515 0.124178186058998 0.124479450285435 0.143463879823685 0.15847772359848 0.157426223158836 0.157335162162781 0.153434470295906 0.175851181149483 0.176367983222008 0.201935097575188 0.215641811490059 0.220577374100685 0.238262563943863 0.319463819265366 0.359896332025528 0.32981464266777 0.27528104186058 0.312005400657654 0.330738127231598 0.35845810174942 0.376362085342407 0.427139610052109 0.471384972333908 0.551564037799835
0.0967083945870399 0.0923596695065498 0.108534760773182 0.107138186693192 0.113652497529984 0.139734640717506 0.131462961435318 0.143827632069588 0.155788317322731 0.14579750597477 0.143166944384575 0.140937969088554 0.142634615302086 0.141347035765648 0.13589246571064 0.139624923467636 0.13968662917614 0.142165347933769 0.126066818833351 0.127160146832466 0.138545036315918 0.137802213430405 0.160345360636711 0.159811615943909 0.179422095417976 0.178558364510536 0.152779281139374 0.174034744501114 0.183707177639008 0.207002446055412 0.218796074390411 0.241639345884323 0.285033196210861 0.36130303144455 0.361074775457382 0.35003936290741 0.348801046609879 0.378886789083481 0.355113565921783 0.365647882223129 0.442871034145355 0.456808984279633 0.473585695028305 0.559014797210693
0.113811537623405 0.116180032491684 0.113564312458038 0.112481027841568 0.137079507112503 0.147062182426453 0.158524885773659 0.156272232532501 0.143052905797958 0.169416934251785 0.165678456425667 0.165488243103027 0.164762109518051 0.162815421819687 0.143735200166702 0.141422241926193 0.146413579583168 0.148584887385368 0.145507365465164 0.140420138835907 0.150063022971153 0.157418698072433 0.164462089538574 0.161427512764931 0.182078346610069 0.17965205013752 0.180207923054695 0.174033522605896 0.173470392823219 0.198352962732315 0.220938503742218 0.287650048732758 0.328489810228348 0.379798710346222 0.400260746479034 0.403474509716034 0.372876137495041 0.377447038888931 0.383104890584946 0.415162742137909 0.476602762937546 0.462198883295059 0.473519325256348 0.565972745418549
0.122343294322491 0.14594878256321 0.155365020036697 0.148720398545265 0.142099902033806 0.151185065507889 0.163860812783241 0.163097247481346 0.163382694125175 0.165399447083473 0.170206129550934 0.17509338259697 0.176656201481819 0.173725128173828 0.165159806609154 0.146080121397972 0.158018499612808 0.157756760716438 0.147415325045586 0.146130532026291 0.159242704510689 0.163714900612831 0.160656154155731 0.157276570796967 0.154008626937866 0.18089671432972 0.178141891956329 0.180923193693161 0.178157806396484 0.211582019925117 0.231105789542198 0.290815323591232 0.329260766506195 0.380794554948807 0.40911790728569 0.389497458934784 0.47401550412178 0.438333839178085 0.478815585374832 0.486192613840103 0.481490164995193 0.48642110824585 0.462506294250488 0.548975050449371
0.164374276995659 0.163455232977867 0.165223583579063 0.170101881027222 0.187348991632462 0.180792465806007 0.177488520741463 0.173473283648491 0.178867325186729 0.179357334971428 0.174110859632492 0.183260425925255 0.180561169981956 0.179865807294846 0.171338751912117 0.149033829569817 0.146688058972359 0.145768001675606 0.156572222709656 0.146820411086082 0.162577539682388 0.161779135465622 0.159929618239403 0.173357680439949 0.169303238391876 0.182155191898346 0.180555358529091 0.197027057409286 0.208225294947624 0.241948202252388 0.308364987373352 0.337984383106232 0.371260076761246 0.412457674741745 0.420161217451096 0.389973163604736 0.476335853338242 0.43947970867157 0.450913220643997 0.515995800495148 0.481585830450058 0.500963926315308 0.475793778896332 0.553257822990417
0.208259299397469 0.18077626824379 0.19906122982502 0.18883016705513 0.191660791635513 0.181119978427887 0.208624869585037 0.183486610651016 0.186302870512009 0.185169845819473 0.185781270265579 0.179585441946983 0.192220583558083 0.188617005944252 0.175134658813477 0.173158571124077 0.168740540742874 0.145913019776344 0.158478796482086 0.15679931640625 0.1694206148386 0.162833586335182 0.160377755761147 0.172421514987946 0.172015875577927 0.19655367732048 0.193840369582176 0.192534044384956 0.229626312851906 0.267388671636581 0.353466928005219 0.342218637466431 0.355102807283401 0.386231780052185 0.422818034887314 0.481511920690536 0.455285966396332 0.487321197986603 0.463706791400909 0.507193744182587 0.517545104026794 0.505866706371307 0.541476547718048 0.585945904254913
0.187597557902336 0.210813447833061 0.207596331834793 0.202059045433998 0.194503143429756 0.181414857506752 0.177211463451385 0.213311269879341 0.185675993561745 0.194225341081619 0.183059424161911 0.191683068871498 0.202505305409431 0.20003017783165 0.187696859240532 0.187284827232361 0.179040029644966 0.175647303462029 0.162667840719223 0.161261051893234 0.174705535173416 0.173919409513474 0.165862858295441 0.175503209233284 0.184011802077293 0.181448236107826 0.178943783044815 0.194494172930717 0.224027633666992 0.270308434963226 0.312242478132248 0.35698601603508 0.393734246492386 0.382204473018646 0.420791029930115 0.44800329208374 0.471357077360153 0.525144338607788 0.49676051735878 0.538713455200195 0.542974591255188 0.53090488910675 0.556373715400696 0.57831335067749
0.210324108600616 0.209032252430916 0.211628824472427 0.209131717681885 0.20273745059967 0.200779348611832 0.185687348246574 0.201378181576729 0.215864941477776 0.209380209445953 0.183600336313248 0.20696696639061 0.222059220075607 0.205751448869705 0.207713946700096 0.200748771429062 0.201266333460808 0.191396713256836 0.182783111929893 0.187089070677757 0.17943899333477 0.179370015859604 0.192166402935982 0.19480100274086 0.20539353787899 0.19998374581337 0.213969364762306 0.197246938943863 0.205674305558205 0.248353138566017 0.313370555639267 0.359310954809189 0.397160887718201 0.380922257900238 0.439778596162796 0.525658905506134 0.548532366752625 0.547471702098846 0.546991407871246 0.538646042346954 0.539088010787964 0.54370105266571 0.476490646600723 0.513253569602966
0.224570333957672 0.208215594291687 0.196810960769653 0.217040851712227 0.203053787350655 0.199256852269173 0.186337560415268 0.200471818447113 0.21439616382122 0.218720480799675 0.200785353779793 0.231172308325768 0.235550567507744 0.195261165499687 0.21908862888813 0.213252872228622 0.23145754635334 0.222220599651337 0.225025117397308 0.211334601044655 0.185652241110802 0.201780423521996 0.214250728487968 0.226349666714668 0.230907782912254 0.223801329731941 0.204231098294258 0.218803539872169 0.212292045354843 0.270507037639618 0.349271476268768 0.396724015474319 0.391757965087891 0.408685803413391 0.474534004926682 0.536526441574097 0.567146360874176 0.540146589279175 0.531796038150787 0.559583723545074 0.558481931686401 0.56093817949295 0.486264824867249 0.546031475067139
0.23688468337059 0.233785375952721 0.22663314640522 0.221373066306114 0.209846287965775 0.197322815656662 0.185987889766693 0.206059545278549 0.237661704421043 0.257103234529495 0.219001278281212 0.251725941896439 0.213980346918106 0.235194876790047 0.231748461723328 0.227772757411003 0.240582332015038 0.2515007853508 0.248564094305038 0.236096397042274 0.239493757486343 0.252632617950439 0.244840756058693 0.258828312158585 0.269503891468048 0.33227527141571 0.281826734542847 0.327181398868561 0.37049862742424 0.377175003290176 0.358261317014694 0.366579800844193 0.426070094108582 0.471013158559799 0.524022281169891 0.561458647251129 0.552445530891418 0.564815163612366 0.55763703584671 0.567855358123779 0.595730721950531 0.596428275108337 0.543539464473724 0.525567412376404
0.208500012755394 0.234103783965111 0.234094366431236 0.229278564453125 0.197366937994957 0.201413080096245 0.18600994348526 0.21015876531601 0.253886103630066 0.245632961392403 0.234739810228348 0.254562675952911 0.221436455845833 0.239623844623566 0.268573135137558 0.302522212266922 0.2561856508255 0.288613021373749 0.255942136049271 0.270134925842285 0.277868449687958 0.265308916568756 0.27854335308075 0.298722386360168 0.369958847761154 0.397354155778885 0.384775400161743 0.426501452922821 0.442130088806152 0.390211194753647 0.38242307305336 0.397594273090363 0.436864048242569 0.518042504787445 0.572729170322418 0.558731198310852 0.583142101764679 0.566105484962463 0.590017259120941 0.607722640037537 0.620785176753998 0.60069751739502 0.603956460952759 0.549049854278564
0.204031571745872 0.202425330877304 0.204135939478874 0.22929373383522 0.197118699550629 0.200940892100334 0.197671666741371 0.195465415716171 0.225899934768677 0.251272439956665 0.283486425876617 0.312969237565994 0.271149516105652 0.283788233995438 0.308119565248489 0.312752962112427 0.303859800100327 0.29427233338356 0.324880212545395 0.310448080301285 0.303128629922867 0.311388164758682 0.293747752904892 0.359087288379669 0.428654432296753 0.435316503047943 0.434625178575516 0.459210157394409 0.48148250579834 0.462696582078934 0.458785533905029 0.497038036584854 0.509768724441528 0.572812378406525 0.593872904777527 0.59162575006485 0.598927855491638 0.59103935956955 0.596076488494873 0.631876587867737 0.640605986118317 0.656755805015564 0.612400352954865 0.57501345872879
0.190508738160133 0.234710142016411 0.238566562533379 0.22113998234272 0.220324486494064 0.193052440881729 0.18983893096447 0.199026480317116 0.201041951775551 0.296229213476181 0.329510152339935 0.365158945322037 0.36135995388031 0.353844225406647 0.361785084009171 0.327254801988602 0.32234999537468 0.314851313829422 0.31594130396843 0.311356991529465 0.347641676664352 0.362256407737732 0.353940933942795 0.460377603769302 0.493298321962357 0.516635477542877 0.492403209209442 0.533309102058411 0.524420559406281 0.540602147579193 0.506578385829926 0.550056219100952 0.560061097145081 0.564188063144684 0.620478332042694 0.640148997306824 0.610047221183777 0.621772587299347 0.64103490114212 0.62056165933609 0.645463168621063 0.606900751590729 0.608817517757416 0.604707598686218
0.240666568279266 0.216959565877914 0.233341366052628 0.221990540623665 0.220603302121162 0.208897709846497 0.189715728163719 0.200161173939705 0.21074965596199 0.291882306337357 0.339426875114441 0.406028717756271 0.399630069732666 0.403046548366547 0.410899847745895 0.377562671899796 0.372459173202515 0.361500352621078 0.374246597290039 0.376533806324005 0.392792940139771 0.444509387016296 0.475515425205231 0.500146210193634 0.520807683467865 0.541815638542175 0.580943524837494 0.589816689491272 0.580538928508759 0.585970342159271 0.599036455154419 0.654337406158447 0.651455044746399 0.647492527961731 0.643139004707336 0.651784718036652 0.651269674301147 0.680329620838165 0.669220268726349 0.654717743396759 0.688210427761078 0.601259469985962 0.61639815568924 0.628089547157288
0.24309079349041 0.254222899675369 0.256783038377762 0.231868803501129 0.295052945613861 0.300407886505127 0.245555192232132 0.218805283308029 0.271280080080032 0.295153260231018 0.349070727825165 0.420499920845032 0.440952390432358 0.529432117938995 0.479163557291031 0.444174408912659 0.461480468511581 0.456080287694931 0.441947817802429 0.454242765903473 0.559316992759705 0.557304441928864 0.568322062492371 0.568330824375153 0.57795125246048 0.617921113967896 0.658473491668701 0.648847460746765 0.619620084762573 0.659698247909546 0.683594167232513 0.726544916629791 0.697458386421204 0.691548228263855 0.694142818450928 0.702477633953094 0.690041840076447 0.754180908203125 0.759774744510651 0.752391755580902 0.755511581897736 0.651197075843811 0.591745436191559 0.818487346172333
0.269139230251312 0.257206052541733 0.266783207654953 0.228898763656616 0.297108978033066 0.346268147230148 0.245826959609985 0.266228169202805 0.291831701993942 0.354461163282394 0.39850851893425 0.486971408128738 0.553163826465607 0.589963793754578 0.594557225704193 0.494480341672897 0.484952092170715 0.566093802452087 0.55423778295517 0.601241707801819 0.64608359336853 0.623088181018829 0.633026361465454 0.650290429592133 0.674344599246979 0.669937491416931 0.696793079376221 0.697416484355927 0.71564769744873 0.744653582572937 0.750854194164276 0.762627899646759 0.748440623283386 0.732432842254639 0.730417251586914 0.76098358631134 0.758772432804108 0.781717538833618 0.758551716804504 0.639967501163483 0.72674822807312 0.556246817111969 0.650375068187714 0.842326045036316
