Part_1_SDMs/sdm_R/ensembles/Macropus_giganteus_ensemble_future_2070_RCP_8.5.asc
NCOLS 258 
NROWS 204 
XLLCORNER 112 
YLLCORNER -44 
CELLSIZE 0.166666666666667 
NODATA_value -3.4e+38 
[rows 120 to 139 of 204, columns 0 to 43 of 258]
-3.4e+38 -3.4e+38 -3.4e+38 -3.4e+38 -3.4e+38 -3.4e+38 -3.4e+38 -3.4e+38 -3.4e+38 -3.4e+38 -3.4e+38 -3.4e+38 -3.4e+38 -3.4e+38 -3.4e+38 -3.4e+38 -3.4e+38 0.0565845668315887 0.0558562725782394 0.0550966188311577 0.0595236495137215 0.0651352405548096 0.0599231608211994 0.0539896190166473 0.0492972917854786 0.0476920641958714 0.0470638982951641 0.050212599337101 0.0480171069502831 0.0496346801519394 0.0589868277311325 0.0570911653339863 0.0584534741938114 0.0594530589878559 0.0590965040028095 0.058878555893898 0.0659758374094963 0.0657518655061722 0.0688332617282867 0.0686976984143257 0.0700337141752243 0.0685801208019257 0.0660614818334579 0.0688554421067238
-3.4e+38 -3.4e+38 -3.4e+38 -3.4e+38 -3.4e+38 -3.4e+38 -3.4e+38 -3.4e+38 -3.4e+38 -3.4e+38 -3.4e+38 -3.4e+38 -3.4e+38 -3.4e+38 -3.4e+38 -3.4e+38 -3.4e+38 0.0557500161230564 0.0585139542818069 0.0548804961144924 0.0597757697105408 0.0611899495124817 0.0613178983330727 0.057369776070118 0.050407700240612 0.0485056824982166 0.0487474463880062 0.0487942136824131 0.0503375306725502 0.0529849007725716 0.0583731010556221 0.0593115277588367 0.057349506765604 0.0594084039330482 0.0611882209777832 0.0593248084187508 0.0611748211085796 0.0630494803190231 0.0616632327437401 0.0704739317297935 0.0684677138924599 0.0742640644311905 0.0721938982605934 0.0687281265854836
-3.4e+38 -3.4e+38 -3.4e+38 -3.4e+38 -3.4e+38 -3.4e+38 -3.4e+38 -3.4e+38 -3.4e+38 -3.4e+38 -3.4e+38 -3.4e+38 -3.4e+38 -3.4e+38 -3.4e+38 -3.4e+38 -3.4e+38 -3.4e+38 0.0561704561114311 0.0551553666591644 0.0606002435088158 0.0642872825264931 0.0642938688397408 0.0567568466067314 0.0512229241430759 0.0503486432135105 0.0490432530641556 0.0505428798496723 0.0498951785266399 0.0501716248691082 0.0611506029963493 0.0600784718990326 0.0597945377230644 0.0575191676616669 0.0609103366732597 0.059376809746027 0.0617411658167839 0.0633185282349586 0.0622675307095051 0.0715395510196686 0.0758270621299744 0.075932465493679 0.0746979564428329 0.0738840028643608
-3.4e+38 -3.4e+38 -3.4e+38 -3.4e+38 -3.4e+38 -3.4e+38 -3.4e+38 -3.4e+38 -3.4e+38 -3.4e+38 -3.4e+38 -3.4e+38 -3.4e+38 -3.4e+38 -3.4e+38 -3.4e+38 -3.4e+38 -3.4e+38 0.0562477633357048 0.059307225048542 0.0608840435743332 0.0654641836881638 0.0614922791719437 0.0599941834807396 0.0529465191066265 0.0508172698318958 0.0492497086524963 0.0533869564533234 0.0507011748850346 0.0536726713180542 0.0621846877038479 0.0608042106032372 0.060255404561758 0.0595435090363026 0.0593601390719414 0.062576062977314 0.0615831427276134 0.0638368055224419 0.0658273994922638 0.0656549632549286 0.0679056793451309 0.0646180883049965 0.0798915699124336 0.0759383589029312
-3.4e+38 -3.4e+38 -3.4e+38 -3.4e+38 -3.4e+38 -3.4e+38 -3.4e+38 -3.4e+38 -3.4e+38 -3.4e+38 -3.4e+38 -3.4e+38 -3.4e+38 -3.4e+38 -3.4e+38 -3.4e+38 -3.4e+38 -3.4e+38 0.0565481334924698 0.0576336123049259 0.059279203414917 0.0707046315073967 0.0629778876900673 0.0631392076611519 0.0540493801236153 0.0496551394462585 0.0500001758337021 0.0499665886163712 0.0501281097531319 0.051150381565094 0.0625454559922218 0.059589222073555 0.0599128380417824 0.0601608566939831 0.0642131716012955 0.0647853910923004 0.0621166415512562 0.0632272437214851 0.0623405575752258 0.0684247463941574 0.0678657293319702 0.0745334699749947 0.0678278133273125 0.069708488881588
-3.4e+38 -3.4e+38 -3.4e+38 -3.4e+38 -3.4e+38 -3.4e+38 -3.4e+38 -3.4e+38 -3.4e+38 -3.4e+38 -3.4e+38 -3.4e+38 -3.4e+38 -3.4e+38 -3.4e+38 -3.4e+38 -3.4e+38 -3.4e+38 -3.4e+38 0.0578263476490974 0.060239389538765 0.0571241155266762 0.0622519105672836 0.0681285858154297 0.061454750597477 0.0542921908199787 0.0528767481446266 0.0509617403149605 0.0523369871079922 0.0543583035469055 0.0628186017274857 0.0595902353525162 0.0575474947690964 0.0617615953087807 0.0635276362299919 0.0650200024247169 0.06356181204319 0.0622277595102787 0.059621024876833 0.0669909417629242 0.0640619322657585 0.0632749497890472 0.06879623234272 0.0645643994212151
-3.4e+38 -3.4e+38 -3.4e+38 -3.4e+38 -3.4e+38 -3.4e+38 -3.4e+38 -3.4e+38 -3.4e+38 -3.4e+38 -3.4e+38 -3.4e+38 -3.4e+38 -3.4e+38 -3.4e+38 -3.4e+38 -3.4e+38 -3.4e+38 -3.4e+38 0.0600601546466351 0.0585960447788239 0.0592709481716156 0.0638010576367378 0.0679358616471291 0.0638833120465279 0.0594103522598743 0.055173572152853 0.0533560775220394 0.0515140257775784 0.0560871362686157 0.0643466338515282 0.0618247129023075 0.0601880960166454 0.0633197203278542 0.0642699897289276 0.0637996196746826 0.0630207732319832 0.0633881017565727 0.0631865411996841 0.0621828623116016 0.0621026642620564 0.0612316802144051 0.0636832565069199 0.0660002306103706
-3.4e+38 -3.4e+38 -3.4e+38 -3.4e+38 -3.4e+38 -3.4e+38 -3.4e+38 -3.4e+38 -3.4e+38 -3.4e+38 -3.4e+38 -3.4e+38 -3.4e+38 -3.4e+38 -3.4e+38 -3.4e+38 -3.4e+38 -3.4e+38 -3.4e+38 -3.4e+38 0.0572436228394508 0.0588388703763485 0.0650404244661331 0.0626646801829338 0.0656885132193565 0.0640856772661209 0.0570573396980762 0.0509069785475731 0.0496830232441425 0.0530503317713737 0.0628943890333176 0.0606857091188431 0.0619240626692772 0.0622126907110214 0.062453854829073 0.0644185915589333 0.063464030623436 0.0631043687462807 0.06096376106143 0.0615528076887131 0.0628635585308075 0.0609652772545815 0.0597850605845451 0.0643011406064034
-3.4e+38 -3.4e+38 -3.4e+38 -3.4e+38 -3.4e+38 -3.4e+38 -3.4e+38 -3.4e+38 -3.4e+38 -3.4e+38 -3.4e+38 -3.4e+38 -3.4e+38 -3.4e+38 -3.4e+38 -3.4e+38 -3.4e+38 -3.4e+38 -3.4e+38 -3.4e+38 0.0572305135428905 0.0592149794101715 0.066069208085537 0.0630116537213326 0.0629066377878189 0.0606801696121693 0.054217491298914 0.0497990250587463 0.0484826937317848 0.049128744751215 0.0600404553115368 0.0599710866808891 0.0628465563058853 0.0641738697886467 0.0626654997467995 0.0632455945014954 0.0644553303718567 0.0653269290924072 0.0636846646666527 0.0589811019599438 0.0580006390810013 0.0573548004031181 0.0597328133881092 0.0642130225896835
-3.4e+38 -3.4e+38 -3.4e+38 -3.4e+38 -3.4e+38 -3.4e+38 -3.4e+38 -3.4e+38 -3.4e+38 -3.4e+38 -3.4e+38 -3.4e+38 -3.4e+38 -3.4e+38 -3.4e+38 -3.4e+38 -3.4e+38 -3.4e+38 -3.4e+38 -3.4e+38 -3.4e+38 0.0622034855186939 0.0660816729068756 0.0665248855948448 0.0658437982201576 0.0600737780332565 0.0548318699002266 0.0489064119756222 0.04859808832407 0.0476439259946346 0.0488374792039394 0.0599215775728226 0.0595792643725872 0.0653468519449234 0.0646146684885025 0.0658045634627342 0.0656649097800255 0.0633300021290779 0.0646822825074196 0.065321147441864 0.0574195720255375 0.0594619959592819 0.0635500326752663 0.0677050426602364
-3.4e+38 -3.4e+38 -3.4e+38 -3.4e+38 -3.4e+38 -3.4e+38 -3.4e+38 -3.4e+38 -3.4e+38 -3.4e+38 -3.4e+38 -3.4e+38 -3.4e+38 -3.4e+38 -3.4e+38 -3.4e+38 -3.4e+38 -3.4e+38 -3.4e+38 -3.4e+38 -3.4e+38 -3.4e+38 0.066718764603138 0.0739729180932045 0.0577273406088352 0.0609679669141769 0.0558604262769222 0.0503363497555256 0.0464784242212772 0.0463395714759827 0.0489746071398258 0.0521395839750767 0.0579337663948536 0.0626466125249863 0.066724993288517 0.0628715679049492 0.0638598576188087 0.0636834278702736 0.0624554008245468 0.0664834454655647 0.0607876740396023 0.0593270398676395 0.0631653890013695 0.0675586313009262
-3.4e+38 -3.4e+38 -3.4e+38 -3.4e+38 -3.4e+38 -3.4e+38 -3.4e+38 -3.4e+38 -3.4e+38 -3.4e+38 -3.4e+38 -3.4e+38 -3.4e+38 -3.4e+38 -3.4e+38 -3.4e+38 -3.4e+38 -3.4e+38 -3.4e+38 -3.4e+38 0.0702860355377197 0.0700282081961632 0.0681365057826042 0.0687473341822624 0.0641596540808678 0.0718444585800171 0.0601151436567307 0.0527733564376831 0.04754688590765 0.0469475127756596 0.0471422225236893 0.0505730323493481 0.0623439624905586 0.0658504739403725 0.0679029226303101 0.0675919726490974 0.0698742642998695 0.0666163042187691 0.0655582770705223 0.0693526640534401 0.0663790628314018 0.0636900961399078 0.0719419419765472 0.0707912147045135
-3.4e+38 -3.4e+38 -3.4e+38 -3.4e+38 -3.4e+38 -3.4e+38 -3.4e+38 -3.4e+38 -3.4e+38 -3.4e+38 -3.4e+38 -3.4e+38 -3.4e+38 -3.4e+38 -3.4e+38 -3.4e+38 -3.4e+38 -3.4e+38 -3.4e+38 -3.4e+38 0.0682234540581703 0.0680527091026306 0.0684161186218262 0.072575606405735 0.0855965688824654 0.0723380595445633 0.0628478527069092 0.0509146451950073 0.0479076765477657 0.0475098751485348 0.0492906607687473 0.0489775575697422 0.0630749389529228 0.0639337301254272 0.0673398226499557 0.0661258921027184 0.0666369199752808 0.0677583962678909 0.069211333990097 0.0672157630324364 0.0699174627661705 0.065437950193882 0.0651272684335709 0.0701880380511284
-3.4e+38 -3.4e+38 -3.4e+38 -3.4e+38 -3.4e+38 -3.4e+38 -3.4e+38 -3.4e+38 -3.4e+38 -3.4e+38 -3.4e+38 -3.4e+38 -3.4e+38 -3.4e+38 -3.4e+38 -3.4e+38 -3.4e+38 -3.4e+38 -3.4e+38 -3.4e+38 -3.4e+38 0.0640755370259285 0.0687585100531578 0.0677842572331429 0.081669308245182 0.0861110836267471 0.0642245188355446 0.053016509860754 0.049794215708971 0.048638116568327 0.0491799078881741 0.0557799562811852 0.0644902661442757 0.0679136291146278 0.0728583335876465 0.0732317715883255 0.0713505521416664 0.0715624764561653 0.0726231560111046 0.0743429511785507 0.0686148628592491 0.0674858465790749 0.076751746237278 0.0844909697771072
-3.4e+38 -3.4e+38 -3.4e+38 -3.4e+38 -3.4e+38 -3.4e+38 -3.4e+38 -3.4e+38 -3.4e+38 -3.4e+38 -3.4e+38 -3.4e+38 -3.4e+38 -3.4e+38 -3.4e+38 -3.4e+38 -3.4e+38 -3.4e+38 -3.4e+38 -3.4e+38 -3.4e+38 -3.4e+38 0.0612213648855686 0.0673622861504555 0.0811814740300179 0.0742420926690102 0.0681645795702934 0.057006411254406 0.055324736982584 0.0526659153401852 0.0522753372788429 0.0589635968208313 0.07327551394701 0.0769734755158424 0.0792891383171082 0.0774677097797394 0.0776418820023537 0.0803817957639694 0.0805084556341171 0.0832651108503342 0.0782616436481476 0.07903653383255 0.091740570962429 0.0970490351319313
-3.4e+38 -3.4e+38 -3.4e+38 -3.4e+38 -3.4e+38 -3.4e+38 -3.4e+38 -3.4e+38 -3.4e+38 -3.4e+38 -3.4e+38 -3.4e+38 -3.4e+38 -3.4e+38 -3.4e+38 -3.4e+38 -3.4e+38 -3.4e+38 -3.4e+38 -3.4e+38 -3.4e+38 0.0592963770031929 0.062803253531456 0.066526971757412 0.0774730145931244 0.0730322971940041 0.0612807385623455 0.055206086486578 0.0547784939408302 0.0535530894994736 0.0545587502419949 0.0738954395055771 0.0795124769210815 0.0823820680379868 0.0807005316019058 0.0854655876755714 0.0821848660707474 0.0853859856724739 0.0896688774228096 0.0897081792354584 0.0906796157360077 0.0889574810862541 0.101879999041557 0.105264589190483
-3.4e+38 -3.4e+38 -3.4e+38 -3.4e+38 -3.4e+38 -3.4e+38 -3.4e+38 -3.4e+38 -3.4e+38 -3.4e+38 -3.4e+38 -3.4e+38 -3.4e+38 -3.4e+38 -3.4e+38 -3.4e+38 -3.4e+38 -3.4e+38 -3.4e+38 -3.4e+38 -3.4e+38 0.0604125298559666 0.0598219260573387 0.0594847127795219 0.0683783888816833 0.0624897517263889 0.0590409636497498 0.0584225095808506 0.0586752966046333 0.058406688272953 0.0646256431937218 0.0833796486258507 0.0895198732614517 0.0907255560159683 0.0856433287262917 0.0855983272194862 0.0871138945221901 0.0948976650834084 0.0952192917466164 0.100399367511272 0.0979628413915634 0.101961597800255 0.115150198340416 0.113389134407043
-3.4e+38 -3.4e+38 -3.4e+38 -3.4e+38 -3.4e+38 -3.4e+38 -3.4e+38 -3.4e+38 -3.4e+38 -3.4e+38 -3.4e+38 -3.4e+38 -3.4e+38 -3.4e+38 -3.4e+38 -3.4e+38 -3.4e+38 -3.4e+38 -3.4e+38 -3.4e+38 -3.4e+38 0.0595605000853539 0.058274582028389 0.0590415485203266 0.0646035745739937 0.0610432773828506 0.0595185309648514 0.0590323023498058 0.0599566549062729 0.0615617893636227 0.0701917856931686 0.088908962905407 0.0905943214893341 0.0911373943090439 0.0917226001620293 0.100480511784554 0.10163476318121 0.103148207068443 0.113427728414536 0.118649519979954 0.1190589889884 0.113642908632755 0.111952416598797 0.115278214216232
-3.4e+38 -3.4e+38 -3.4e+38 -3.4e+38 -3.4e+38 -3.4e+38 -3.4e+38 -3.4e+38 -3.4e+38 -3.4e+38 -3.4e+38 -3.4e+38 -3.4e+38 -3.4e+38 -3.4e+38 -3.4e+38 -3.4e+38 -3.4e+38 -3.4e+38 -3.4e+38 -3.4e+38 -3.4e+38 0.0586247928440571 0.0557221136987209 0.0604419037699699 0.0567451566457748 0.0564459338784218 0.059869296848774 0.0608048886060715 0.0625397264957428 0.0713488385081291 0.0927182212471962 0.0953166261315346 0.0934495255351067 0.0962620750069618 0.103731468319893 0.105781525373459 0.120812937617302 0.118864931166172 0.12497603148222 0.115483030676842 0.117781080305576 0.122062191367149 0.122243143618107
-3.4e+38 -3.4e+38 -3.4e+38 -3.4e+38 -3.4e+38 -3.4e+38 -3.4e+38 -3.4e+38 -3.4e+38 -3.4e+38 -3.4e+38 -3.4e+38 -3.4e+38 -3.4e+38 -3.4e+38 -3.4e+38 -3.4e+38 -3.4e+38 -3.4e+38 -3.4e+38 -3.4e+38 0.055843748152256 0.0569824315607548 0.0595994181931019 0.0573076866567135 0.0583155453205109 0.0596162006258965 0.0573038533329964 0.058283481746912 0.0574374124407768 0.0863005369901657 0.0939607694745064 0.0991653874516487 0.10043340921402 0.102064087986946 0.111375883221626 0.12456876039505 0.123480051755905 0.120433300733566 0.116433992981911 0.124511778354645 0.133336827158928 0.140698850154877 0.151918649673462
