Part_1_SDMs/env_data/present_climate/bioclim_5.asc
NCOLS 888 
NROWS 876 
XLLCORNER -19 
YLLCORNER -35 
CELLSIZE 0.0833333333333333 
NODATA_value -32768 
[rows 700 to 734 of 876, columns 553 to 631 of 888]
315 312 309 308 305 303 303 301 301 299 297 293 291 291 292 292 291 289 289 295 299 302 304 304 305 303 300 298 297 296 297 299 300 302 300 300 307 310 311 307 300 301 306 309 298 297 300 305 310 312 307 310 310 310 312 314 315 317 318 321 323 325 327 323 282 271 274 265 280 283 295 304 318 316 326 326 324 324 321
313 310 306 303 303 301 300 300 300 298 293 289 289 289 289 293 293 289 287 284 291 296 304 307 308 305 299 300 299 298 297 297 298 300 298 299 299 306 305 307 306 304 306 310 303 305 306 309 313 318 313 313 309 312 314 305 311 316 317 318 320 323 323 317 278 284 277 268 277 298 299 309 322 323 324 324 321 320 318
313 309 307 305 304 302 301 300 300 298 293 291 291 294 291 295 295 293 292 292 293 295 303 307 309 307 305 302 300 299 299 299 297 294 294 298 302 302 305 309 311 308 308 311 310 309 310 310 313 316 317 313 308 313 315 312 313 318 317 317 318 322 322 314 295 297 279 286 292 298 311 316 324 321 321 320 320 316 315
311 310 309 307 305 304 302 302 301 300 297 295 294 298 295 295 297 297 299 299 300 301 303 305 308 309 305 304 302 301 302 301 300 294 295 294 293 300 298 305 310 313 312 312 313 313 312 305 313 318 319 314 317 320 322 321 322 322 321 317 319 321 320 304 304 304 299 298 304 319 313 320 322 318 317 316 317 316 314
312 312 310 309 307 306 305 305 303 301 300 299 298 300 302 302 302 303 305 305 305 305 304 304 307 308 305 305 302 302 303 303 302 302 299 298 302 305 305 310 314 316 315 315 314 314 314 316 320 323 325 325 325 326 327 324 324 323 321 319 318 321 318 311 302 299 303 309 321 315 312 320 318 315 312 311 314 316 316
313 313 312 311 309 307 307 307 305 303 301 301 301 303 304 306 305 305 306 307 307 306 306 305 307 309 308 307 304 300 301 303 303 302 302 305 308 308 311 312 314 316 318 316 314 317 320 319 323 326 327 327 325 326 328 326 322 322 323 319 316 320 318 316 311 311 313 320 319 315 315 317 316 312 313 316 315 317 318
313 313 313 312 310 310 309 309 307 305 303 305 306 306 306 307 308 307 308 309 310 307 307 305 307 308 309 308 306 302 299 300 304 308 309 308 311 313 313 313 313 316 319 321 321 321 322 324 326 328 331 329 325 325 326 326 324 322 322 321 321 320 319 317 315 317 317 317 315 313 314 314 310 309 311 315 318 318 320
314 313 314 314 312 312 311 310 309 307 306 307 308 308 308 309 309 310 310 310 311 310 309 305 304 306 308 309 307 307 305 308 307 309 312 314 313 314 316 317 316 318 320 322 323 324 326 327 328 328 330 330 325 323 325 326 326 325 322 321 322 320 320 318 316 316 317 320 318 317 317 317 314 312 313 315 317 319 320
314 315 315 315 315 314 313 312 311 310 309 309 310 310 309 309 310 310 312 312 313 313 310 308 308 309 308 310 309 306 309 309 310 311 312 313 315 316 318 320 321 320 320 322 323 324 326 329 328 328 328 328 326 327 327 326 327 326 325 322 321 320 321 319 322 323 322 324 323 319 320 320 320 317 316 318 319 320 321
314 315 316 316 316 315 314 313 313 312 310 310 310 311 309 310 311 311 310 313 313 312 310 305 306 310 311 311 310 311 311 312 313 312 312 312 313 316 319 321 323 322 321 320 322 324 326 327 329 329 328 328 329 329 328 327 327 328 325 322 319 317 319 324 326 328 326 327 326 323 318 322 323 320 320 320 321 322 323
314 314 316 317 317 317 315 313 313 313 311 312 311 312 310 311 313 312 311 311 313 314 311 308 310 311 313 314 313 314 314 313 313 314 314 313 314 317 319 320 322 324 323 321 323 325 325 326 325 326 328 328 328 330 330 329 328 328 323 317 315 317 323 329 330 329 328 329 330 327 320 320 324 324 322 322 322 323 323
313 314 316 317 317 317 317 314 313 314 313 313 313 314 312 313 314 313 313 313 313 313 314 311 310 314 316 317 316 315 316 315 314 316 317 315 315 316 318 320 321 323 324 323 322 322 323 323 324 325 324 325 328 329 328 327 328 328 322 320 322 327 332 334 334 329 333 333 332 330 323 326 326 327 325 324 323 324 323
313 314 315 316 317 316 317 316 315 313 315 315 313 314 315 313 315 315 316 315 315 315 315 313 313 316 318 319 317 316 317 316 315 313 317 318 317 318 318 319 321 323 324 325 324 323 323 323 322 321 323 326 327 326 326 327 327 326 328 328 331 332 331 328 331 335 335 335 333 333 327 328 330 330 327 327 328 328 326
315 315 314 315 316 316 316 316 316 316 316 316 315 314 316 315 316 318 318 317 316 317 318 315 314 315 318 320 319 317 318 317 315 315 317 319 319 319 319 320 320 322 323 326 326 326 326 325 324 323 324 325 325 324 324 323 324 325 330 333 325 324 325 327 330 331 333 336 336 336 333 330 332 333 332 330 328 326 324
316 316 316 315 315 315 316 316 316 317 317 317 317 316 317 318 318 319 320 319 318 319 322 319 316 316 318 320 321 319 319 319 314 316 316 317 319 321 320 321 321 321 323 325 326 326 327 328 328 326 324 324 323 321 320 318 319 326 329 329 326 323 324 327 328 329 331 333 334 336 337 336 335 333 332 329 326 325 323
316 316 316 316 316 315 315 315 314 314 315 316 317 317 318 320 320 321 321 321 320 320 322 322 319 318 318 320 321 321 321 319 318 318 318 318 319 320 322 322 323 323 323 322 322 323 324 327 328 329 327 326 322 318 317 318 321 323 326 327 324 322 325 325 325 328 331 332 333 334 335 336 334 332 331 329 327 325 323
313 314 315 316 316 317 317 316 315 316 316 317 316 316 316 317 319 319 320 322 323 323 323 324 321 321 319 319 320 322 322 321 319 319 318 318 318 320 321 322 324 325 325 324 323 323 324 324 325 329 329 328 324 321 319 320 323 324 322 322 322 324 325 327 327 328 331 333 333 334 334 334 334 332 331 329 327 325 323
311 312 314 315 316 316 317 318 316 317 318 319 319 318 318 318 318 318 319 320 321 323 324 326 324 323 320 319 320 322 323 323 321 321 320 319 318 318 319 320 322 324 326 327 325 325 321 311 317 322 328 330 328 324 321 319 321 325 325 325 324 326 327 328 330 331 332 334 334 335 335 334 334 333 331 330 328 326 323
311 313 314 315 315 316 316 318 319 319 320 321 321 322 321 321 321 321 322 321 320 321 322 324 326 326 323 324 322 323 323 325 324 324 323 322 320 317 317 318 319 322 325 328 328 327 324 315 320 326 331 333 332 328 323 320 322 324 326 328 327 327 328 330 331 332 333 334 335 335 335 336 334 333 332 330 328 326 323
310 311 312 312 314 315 316 317 317 317 318 318 319 321 323 323 323 323 324 324 323 324 326 326 327 330 327 327 326 325 325 326 327 326 326 321 317 316 314 315 316 320 323 327 330 330 328 323 319 325 330 334 336 330 324 319 319 323 326 328 330 330 330 331 332 333 334 335 336 336 336 335 335 333 332 331 328 326 323
308 309 310 311 313 314 315 314 314 315 316 317 318 318 320 320 323 324 326 328 328 327 330 330 331 333 332 330 330 328 328 328 328 329 325 320 319 318 315 318 319 320 321 325 329 333 333 331 329 328 334 339 338 331 325 319 319 322 325 328 329 331 332 333 334 334 335 335 336 336 337 336 335 334 332 331 329 326 324
307 307 309 309 311 312 312 312 314 315 315 317 318 320 321 322 323 325 327 329 331 330 332 334 337 337 337 334 333 332 332 331 330 329 329 324 322 319 316 320 319 322 323 325 329 334 335 327 334 337 342 344 340 336 328 321 321 324 328 329 331 332 333 334 334 335 336 337 337 337 338 337 335 334 333 332 329 327 324
309 307 306 306 308 311 310 312 314 315 317 318 319 319 320 322 324 327 328 330 333 335 337 338 340 341 338 334 332 333 328 326 327 330 332 329 326 321 321 322 322 323 326 328 329 333 340 336 335 338 341 346 342 340 332 322 324 327 328 330 332 333 334 335 335 336 336 337 337 338 338 338 336 335 334 332 330 328 326
311 310 308 308 311 313 313 314 314 315 316 317 317 318 320 322 323 324 324 326 329 332 336 337 336 336 335 329 329 325 320 318 321 324 325 328 328 327 324 325 327 329 330 333 334 337 337 342 344 346 345 345 346 344 337 327 326 329 331 332 334 334 335 335 336 336 337 337 338 338 338 338 337 335 334 333 331 329 327
313 314 313 313 313 315 317 318 317 317 319 319 320 321 321 321 322 321 322 323 326 328 332 331 331 332 330 324 321 317 315 312 314 317 319 323 324 320 327 326 324 328 329 329 331 333 337 344 346 350 350 346 346 347 344 335 328 330 332 334 335 336 336 337 337 337 337 338 338 339 339 339 338 336 335 333 332 330 328
315 316 316 317 317 317 319 320 320 319 320 322 322 323 324 323 322 322 324 326 327 329 328 325 324 325 323 317 314 311 312 311 313 316 320 320 317 319 321 319 322 324 323 325 330 334 337 340 342 346 349 348 349 347 345 342 332 330 332 334 335 336 337 338 339 339 339 339 339 339 339 339 338 337 336 334 333 331 329
316 318 319 319 320 320 320 322 323 323 323 323 324 325 326 326 326 326 327 327 326 326 322 318 316 317 317 313 310 311 312 314 316 316 314 313 316 317 318 317 317 317 319 323 328 327 333 336 336 335 335 339 340 344 345 343 339 331 332 334 336 337 337 338 339 339 340 340 340 340 340 339 339 338 336 335 333 332 330
313 312 310 302 305 307 315 322 323 325 325 326 326 327 327 325 325 325 325 323 324 323 320 314 310 311 311 309 311 312 313 313 310 308 306 309 313 313 309 309 302 297 295 301 312 316 326 330 334 331 329 329 333 335 337 343 343 334 332 335 337 337 338 339 339 340 340 341 341 341 341 340 340 339 337 336 334 333 332
314 316 310 307 312 316 315 317 324 325 326 327 328 327 324 322 323 321 321 321 322 318 317 312 307 308 310 310 311 310 310 307 304 302 305 306 301 293 282 276 279 294 308 301 300 315 320 327 332 332 330 325 324 328 332 336 338 340 333 335 336 337 338 339 340 340 340 341 341 341 341 341 340 339 338 337 336 334 333
314 316 319 320 322 324 323 322 325 325 326 328 328 326 321 318 319 319 319 319 320 316 316 313 310 310 310 309 307 307 307 303 302 303 300 292 284 274 268 272 291 303 298 297 311 323 324 328 330 332 331 329 325 324 326 331 334 338 338 335 336 337 338 339 340 340 341 341 341 341 341 341 341 340 339 338 337 336 335
313 315 314 319 322 325 327 327 328 327 328 329 328 325 319 316 316 318 320 320 318 314 313 310 307 308 306 304 305 305 303 294 291 287 283 287 279 269 265 268 289 305 312 315 318 323 326 329 330 331 331 330 327 322 324 328 332 337 340 338 336 337 338 339 339 340 340 341 342 342 342 342 342 341 340 339 338 337 338
315 317 319 320 321 319 328 330 324 328 330 329 326 323 320 316 316 317 319 317 313 310 309 306 306 307 303 295 286 278 279 263 261 257 261 258 264 268 265 287 300 308 313 312 316 321 323 326 327 331 333 333 329 324 322 325 329 332 334 340 337 337 338 338 339 340 341 342 342 342 342 342 342 342 341 341 340 339 338
318 320 323 324 326 325 327 331 331 331 330 328 325 322 318 315 314 316 317 317 311 303 286 289 302 303 297 268 269 284 295 282 277 272 274 274 269 277 280 298 307 307 309 311 316 319 321 325 328 331 333 335 332 328 325 323 327 331 333 337 340 339 337 338 339 340 341 342 342 342 342 343 343 343 343 342 342 341 341
321 322 324 327 328 330 330 332 333 331 328 326 324 320 316 314 314 314 317 316 307 292 284 298 301 298 296 294 298 299 295 287 282 279 279 283 283 290 297 301 301 304 309 312 315 317 320 323 327 329 332 334 335 332 328 326 325 329 333 335 335 340 340 338 339 340 341 342 343 343 344 344 344 344 344 344 344 343 343
323 324 325 327 329 331 332 333 331 329 326 324 322 318 317 315 314 313 314 314 303 297 300 299 297 293 292 294 296 294 291 281 276 274 271 276 289 299 304 307 304 308 312 315 316 317 320 323 326 328 330 331 333 334 331 328 327 328 332 335 335 340 340 339 339 341 342 343 343 344 344 344 345 345 345 345 345 345 345
