Part_1_SDMs/env_data/present_climate/bioclim_7.asc
NCOLS 888 
NROWS 876 
XLLCORNER -19 
YLLCORNER -35 
CELLSIZE 0.0833333333333333 
NODATA_value -32768 
[rows 805 to 839 of 876, columns 474 to 552 of 888]
322 322 324 324 325 326 326 326 326 326 325 325 323 322 321 321 319 318 317 316 315 315 317 317 318 318 317 319 319 320 319 321 322 323 324 325 326 329 331 330 330 330 329 328 328 327 325 324 325 326 324 321 318 317 314 315 315 315 316 316 315 315 315 315 314 311 307 304 307 318 320 319 318 316 313 310 307 303 301
322 323 325 326 327 328 329 329 328 328 327 325 324 323 322 321 320 319 319 319 318 319 319 319 320 319 319 320 320 320 321 321 323 323 324 325 326 327 329 329 328 329 328 327 327 325 323 323 324 323 321 321 318 316 314 313 314 313 313 313 313 314 314 314 313 312 309 307 308 314 316 315 315 313 311 309 304 300 301
323 325 325 327 327 329 330 332 330 330 329 327 326 325 324 323 323 321 320 321 321 321 322 322 322 322 322 322 321 321 322 323 323 323 323 324 325 326 327 329 329 328 327 327 327 325 324 323 324 323 321 320 317 315 313 312 311 312 311 311 312 312 313 313 313 312 311 311 311 312 313 313 313 311 310 308 304 300 299
325 326 327 328 329 330 332 333 332 331 330 328 328 326 326 326 324 324 324 324 324 324 324 325 325 326 324 322 323 324 323 323 322 321 322 322 323 325 326 327 327 327 327 327 325 325 324 324 324 323 320 319 317 315 313 311 310 310 311 311 311 312 313 313 313 313 313 313 313 313 313 311 311 310 309 308 304 301 300
326 327 328 328 330 330 332 332 333 333 332 330 329 329 327 327 326 325 325 325 326 326 325 326 328 327 325 325 325 326 324 322 321 320 320 321 322 323 325 326 327 327 327 327 326 326 326 325 325 323 321 319 317 315 313 310 309 310 311 311 312 313 314 315 315 315 316 316 315 315 314 311 311 310 310 306 303 302 302
326 327 329 329 330 331 332 333 333 333 332 331 331 330 329 328 327 327 327 327 327 328 328 328 329 330 330 328 329 327 324 321 319 318 318 319 321 322 324 326 327 327 327 327 328 329 328 327 326 324 321 319 317 315 313 311 309 309 311 311 314 314 315 316 317 317 318 317 317 315 313 313 311 309 309 305 301 301 299
327 328 330 330 332 332 333 333 335 333 333 333 332 331 331 330 329 329 329 328 328 329 329 329 329 330 333 332 330 327 324 321 318 316 316 317 321 323 324 326 327 328 328 328 330 330 329 328 327 325 323 320 318 315 314 312 312 311 312 313 313 315 316 317 318 319 319 321 320 318 315 313 310 308 308 305 303 303 303
328 329 331 332 333 334 335 335 335 335 335 335 334 333 332 332 331 330 331 331 330 330 331 331 331 329 332 334 331 327 323 320 317 314 314 317 320 323 326 327 328 328 329 329 331 332 331 330 329 326 324 322 319 318 315 313 313 312 312 314 314 315 316 318 319 320 321 321 320 317 314 312 309 309 308 307 305 306 299
329 330 332 333 334 335 336 336 336 336 336 335 335 334 334 334 333 332 332 331 331 330 331 330 332 333 331 329 331 327 323 320 316 313 312 317 321 325 327 329 330 330 331 331 333 333 334 333 331 329 326 323 321 319 318 316 315 314 314 314 315 316 317 319 319 320 321 322 321 317 315 313 309 308 308 307 307 305 300
330 331 333 334 334 335 336 337 337 337 337 337 336 337 336 336 335 335 333 334 333 333 332 331 332 332 332 330 329 327 324 320 317 314 313 317 323 326 329 331 331 331 333 334 334 335 335 335 333 330 327 325 323 321 320 318 317 316 316 315 316 317 319 319 320 320 320 320 319 318 315 312 310 309 308 306 307 301 293
332 333 334 335 335 336 336 337 338 338 338 338 337 338 337 337 336 335 336 335 335 334 334 332 332 331 332 330 328 326 325 322 319 317 318 319 323 328 331 332 333 333 335 335 337 338 338 338 337 334 330 327 326 325 322 320 319 318 317 317 317 318 319 320 320 319 319 318 318 317 313 312 310 310 309 308 306 299 292
333 333 335 335 337 337 338 337 338 338 338 338 338 338 338 338 338 337 337 336 335 334 334 332 333 332 331 330 328 327 325 323 321 320 320 322 325 329 331 332 333 334 335 337 338 341 341 342 343 341 336 331 330 327 325 323 321 320 319 317 318 318 319 321 320 319 318 317 317 315 314 313 312 311 309 308 306 302 295
333 334 335 336 336 337 337 338 338 338 338 338 339 339 340 339 339 338 337 336 336 335 335 333 333 332 332 330 329 328 326 324 323 322 322 324 326 328 329 331 332 334 336 338 340 343 345 346 347 347 342 338 334 332 329 326 323 321 320 319 318 317 318 318 318 318 318 317 316 315 315 314 312 311 310 309 304 298 295
334 335 335 336 336 336 337 338 338 339 338 336 337 339 340 340 339 339 338 337 336 336 335 334 333 332 332 331 330 329 327 325 324 324 324 325 326 328 330 330 332 333 336 339 341 345 349 350 350 349 345 342 338 334 332 329 326 323 321 318 317 317 316 317 317 317 316 317 317 315 314 314 313 312 311 308 305 299 295
334 335 335 335 337 335 335 337 337 337 338 336 337 339 339 340 340 338 338 337 336 335 335 334 333 331 330 330 329 328 328 327 326 325 325 325 326 327 328 329 330 332 335 338 342 345 350 352 353 351 349 346 342 338 334 331 327 323 320 318 316 316 315 314 316 315 315 316 316 315 315 315 314 313 312 308 304 298 295
335 335 334 334 335 335 336 336 336 337 337 337 337 338 339 340 340 338 337 336 334 333 334 333 331 330 330 330 330 330 328 328 327 326 326 325 326 326 327 327 328 331 333 338 342 344 350 353 355 353 351 347 345 341 337 334 328 322 318 316 313 313 313 313 313 313 314 314 315 315 315 315 314 312 311 308 306 301 299
334 333 334 334 334 334 336 336 336 336 336 337 337 338 338 338 338 336 336 335 334 333 333 332 332 331 331 330 330 330 330 328 327 326 326 325 325 326 326 326 326 329 332 335 340 344 349 353 353 352 350 349 346 343 339 333 327 322 316 313 311 310 310 311 312 312 313 314 315 315 315 315 314 312 311 309 306 304 301
332 332 333 332 334 334 336 335 336 335 336 336 336 337 337 336 335 335 334 333 333 333 332 331 330 330 330 330 331 329 330 329 328 327 327 325 324 324 324 325 324 324 326 331 336 340 343 347 350 349 348 348 347 345 342 336 328 320 313 306 305 307 309 311 312 312 313 314 314 315 315 315 314 312 312 310 308 306 304
330 331 333 332 333 333 333 333 334 335 335 335 334 333 334 332 333 332 332 331 331 331 329 330 330 330 330 330 331 330 330 328 329 328 326 326 324 324 322 323 322 322 322 327 332 337 340 343 344 345 346 346 346 347 347 341 333 322 312 303 301 306 310 314 314 314 314 314 315 314 315 314 313 313 311 310 308 307 304
329 330 330 330 331 332 331 330 332 332 333 332 331 330 330 329 330 330 330 329 329 328 328 328 329 329 329 330 331 330 330 329 328 328 327 325 323 323 322 321 321 320 322 325 329 334 336 337 338 340 341 342 345 347 349 344 335 323 314 308 305 307 312 315 316 315 315 314 315 314 314 314 314 313 311 310 308 307 304
325 327 329 329 330 329 330 330 328 329 329 327 326 328 329 329 326 324 325 326 326 327 326 326 327 329 329 331 331 331 330 329 329 329 328 325 324 322 322 321 321 320 321 324 327 329 331 332 332 333 336 337 340 343 343 340 332 323 316 310 308 310 314 318 316 315 314 313 314 315 314 314 314 313 312 310 308 306 303
323 324 326 327 327 328 328 328 327 326 325 324 321 323 325 326 323 319 321 324 322 324 324 325 326 328 330 330 331 331 330 329 329 328 327 325 323 322 322 321 320 320 322 323 325 326 328 328 326 326 330 332 334 337 336 332 328 321 314 309 307 308 310 314 313 312 313 313 313 314 314 314 313 314 314 311 308 304 302
321 323 324 324 324 325 325 325 323 322 323 321 320 321 321 321 319 319 319 321 321 322 323 324 326 328 329 330 331 330 330 331 330 328 327 326 324 323 322 321 320 320 320 321 323 324 325 324 322 322 324 327 329 330 328 325 322 317 312 306 305 302 299 306 306 308 311 311 312 313 313 313 313 315 311 312 310 305 301
319 321 323 323 323 323 323 321 321 322 324 321 321 321 321 320 320 318 318 319 320 321 322 322 326 328 329 329 331 331 330 331 330 329 327 326 324 322 321 320 319 319 319 320 321 322 323 322 320 319 320 322 323 324 321 318 316 312 308 302 298 294 292 296 301 304 307 309 311 312 312 313 313 314 313 314 310 305 299
318 320 321 322 322 321 321 321 323 324 324 322 321 320 321 321 320 319 319 319 320 321 321 323 325 327 328 329 329 330 331 332 331 329 327 326 324 322 321 319 318 319 318 319 319 319 320 320 319 317 317 318 318 317 313 312 311 309 303 299 293 290 288 291 295 301 305 307 309 310 310 310 311 311 310 312 308 302 297
315 318 320 320 321 321 322 323 323 324 323 323 322 320 321 321 319 319 319 320 321 321 321 322 324 325 326 328 330 330 332 332 331 329 327 326 323 321 319 318 317 317 316 316 316 316 316 316 315 314 314 314 314 312 308 308 306 304 301 297 292 289 290 290 294 298 303 307 308 308 307 307 306 305 306 307 303 298 294
313 315 318 319 319 319 321 324 323 323 324 323 321 319 320 320 319 318 320 320 319 321 321 322 323 325 326 328 329 330 332 332 331 329 326 324 322 320 318 317 315 315 314 314 313 313 313 312 312 311 311 309 308 308 306 305 305 301 300 299 297 295 295 292 294 295 296 304 304 304 304 303 302 304 303 300 296 291 290
311 313 318 318 320 321 322 322 322 323 323 322 321 319 319 320 318 318 320 320 320 321 320 321 323 323 325 326 326 328 329 332 330 328 325 323 320 318 316 315 313 312 311 311 310 309 309 308 308 308 306 304 303 304 304 303 302 301 300 300 299 298 298 294 293 295 295 296 299 298 298 298 297 299 297 293 289 284 283
311 313 316 315 318 320 321 321 321 322 321 322 320 320 320 319 319 318 318 318 319 320 321 320 319 321 321 323 322 323 326 328 327 324 322 320 317 316 313 312 311 310 309 307 307 306 306 305 304 304 302 302 301 301 301 301 300 300 300 299 298 298 297 297 294 294 295 293 293 293 294 292 290 290 285 279 273 266 273
312 313 314 314 316 317 319 320 321 321 320 320 320 320 318 318 318 317 317 316 317 318 318 317 317 317 318 319 318 318 320 322 322 320 318 317 314 312 311 310 308 307 305 304 304 303 302 301 301 300 299 299 299 299 298 299 298 298 298 298 298 296 294 294 293 292 292 288 288 287 286 286 282 278 272 264 258 253 256
309 313 314 316 316 316 318 319 319 318 318 318 319 319 317 317 316 316 315 314 313 314 314 313 313 313 314 315 315 315 316 317 315 315 314 313 312 310 308 307 305 303 302 300 300 298 299 297 296 296 295 295 294 294 295 295 296 296 294 296 295 294 293 292 290 290 286 284 285 282 282 281 278 272 271 265 257 255 250
307 311 314 316 315 316 316 316 317 317 316 317 318 317 317 316 315 313 312 312 310 311 310 309 309 310 310 310 311 311 312 312 310 310 311 309 309 307 305 303 302 301 298 296 296 294 294 292 291 291 291 289 287 290 289 290 292 293 294 295 294 294 292 290 289 288 281 283 282 280 280 276 274 270 264 259 254 251 250
308 310 311 315 316 314 314 316 316 315 315 316 316 316 315 313 312 312 310 309 308 307 305 304 305 306 305 306 305 306 306 306 306 306 306 305 305 304 303 302 299 297 295 293 293 292 291 290 288 289 286 286 286 286 286 288 290 292 293 293 292 291 287 286 287 287 282 280 278 274 275 273 269 269 263 258 252 251 253
306 308 310 313 314 315 315 315 315 314 314 314 314 314 312 311 311 309 307 306 304 304 302 301 302 301 301 301 301 300 300 301 302 302 301 301 301 301 300 298 296 294 292 291 290 289 288 287 287 285 284 284 282 283 285 286 287 289 291 293 291 287 282 283 284 284 282 280 274 271 271 271 270 267 263 262 257 252 246
303 305 307 311 313 314 314 314 314 313 312 311 313 311 309 308 307 305 304 303 301 300 299 298 298 297 297 296 295 294 294 295 297 296 297 298 298 297 296 295 294 292 290 287 286 285 285 283 282 281 281 281 280 279 282 283 284 286 288 291 292 287 283 282 282 282 280 276 272 268 268 268 266 263 262 261 258 250 246
