Part_1_SDMs/env_data/present_climate/bioclim_18.asc
NCOLS 888 
NROWS 876 
XLLCORNER -19 
YLLCORNER -35 
CELLSIZE 0.0833333333333333 
NODATA_value -32768 
[rows 455 to 489 of 876, columns 474 to 552 of 888]
495 498 501 501 500 500 500 500 497 495 494 495 495 495 496 498 500 503 509 512 517 520 520 515 511 506 505 503 497 497 495 490 494 493 494 532 481 477 522 473 517 515 511 511 509 508 507 503 503 503 502 500 461 461 463 464 503 462 463 463 463 467 470 472 474 532 535 537 540 542 544 545 548 554 553 553 554 551 551
497 500 503 506 506 506 504 502 502 499 496 497 497 497 500 501 504 504 508 513 518 520 515 516 511 507 503 502 499 494 496 493 487 487 490 488 482 480 520 519 516 513 511 511 510 508 507 506 505 505 505 504 503 501 465 465 506 507 508 511 513 519 475 474 479 479 536 539 540 543 545 546 551 551 553 552 550 549 550
500 503 506 509 511 510 508 506 503 501 500 498 499 501 501 503 502 507 506 510 514 516 515 512 510 506 502 501 499 495 492 492 490 487 488 486 482 523 520 519 517 515 512 512 510 509 509 508 507 506 507 507 504 504 504 469 469 470 469 514 515 520 525 529 530 534 536 540 541 541 543 546 550 551 553 550 547 547 548
501 504 507 510 514 513 508 548 502 502 499 499 498 498 500 503 502 504 506 506 508 510 510 509 507 505 501 499 496 494 491 490 484 484 525 523 522 520 519 519 517 515 512 511 511 510 509 509 508 509 508 509 507 506 507 508 472 473 514 476 518 522 526 532 534 535 536 540 542 543 542 548 549 548 545 548 546 541 543
498 503 506 508 512 512 508 503 499 496 495 547 495 495 550 498 500 501 503 505 503 504 503 501 500 498 495 494 488 485 524 485 484 482 521 521 520 520 519 519 517 515 513 510 510 510 510 510 511 510 511 510 508 509 509 510 512 514 517 479 521 524 527 531 536 537 540 541 542 545 546 546 547 545 545 543 540 541 541
500 503 506 508 510 551 551 549 499 495 545 545 544 546 546 494 495 495 497 499 501 501 497 495 493 490 527 488 481 519 482 520 481 480 518 518 518 519 518 519 517 515 514 512 511 510 510 510 511 511 510 509 510 510 510 511 479 516 518 520 525 528 530 531 537 540 541 542 545 546 546 545 545 545 542 543 544 545 544
501 505 508 508 507 550 507 551 500 548 547 547 545 486 486 488 489 542 491 541 494 536 532 529 526 523 518 480 514 514 515 479 479 515 479 480 518 519 520 519 518 516 516 514 510 509 509 509 510 510 510 511 512 512 513 515 516 519 520 523 529 533 535 535 538 540 542 543 546 549 550 548 547 544 545 542 540 543 545
503 505 509 507 505 549 549 550 548 548 548 546 545 544 486 540 484 536 484 486 531 527 524 521 519 513 475 508 508 508 510 477 511 478 514 516 517 519 520 518 518 518 517 514 512 509 509 510 511 511 512 513 513 514 516 517 519 522 522 524 527 532 536 537 539 540 543 544 547 550 551 551 501 548 549 548 543 544 546
505 508 508 508 507 549 548 548 546 546 545 544 544 485 540 539 487 533 531 527 524 477 516 512 509 505 502 500 501 503 504 507 508 511 513 515 517 519 519 519 519 518 516 515 514 510 511 513 514 512 514 515 515 515 518 519 522 523 524 526 530 533 536 539 540 541 545 546 549 550 553 550 551 548 549 549 554 553 551
507 509 554 508 506 550 499 547 546 544 542 542 541 540 539 537 534 531 527 523 519 514 509 505 500 496 493 493 495 468 500 502 505 508 512 514 516 517 520 520 520 519 517 517 516 514 511 512 513 514 515 516 517 517 519 520 523 525 527 528 533 535 537 539 542 545 546 548 549 551 553 553 551 549 549 548 556 560 555
506 509 553 509 506 551 549 549 546 544 542 540 538 538 536 534 531 529 525 520 515 511 505 499 493 487 484 486 489 491 469 500 503 507 510 513 517 519 520 521 521 520 520 518 517 517 514 512 514 515 516 517 517 519 520 522 525 528 528 531 533 537 540 542 544 546 512 549 552 553 554 554 552 552 551 552 549 559 560
506 508 553 553 508 552 550 548 546 545 543 540 537 534 533 530 527 523 520 517 513 507 501 494 487 456 455 457 484 489 493 496 500 505 510 514 517 519 521 523 524 523 521 520 519 516 517 515 514 515 517 518 519 520 523 524 527 529 531 533 534 539 542 544 546 548 549 552 553 556 556 557 556 553 551 551 546 543 544
510 508 508 552 506 506 550 549 547 545 541 539 538 533 529 529 526 521 517 513 509 504 499 491 460 456 456 458 482 486 491 495 499 505 509 512 516 520 522 524 524 522 521 522 520 518 518 518 516 516 517 519 520 523 524 525 528 530 532 535 536 539 544 546 548 551 554 556 558 558 557 558 557 557 554 552 550 546 542
512 513 509 507 551 503 548 548 546 545 542 539 537 533 528 527 523 521 516 511 507 502 498 490 486 481 458 461 483 466 491 474 499 502 507 512 515 519 523 504 524 522 523 522 521 521 519 519 517 517 517 518 520 522 525 527 529 531 535 536 539 540 545 548 551 554 556 559 562 560 561 562 563 527 559 556 553 553 548
515 514 513 510 552 550 548 546 544 542 541 538 536 533 529 524 521 518 515 510 505 501 496 492 488 483 481 482 486 487 490 494 499 503 506 510 514 497 502 525 524 522 522 522 522 520 519 518 519 518 518 519 520 523 526 528 529 533 535 538 541 542 546 551 554 556 559 562 563 563 564 565 566 567 567 568 564 560 550
521 518 514 554 552 550 549 547 544 541 539 537 535 533 528 524 520 516 512 509 505 499 496 493 489 486 485 485 487 489 491 495 498 502 506 510 497 517 519 520 521 522 521 519 519 520 520 518 520 520 520 520 520 523 526 528 530 533 536 538 542 545 546 552 556 560 562 538 563 566 570 542 571 573 576 573 560 555 556
524 522 518 513 552 550 548 546 544 542 539 535 533 531 528 524 520 515 512 507 503 499 496 493 491 489 487 487 488 490 493 495 498 503 506 510 512 514 517 518 517 519 517 518 518 518 520 519 521 519 519 519 521 522 525 528 531 533 536 540 543 548 549 551 559 562 563 566 568 570 571 572 575 578 569 566 564 570 566
524 559 520 516 511 550 548 545 543 540 538 537 533 530 527 525 521 517 512 507 504 501 497 495 492 490 489 471 490 491 494 496 498 502 505 508 510 512 514 516 515 515 514 515 517 518 519 520 522 520 519 520 520 522 523 527 531 534 537 540 543 548 551 553 558 564 565 569 571 575 579 576 550 573 572 572 566 571 577
524 522 556 554 514 549 548 547 543 540 538 536 533 530 526 523 521 516 512 509 504 500 497 495 493 491 491 491 491 493 493 497 499 502 504 506 509 510 511 513 514 514 514 514 513 515 517 516 516 519 519 518 519 522 524 525 530 534 537 541 545 549 554 555 560 564 568 573 578 578 580 581 584 582 583 552 575 577 584
522 521 554 554 516 548 545 545 543 541 538 534 533 530 527 522 520 517 512 509 506 501 498 497 494 492 491 492 492 492 495 496 499 501 503 505 507 507 509 510 511 512 511 512 512 512 513 513 513 515 517 517 519 521 524 525 530 533 537 541 545 549 554 556 561 567 573 578 581 581 585 587 594 590 587 587 560 586 588
518 519 552 552 549 513 544 544 542 540 538 535 532 530 526 524 520 517 514 511 508 504 500 497 495 494 493 492 493 494 495 497 498 501 502 503 504 506 507 507 507 509 510 509 508 512 513 513 512 513 516 516 518 521 522 523 528 533 536 541 544 549 555 556 563 569 573 583 587 586 589 595 602 603 592 587 583 559 578
550 516 549 548 547 546 545 542 541 541 538 535 532 529 527 523 520 516 514 512 508 505 502 498 495 495 493 494 494 494 495 496 498 499 501 502 503 504 505 504 505 506 508 508 505 508 511 512 512 512 519 515 517 518 521 522 527 531 535 539 544 549 555 558 565 570 576 582 590 591 594 607 613 611 597 591 589 562 579
547 547 513 544 544 545 543 541 539 539 538 535 532 529 528 525 522 518 514 511 509 506 503 499 496 494 494 494 494 495 496 493 498 499 500 504 502 503 502 502 502 503 504 504 503 505 508 508 509 511 513 513 517 517 517 519 523 529 534 537 543 549 552 558 567 572 578 586 593 596 599 606 615 610 602 598 601 578 565
517 544 513 510 541 541 540 540 538 537 535 535 532 529 526 526 522 517 515 511 508 505 501 498 497 495 493 493 493 494 495 496 497 500 499 499 500 500 500 499 500 500 500 501 500 503 505 505 507 509 511 513 513 513 515 517 522 526 531 535 542 545 550 556 566 573 580 587 594 602 606 608 612 610 603 602 605 602 601
541 542 542 540 539 537 539 539 539 537 534 534 533 530 527 525 522 519 515 511 508 505 501 498 496 495 493 494 493 494 495 497 497 498 498 498 498 498 497 497 497 496 498 498 498 500 502 504 505 506 507 507 508 511 513 515 518 523 528 533 538 543 549 555 566 572 582 591 596 603 609 617 619 611 608 606 589 598 590
538 541 538 537 537 536 536 536 535 536 536 534 532 530 528 524 522 520 516 512 507 505 501 498 496 494 493 491 492 493 494 495 497 498 498 497 495 496 495 494 494 493 494 494 494 496 498 500 503 504 508 504 505 506 509 512 515 519 524 530 535 540 545 554 563 572 582 594 599 606 613 618 619 625 617 612 608 588 594
536 538 536 535 536 537 535 533 534 533 533 533 530 530 528 525 522 520 517 512 508 504 501 497 494 492 491 490 491 492 493 496 497 498 497 496 494 492 491 490 490 491 491 491 492 491 492 494 496 501 503 503 502 504 507 508 512 515 521 526 531 536 542 552 560 570 581 594 604 612 618 621 622 623 612 605 599 593 589
531 534 533 534 534 536 534 532 530 531 530 530 530 529 528 526 523 521 517 514 508 503 500 495 493 490 488 488 488 489 491 495 497 497 496 504 492 489 487 488 487 486 487 487 488 488 488 492 493 494 497 498 499 500 502 505 507 511 515 520 526 531 537 546 557 566 578 591 605 617 623 627 627 624 619 612 605 599 592
528 529 531 532 533 533 532 531 529 530 529 529 528 529 528 527 525 521 517 513 509 503 498 493 490 487 486 486 485 485 487 492 496 498 498 502 488 485 509 482 483 483 483 483 484 485 484 487 488 490 491 493 495 495 497 499 503 507 511 516 520 526 530 540 549 561 574 589 605 621 630 634 630 625 619 615 611 613 598
525 526 528 528 529 530 530 529 527 529 530 529 529 529 528 527 527 523 519 513 507 502 496 491 486 484 481 482 482 482 483 487 491 491 490 501 483 480 480 478 479 478 480 480 480 481 483 481 483 485 487 487 489 491 491 495 499 502 505 510 514 519 522 533 542 553 567 581 603 620 636 639 631 623 617 612 611 615 604
521 522 524 525 526 528 526 527 526 526 526 527 527 528 528 527 526 524 520 513 506 499 493 487 483 478 476 477 478 478 479 480 482 483 482 481 479 477 476 474 474 475 475 475 475 477 480 479 480 482 483 484 484 486 488 490 493 496 499 503 508 511 515 522 532 543 555 572 590 610 628 632 627 619 615 611 625 602 611
518 519 522 523 523 525 526 525 525 524 523 523 524 525 525 525 525 525 520 512 504 496 489 485 477 474 471 472 473 473 475 475 476 475 476 475 474 471 470 470 470 471 470 472 472 474 475 475 475 476 478 479 480 480 483 485 488 490 493 495 500 503 506 512 520 529 543 561 580 598 610 617 618 610 603 615 613 608 608
515 518 519 520 521 523 522 522 523 523 522 523 522 521 521 522 521 523 518 508 500 492 485 479 472 469 466 466 466 467 470 472 471 471 470 469 469 467 465 466 466 466 467 468 468 470 472 473 472 472 475 475 477 477 478 480 482 485 487 489 492 496 499 501 509 517 529 546 564 581 590 596 601 605 606 611 606 605 600
511 514 515 518 518 520 520 520 521 519 520 520 520 518 518 518 517 515 511 503 495 487 480 473 469 463 461 461 461 463 465 469 468 466 466 464 462 463 461 461 461 462 463 464 465 467 469 468 469 469 471 472 471 473 473 475 477 478 481 482 484 486 490 492 497 505 517 531 547 561 570 579 585 599 603 593 609 610 601
507 510 512 512 514 516 518 518 518 517 518 518 516 516 515 513 512 508 503 497 490 482 474 467 463 458 452 453 453 457 458 464 465 462 460 458 457 456 457 456 457 457 459 460 460 462 465 465 465 465 467 468 468 469 469 470 472 473 474 476 477 479 479 484 485 494 505 516 530 543 552 562 574 577 583 576 600 599 605
