Part_1_SDMs/env_data/present_climate/bioclim_8.asc
NCOLS 888 
NROWS 876 
XLLCORNER -19 
YLLCORNER -35 
CELLSIZE 0.0833333333333333 
NODATA_value -32768 
[rows 420 to 454 of 876, columns 395 to 473 of 888]
231 234 232 232 231 232 233 232 232 230 230 235 238 240 240 239 237 237 238 236 233 233 239 242 241 243 238 244 244 242 238 239 241 241 238 240 240 236 239 239 238 240 242 242 242 242 242 242 242 242 241 243 243 244 245 245 246 246 246 246 246 246 246 246 246 246 247 247 247 248 247 247 248 249 249 248 247 247 246
235 236 236 232 232 231 233 233 232 231 231 234 235 235 241 241 241 239 240 236 236 236 240 243 242 244 244 245 243 240 239 238 239 241 240 239 241 238 241 240 239 241 242 242 243 242 243 243 243 242 243 243 243 244 245 244 245 246 246 246 246 245 244 245 245 246 245 247 247 248 247 246 246 248 249 249 247 248 247
234 235 236 234 232 232 232 233 234 232 233 232 235 238 241 241 242 241 240 237 236 238 240 242 244 244 244 243 242 240 237 239 239 238 241 239 241 239 240 242 243 241 242 243 242 242 243 242 243 243 243 243 244 244 245 245 245 245 244 244 244 242 243 245 246 246 245 247 247 248 245 246 245 246 249 249 246 248 248
234 234 236 233 232 231 232 233 233 233 233 233 237 239 240 243 243 241 239 237 235 235 239 242 243 244 244 243 241 240 238 239 239 241 241 242 243 242 241 242 243 243 243 243 243 243 243 243 243 243 244 243 244 244 243 243 243 243 242 243 243 243 245 245 246 245 244 245 247 247 246 245 245 245 248 249 245 248 248
236 236 237 236 234 233 232 232 231 233 234 233 235 238 237 240 243 240 238 238 237 237 240 242 243 244 243 242 241 240 238 239 240 239 240 240 241 243 243 243 243 243 243 243 243 243 243 243 243 243 244 244 244 244 242 243 242 243 243 245 243 243 244 246 245 245 245 245 247 248 247 245 244 245 247 248 245 246 247
235 234 235 234 231 231 230 233 231 233 235 232 235 234 235 240 243 240 237 238 237 234 237 241 244 244 243 242 242 240 240 238 239 238 239 240 240 241 242 243 243 243 243 243 243 243 243 243 243 243 244 244 245 244 242 243 243 244 244 245 245 244 245 246 245 246 245 246 246 248 246 244 246 245 247 248 246 246 248
230 233 235 234 232 233 235 232 231 232 234 234 237 238 238 241 242 240 238 237 237 237 241 243 243 244 244 243 242 241 241 239 239 238 239 239 240 241 241 242 243 243 243 243 244 244 244 243 244 244 244 245 244 243 244 244 243 243 245 246 246 245 245 246 245 246 245 246 248 246 245 245 247 245 247 249 249 249 249
228 230 233 235 235 237 238 234 232 233 233 235 236 237 239 240 237 237 238 240 240 243 243 242 242 242 244 243 243 242 240 241 241 239 240 241 241 240 241 242 243 243 243 244 244 244 244 244 244 244 245 245 244 244 244 244 244 245 245 246 246 246 246 247 247 246 246 247 248 246 247 247 247 247 249 249 247 247 247
227 228 230 232 233 233 236 237 236 236 235 237 239 240 243 240 238 237 241 242 242 243 240 233 237 241 244 243 243 242 241 242 242 240 240 241 241 241 242 242 243 243 244 244 244 244 244 244 244 244 245 245 245 245 245 245 245 246 246 246 246 246 246 247 247 247 248 248 248 248 248 248 248 249 249 248 246 245 245
228 228 226 228 230 233 236 239 239 240 240 241 244 242 246 242 244 243 243 244 241 237 239 238 242 244 244 243 243 243 242 243 242 241 241 242 242 242 242 243 244 244 244 244 244 244 244 244 244 244 245 245 245 245 245 245 245 245 246 246 246 247 246 246 247 247 247 248 248 248 248 248 249 249 249 249 249 249 249
232 232 230 226 228 233 236 236 241 244 241 244 245 239 245 247 245 244 244 246 238 239 245 242 243 244 243 241 243 243 243 243 243 241 241 242 243 244 243 243 244 245 244 244 244 244 245 245 245 245 245 245 245 245 245 245 245 246 246 246 246 246 246 246 246 246 247 247 248 248 248 248 248 249 249 249 249 249 249
234 234 233 226 226 231 233 235 239 241 242 246 246 242 246 249 248 244 247 243 243 241 245 243 243 244 242 241 243 243 243 244 243 241 241 242 243 244 244 244 244 245 245 244 245 245 245 245 245 245 245 245 245 246 245 245 246 246 246 246 246 246 246 245 246 246 247 247 247 247 248 248 248 248 249 249 249 249 250
235 235 234 231 225 229 234 236 240 242 243 241 242 245 244 246 248 248 248 245 247 245 246 245 243 244 243 240 242 243 243 243 244 242 243 243 244 244 245 244 245 245 244 244 245 245 245 245 245 245 245 245 245 246 246 245 246 246 246 246 246 246 245 245 245 246 247 247 247 248 248 248 248 249 249 249 250 250 249
234 235 235 233 224 228 234 238 242 243 242 239 240 242 242 245 245 248 241 240 242 245 247 245 242 244 243 241 242 243 243 243 244 242 243 244 244 245 245 245 245 245 245 245 245 245 245 245 245 246 245 246 245 246 246 245 246 246 245 245 245 245 245 246 245 246 247 247 248 248 249 249 249 249 249 249 249 249 249
234 236 235 235 232 229 231 237 244 243 243 243 243 242 245 244 246 241 233 235 242 244 246 246 246 245 244 242 243 243 243 243 244 243 243 243 244 244 244 245 245 245 245 245 245 245 245 246 245 246 246 246 246 246 246 246 246 245 245 245 244 244 245 245 245 246 247 247 247 248 248 248 248 248 248 247 247 248 247
236 236 236 236 235 230 228 232 242 241 243 242 242 241 244 241 239 232 233 235 243 244 244 244 245 246 246 244 242 243 243 243 244 243 244 243 243 244 245 245 245 245 245 245 245 245 245 245 246 246 246 246 246 246 246 246 246 245 245 245 244 244 245 245 246 246 246 247 248 248 247 247 246 246 246 245 246 245 245
237 236 236 236 236 234 228 237 241 240 243 242 239 241 244 239 233 234 236 238 243 241 240 242 243 246 245 244 243 244 245 245 245 243 243 245 245 245 245 245 245 246 245 245 245 245 245 245 246 247 246 246 246 246 246 246 246 245 245 245 245 245 245 246 246 246 247 246 246 246 245 245 246 248 248 247 247 246 246
237 237 236 236 236 235 227 236 237 239 240 237 239 243 244 241 233 235 236 240 241 239 240 240 242 245 246 245 244 244 245 246 245 244 244 246 247 247 247 247 247 245 245 245 245 246 245 246 246 246 246 246 246 246 246 246 246 245 245 245 245 245 246 246 246 246 246 246 245 246 246 247 248 248 246 246 247 247 247
238 238 237 237 237 236 226 231 231 235 238 237 241 243 243 240 237 235 237 241 242 240 240 242 242 244 246 246 245 244 245 246 245 244 245 247 247 247 247 247 247 247 247 247 247 247 245 246 246 247 246 246 246 246 246 246 246 246 245 245 246 246 246 246 246 246 247 247 247 247 248 248 249 247 247 247 246 246 246
237 238 237 238 238 237 225 223 229 232 233 238 240 242 243 241 237 235 237 241 242 240 239 243 244 243 244 246 246 246 246 246 246 245 246 247 247 247 247 247 247 247 248 247 247 247 247 248 246 246 246 246 246 247 246 246 246 246 246 246 246 246 246 246 246 247 247 248 248 248 248 249 248 248 248 248 248 248 248
237 237 237 237 237 237 229 227 235 233 234 238 241 243 243 239 235 235 236 241 242 240 239 243 245 243 244 245 246 247 246 246 246 246 246 247 247 247 247 247 247 247 247 247 247 247 248 248 248 248 248 246 245 246 246 246 246 247 246 246 246 246 246 246 247 247 247 248 248 248 248 248 248 248 248 248 248 248 248
236 236 237 237 237 237 232 229 236 237 238 241 240 242 242 239 237 236 238 242 242 241 241 243 245 244 245 246 246 247 247 246 246 246 246 247 248 248 247 246 247 247 247 247 247 247 248 248 248 248 249 248 248 247 246 246 247 246 246 246 246 246 246 246 247 247 247 247 247 247 249 249 249 248 247 247 246 247 246
237 237 236 236 237 237 231 228 236 237 239 243 241 243 243 239 239 239 238 241 242 243 243 244 244 246 245 244 246 246 247 247 246 246 247 248 248 248 247 247 247 247 247 247 247 248 248 248 248 248 249 249 249 249 247 247 247 247 246 246 246 246 246 246 246 247 247 247 248 248 249 249 248 249 249 248 248 247 246
238 237 236 236 236 237 233 229 234 235 239 243 243 244 243 241 241 240 236 238 241 245 245 243 245 246 244 244 246 247 246 247 246 246 247 248 247 248 248 248 247 247 247 247 247 248 248 248 248 248 248 249 249 249 249 249 247 247 246 247 246 246 246 246 246 246 247 247 248 249 249 249 249 250 250 250 249 248 247
237 238 237 236 236 235 233 228 232 234 238 241 241 242 244 243 242 241 238 239 240 246 245 243 245 246 245 245 246 247 247 247 246 246 248 248 248 248 249 248 247 247 248 247 247 248 248 248 248 249 249 249 249 249 249 249 249 249 246 246 246 246 246 246 246 246 247 247 249 249 249 249 249 249 250 250 250 250 249
237 237 237 237 236 235 230 231 236 238 238 238 241 243 245 243 243 241 241 243 243 246 246 244 244 247 246 246 246 247 247 248 247 248 248 248 248 248 248 248 248 248 248 247 247 248 248 249 248 248 249 249 248 249 249 249 248 248 248 246 246 246 246 246 246 247 247 248 249 249 250 249 249 249 249 250 249 248 248
238 237 236 236 236 235 232 232 240 242 241 239 241 246 244 241 240 241 243 244 246 247 248 246 244 247 247 246 247 247 248 248 248 248 248 248 248 248 248 248 248 248 249 248 248 249 249 249 249 249 249 249 249 250 249 249 248 248 247 248 248 247 247 246 248 248 249 249 249 249 249 249 248 249 249 249 249 249 249
237 237 237 236 235 234 234 233 238 241 243 241 244 246 244 241 242 243 244 245 244 245 248 248 245 248 246 247 248 249 248 248 248 248 248 248 248 248 248 248 249 249 248 248 249 249 249 249 249 249 250 250 250 250 249 249 248 248 247 248 248 247 247 248 248 248 248 249 248 249 249 249 249 249 249 249 249 249 248
236 236 236 236 235 234 236 237 240 240 243 245 247 247 245 243 242 244 245 246 247 247 248 248 247 248 247 248 248 249 248 248 248 248 248 248 248 248 249 249 249 249 248 249 248 249 249 249 249 250 249 250 250 250 249 248 248 247 247 247 247 247 247 248 248 248 248 249 250 250 251 250 250 250 250 250 250 249 248
236 236 235 234 234 235 237 236 241 242 241 242 245 245 245 245 243 243 243 245 246 247 246 247 248 249 248 249 249 249 248 248 248 248 248 249 249 249 249 249 250 250 249 249 250 250 250 250 250 250 250 250 250 250 249 249 248 248 247 248 248 247 247 248 248 249 249 249 250 251 251 251 251 251 250 250 250 249 248
237 237 237 236 238 237 237 235 239 237 239 239 242 244 243 247 245 245 245 246 247 248 247 247 247 248 249 250 250 249 248 248 248 249 249 249 249 249 249 249 250 250 249 249 249 250 250 250 250 250 250 250 251 250 249 249 249 248 248 248 249 248 248 248 248 249 249 251 252 252 251 251 252 252 252 251 251 250 249
236 238 240 240 242 240 241 238 237 237 238 239 241 242 243 247 248 248 248 249 250 250 249 249 249 249 250 250 250 249 248 248 249 249 250 249 249 249 249 249 249 250 250 250 250 250 249 249 250 250 250 251 251 251 250 249 249 249 248 249 248 248 248 249 249 250 251 251 252 252 253 253 253 253 253 253 252 252 250
236 238 240 242 243 243 243 241 239 240 242 243 243 244 245 244 246 246 248 247 247 248 248 248 249 250 250 250 249 249 249 249 249 249 249 249 249 249 249 249 249 249 250 249 249 249 250 250 250 250 251 251 252 252 251 251 250 249 249 249 248 248 248 249 249 250 250 251 251 252 252 253 253 253 253 253 252 252 251
239 240 241 241 243 244 244 244 242 241 242 244 243 245 246 246 245 246 247 247 249 248 248 249 249 250 250 250 250 249 249 249 249 249 249 250 249 249 249 249 249 250 251 250 250 250 250 250 250 251 250 251 251 252 251 251 250 249 248 248 247 247 247 248 249 249 250 251 251 252 253 253 254 254 253 253 253 252 251
238 240 243 243 242 243 243 244 245 245 245 244 246 245 247 248 248 249 249 249 249 249 250 250 251 251 250 250 250 250 250 249 249 250 250 250 250 250 250 250 250 250 251 250 250 250 250 250 250 251 251 252 252 252 251 250 250 249 247 247 247 246 247 247 249 249 250 251 252 252 253 254 255 255 255 254 254 253 252
