Part_1_SDMs/env_data/present_climate/bioclim_9.asc
NCOLS 888 
NROWS 876 
XLLCORNER -19 
YLLCORNER -35 
CELLSIZE 0.0833333333333333 
NODATA_value -32768 
[rows 280 to 314 of 876, columns 79 to 157 of 888]
272 273 275 275 274 275 275 275 273 270 270 270 272 274 275 276 277 276 276 274 273 267 265 263 264 262 260 259 261 262 261 261 259 258 257 257 258 257 258 258 258 258 258 259 258 256 258 241 241 240 240 239 239 238 237 254 254 254 253 252 251 251 250 251 250 252 234 234 235 235 235 235 235 252 253 252 252 251 250
273 274 276 275 275 275 274 274 272 269 269 271 273 276 277 278 278 278 277 275 273 270 269 267 264 263 261 259 260 263 263 262 261 259 257 257 258 259 260 259 260 259 260 260 259 260 259 241 240 240 239 239 238 239 238 237 236 236 235 253 251 250 251 252 251 252 235 234 234 235 236 236 235 235 253 252 252 251 250
274 276 277 276 274 274 274 273 270 268 269 274 276 277 278 278 279 277 272 269 269 271 270 267 266 264 262 260 261 264 262 261 260 259 259 257 258 259 260 260 261 261 261 260 260 259 259 258 240 239 239 239 239 239 239 238 236 236 235 233 233 252 252 251 252 234 236 234 235 236 236 236 236 236 235 252 252 251 250
275 277 277 277 275 274 274 272 269 267 268 272 275 278 279 279 279 278 272 266 266 268 269 267 265 263 261 260 264 265 261 260 260 260 260 258 258 259 260 261 261 262 261 260 260 259 258 258 257 238 238 238 239 240 240 238 237 237 236 235 235 234 234 234 234 235 237 235 235 236 237 236 236 235 235 235 235 233 249
275 277 277 276 276 275 272 271 268 266 270 270 274 279 279 279 279 279 271 269 269 269 269 268 265 263 261 263 266 265 263 262 260 261 260 259 258 260 260 261 262 262 261 262 260 259 259 258 257 238 238 238 240 240 239 239 238 237 235 236 234 234 233 235 236 236 237 236 236 236 237 237 236 236 236 235 235 234 249
276 276 278 277 275 275 274 271 269 269 267 266 268 278 281 279 279 278 273 268 267 267 265 265 263 262 263 266 267 265 263 261 261 261 261 259 259 261 262 261 263 263 262 262 262 260 260 258 257 258 239 239 239 238 237 240 237 234 234 235 235 235 235 236 237 237 237 237 237 237 237 238 237 236 236 235 252 251 249
275 276 278 277 276 275 275 273 272 270 268 268 272 278 279 277 279 277 276 273 269 268 267 265 263 261 262 267 267 265 262 262 262 262 261 260 260 262 263 262 262 263 263 263 262 262 261 259 260 240 240 240 239 237 238 239 237 235 235 235 235 235 236 237 238 238 238 238 237 237 238 238 237 236 254 253 252 250 248
276 276 279 278 277 276 276 275 273 272 269 273 276 278 281 281 276 275 278 277 271 269 265 263 264 261 261 267 267 265 262 263 263 263 262 261 262 263 264 264 264 264 263 262 262 262 261 261 241 241 240 240 240 238 238 238 237 235 237 237 236 237 238 239 238 238 238 239 238 238 238 238 237 255 254 253 252 250 248
275 277 279 279 278 278 278 277 277 275 271 272 277 277 281 280 279 280 281 280 273 268 266 263 262 261 262 268 267 264 263 264 264 263 262 263 264 264 264 264 263 264 263 263 262 262 262 243 242 241 241 240 240 239 239 239 238 237 239 239 238 239 239 239 238 238 239 239 239 238 239 239 238 256 255 253 252 250 248
276 277 280 280 280 279 278 277 278 277 274 275 278 279 279 278 282 281 282 281 280 271 266 263 261 261 265 268 266 263 264 264 262 262 263 265 266 264 264 263 263 264 263 263 263 263 263 243 243 242 241 241 239 240 239 239 239 240 240 240 240 239 239 239 238 239 239 240 239 240 240 239 239 256 255 254 252 250 248
275 278 280 281 281 280 277 278 277 279 278 273 277 278 278 280 281 283 283 283 280 272 264 270 269 265 269 269 267 265 265 262 263 263 263 265 266 266 265 264 243 245 264 262 262 262 243 243 243 244 243 242 240 240 240 241 242 241 240 240 239 238 239 239 238 239 240 240 241 241 241 241 240 240 256 254 253 251 249
276 278 280 281 282 280 278 279 280 280 279 276 277 275 278 281 282 283 283 281 280 278 276 273 270 261 270 268 266 265 264 264 264 265 265 265 264 265 264 245 245 245 245 242 240 241 243 242 242 242 243 243 242 242 242 242 242 240 240 238 239 238 239 239 239 240 241 242 242 242 242 242 242 241 239 238 236 253 251
277 279 282 281 282 282 280 281 282 282 280 277 275 276 278 279 281 282 282 282 281 278 276 273 271 268 269 269 266 264 264 264 263 264 265 265 264 245 245 245 244 244 243 241 239 241 242 241 240 240 241 242 245 245 243 243 242 240 239 239 239 238 239 240 240 241 242 242 243 243 243 243 243 243 242 240 238 237 235
279 280 282 281 281 284 283 283 282 282 282 281 273 276 275 277 281 282 282 282 280 279 276 271 268 266 264 267 266 265 244 244 244 264 246 247 246 246 245 246 245 243 241 241 242 241 241 241 241 241 241 243 244 245 243 242 241 240 239 239 239 239 240 241 242 242 243 244 244 244 245 245 245 245 245 243 241 239 237
279 281 282 281 282 284 285 284 284 284 284 284 281 272 275 278 281 282 282 282 281 278 274 273 269 265 261 267 265 244 243 243 245 244 247 247 266 267 247 246 246 245 240 241 240 239 239 240 240 241 242 242 242 243 243 242 242 240 240 240 241 242 242 243 244 244 244 245 245 245 246 246 246 247 247 247 245 242 240
279 281 282 281 283 284 286 285 286 286 286 285 285 276 274 278 280 282 282 282 280 278 273 273 271 267 265 267 264 244 243 246 247 248 268 268 269 269 268 248 246 245 242 241 239 239 239 239 238 239 240 240 240 242 243 243 243 242 242 242 243 243 243 244 245 245 245 245 246 246 247 247 247 248 249 249 246 244 241
280 282 281 281 282 284 286 287 286 287 288 286 286 283 278 278 280 280 282 282 280 278 276 271 269 267 266 266 262 245 244 248 249 251 270 270 270 271 270 249 247 245 243 239 238 238 239 237 235 236 238 240 241 241 243 243 243 243 243 242 242 244 244 245 245 245 245 246 246 247 247 248 248 248 249 249 247 245 243
282 282 282 281 282 285 285 287 286 286 288 286 285 286 280 275 276 278 281 282 281 276 274 273 273 271 266 266 264 247 248 248 252 273 274 274 274 274 271 249 247 244 242 240 239 240 239 236 234 233 236 239 241 242 243 244 244 244 244 244 243 244 245 245 246 245 245 246 246 247 247 248 248 249 249 248 247 246 244
282 282 282 280 281 284 285 287 286 285 288 288 287 287 280 274 273 278 281 281 278 273 271 268 273 273 271 268 266 268 250 252 254 274 276 277 276 275 253 250 248 245 242 240 240 241 239 236 235 235 237 240 241 243 243 244 244 244 244 244 244 244 245 245 245 244 245 246 246 247 247 248 248 249 249 248 247 246 244
283 283 283 283 282 284 286 286 287 286 288 289 288 287 286 275 272 279 278 279 278 272 266 269 275 274 271 269 270 270 252 254 256 276 276 278 277 257 253 252 250 245 243 241 243 242 241 239 237 238 239 242 243 245 246 245 245 245 244 244 245 245 244 244 244 244 245 245 246 247 247 248 248 249 248 247 247 245 244
283 284 285 284 283 284 286 286 286 286 287 288 289 289 288 272 271 276 275 276 276 275 268 267 274 274 271 271 272 271 253 256 257 259 278 277 257 256 255 252 250 247 245 244 245 244 243 242 241 241 243 245 247 248 248 247 246 244 244 245 244 243 244 243 243 244 245 246 246 247 247 247 248 248 247 246 245 244 244
283 284 285 284 284 285 285 286 268 285 286 288 289 288 281 270 271 272 276 274 276 277 273 270 271 274 273 273 273 272 253 255 258 259 260 259 257 256 255 252 246 244 247 247 247 247 245 245 244 245 247 250 251 251 250 248 246 245 245 243 243 242 243 243 244 244 245 246 246 246 246 247 248 247 246 245 245 244 243
282 286 287 286 286 287 286 267 268 286 288 287 288 287 281 267 264 269 272 274 276 275 273 269 271 274 275 274 274 273 253 254 256 257 259 260 258 255 255 253 251 246 245 246 246 248 248 247 248 250 252 254 255 255 251 248 248 247 245 243 244 245 245 246 246 247 246 246 246 246 248 248 248 248 247 246 245 244 243
281 285 288 288 287 286 286 285 286 286 286 287 287 286 285 271 272 273 269 273 274 272 268 268 269 273 275 273 273 274 256 255 255 256 257 258 257 255 253 252 251 249 247 244 248 249 249 248 250 252 254 257 260 257 252 250 249 247 247 245 245 246 246 247 248 248 248 248 248 249 249 249 248 247 247 246 244 244 242
284 285 287 289 288 287 286 285 284 284 285 287 286 284 283 281 279 278 274 274 270 270 265 264 267 270 273 270 272 274 256 253 253 256 256 257 257 254 253 252 251 248 247 248 249 248 248 249 251 252 255 258 260 256 252 251 249 249 248 247 246 247 247 248 249 249 249 250 250 250 250 249 249 247 247 245 242 242 241
279 285 287 287 287 286 286 284 284 284 284 285 284 283 282 279 279 276 273 272 268 269 265 269 271 274 273 272 270 254 255 251 252 254 255 253 255 256 254 253 252 247 245 245 247 248 250 249 249 251 255 259 260 258 254 252 250 250 249 248 248 248 249 250 250 250 251 251 251 251 250 249 249 248 246 245 243 241 240
283 284 284 281 279 279 280 281 282 280 281 280 283 282 282 280 279 279 275 270 264 266 265 270 272 273 271 269 268 253 247 245 250 251 252 255 256 254 252 253 252 248 247 245 244 249 249 251 250 252 257 259 259 258 255 253 252 251 249 250 249 249 249 250 250 250 251 250 251 250 250 249 248 248 246 245 242 241 239
276 271 277 276 269 270 275 278 276 276 277 280 279 277 279 278 279 278 273 268 260 260 258 267 273 272 267 262 264 251 246 246 249 252 253 255 255 254 253 253 251 247 244 244 245 249 251 253 252 255 258 258 258 257 255 253 252 251 250 250 249 250 250 250 250 250 250 250 250 250 250 250 247 247 247 246 244 240 239
256 265 272 278 275 267 270 276 274 272 273 277 267 264 275 277 278 276 270 264 261 257 258 268 272 271 268 262 264 249 249 250 250 247 249 253 255 255 255 255 255 251 248 242 244 252 253 254 255 256 257 257 257 256 255 254 253 252 251 251 251 251 250 251 251 250 250 251 250 250 250 251 248 247 244 244 245 244 243
257 265 273 276 277 270 265 271 272 265 266 265 261 263 271 274 277 277 275 264 257 261 261 266 272 272 270 267 265 266 247 246 249 248 252 253 255 254 255 255 256 255 255 249 249 253 253 254 255 256 256 256 255 255 254 254 253 252 251 252 252 251 250 251 251 250 250 250 250 251 250 250 250 248 246 245 244 245 244
249 219 249 267 273 268 266 259 264 242 241 262 260 239 240 272 276 275 266 258 257 262 269 269 270 265 268 267 268 250 242 243 247 245 249 247 251 254 253 255 255 254 255 254 253 253 254 253 254 255 255 255 255 254 253 253 252 253 253 252 252 251 251 252 252 252 250 250 250 251 251 250 249 249 246 246 242 244 245
211 203 220 259 266 268 263 264 259 258 257 256 242 255 242 247 261 250 264 251 260 266 268 260 266 241 242 242 248 249 248 243 242 245 241 251 255 255 254 254 255 254 255 254 254 253 253 253 254 254 254 254 254 253 253 253 252 252 253 252 251 251 251 253 252 252 251 251 250 269 268 267 249 249 248 247 243 242 246
224 206 245 260 263 259 260 264 256 252 253 255 253 257 261 252 234 264 256 230 257 264 266 244 245 242 236 239 245 247 246 244 239 242 246 254 254 255 255 254 254 254 254 255 254 252 253 253 254 254 254 253 253 253 253 253 253 253 252 252 251 252 252 253 251 251 251 250 268 268 268 268 250 249 249 247 245 242 244
231 226 246 247 250 230 250 259 259 233 230 234 236 237 257 235 231 238 230 233 244 244 243 242 245 244 239 242 241 240 240 236 233 239 251 253 254 254 254 253 253 254 254 253 253 254 254 254 254 253 254 253 253 253 253 253 253 253 253 252 251 251 253 253 251 251 251 250 268 268 269 269 269 268 247 248 247 244 243
228 216 213 213 214 219 244 247 235 238 236 237 234 232 235 234 231 233 227 232 245 236 237 240 244 243 244 242 241 234 233 240 243 247 252 253 253 254 253 251 252 253 252 252 253 254 254 254 254 253 254 254 253 252 253 253 253 253 253 252 252 253 253 252 251 251 251 251 270 269 268 270 269 249 249 248 249 248 246
