Part_1_SDMs/env_data/present_climate/bioclim_16.asc
NCOLS 888 
NROWS 876 
XLLCORNER -19 
YLLCORNER -35 
CELLSIZE 0.0833333333333333 
NODATA_value -32768 
[rows 70 to 104 of 876, columns 474 to 552 of 888]
169 173 191 208 208 204 197 191 184 178 168 159 148 138 125 113 101 90 77 66 55 49 50 51 52 52 53 55 56 58 59 62 63 65 64 63 61 60 59 58 55 55 56 -32768 -32768 -32768 -32768 -32768 -32768 -32768 -32768 -32768 -32768 -32768 -32768 -32768 -32768 -32768 -32768 -32768 -32768 -32768 -32768 -32768 -32768 -32768 -32768 -32768 -32768 -32768 -32768 -32768 -32768 -32768 -32768 -32768 -32768 -32768 -32768
168 175 189 188 186 183 177 171 165 159 150 141 131 120 109 99 89 78 68 58 50 46 45 45 47 48 48 50 52 53 55 57 58 59 59 60 60 59 58 57 56 55 55 56 60 61 -32768 -32768 -32768 76 79 81 -32768 -32768 -32768 -32768 -32768 -32768 -32768 -32768 -32768 -32768 -32768 -32768 -32768 -32768 -32768 -32768 -32768 -32768 -32768 -32768 -32768 -32768 -32768 -32768 -32768 -32768 -32768
170 175 174 170 168 164 159 155 149 142 135 126 117 107 97 89 80 70 61 53 47 43 41 41 42 43 44 44 47 49 50 52 53 54 56 54 54 54 54 54 53 54 56 59 61 63 65 68 70 75 79 82 85 88 88 -32768 -32768 -32768 -32768 -32768 -32768 -32768 -32768 -32768 -32768 -32768 -32768 -32768 -32768 -32768 -32768 -32768 -32768 -32768 -32768 -32768 -32768 -32768 -32768
163 164 161 159 155 151 147 142 135 129 122 115 106 97 89 81 72 64 56 50 45 42 41 39 39 40 41 41 43 44 46 47 48 49 50 49 50 49 50 49 50 51 52 54 57 60 63 66 69 72 76 79 82 87 88 -32768 -32768 -32768 -32768 -32768 -32768 -32768 -32768 -32768 -32768 -32768 -32768 -32768 -32768 -32768 -32768 -32768 -32768 -32768 -32768 -32768 -32768 -32768 -32768
156 153 152 149 145 141 135 130 124 118 111 105 98 89 82 74 66 60 53 48 44 41 38 37 37 37 38 38 39 41 42 43 44 44 46 46 47 46 47 48 49 50 50 52 54 57 60 63 66 69 73 77 81 84 87 83 -32768 -32768 -32768 -32768 -32768 -32768 -32768 -32768 -32768 -32768 -32768 -32768 -32768 -32768 -32768 -32768 -32768 -32768 -32768 -32768 -32768 -32768 -32768
150 147 144 141 136 132 126 120 114 108 103 97 90 83 75 69 62 56 50 46 41 38 37 36 35 35 35 35 36 38 38 39 40 41 41 42 42 43 43 45 46 47 48 50 51 54 56 59 61 64 68 71 76 79 82 80 -32768 -32768 -32768 -32768 -32768 -32768 -32768 -32768 -32768 -32768 -32768 -32768 -32768 -32768 -32768 -32768 -32768 -32768 -32768 -32768 -32768 -32768 -32768
143 141 137 132 128 123 117 112 107 102 96 90 85 77 70 64 58 53 49 44 41 37 36 34 32 32 32 33 33 35 36 36 37 37 37 38 38 40 40 42 43 43 45 46 47 50 51 54 56 59 62 65 68 71 73 71 59 -32768 -32768 -32768 -32768 -32768 85 87 90 93 92 92 -32768 -32768 -32768 -32768 -32768 -32768 -32768 -32768 -32768 -32768 -32768
136 134 130 125 120 116 110 105 101 95 90 84 78 71 66 61 55 50 45 42 39 37 34 33 32 32 32 31 32 32 33 33 34 34 34 35 36 36 37 39 39 40 41 43 44 46 47 50 52 54 57 59 62 65 65 64 56 58 60 66 69 75 79 84 87 88 89 92 92 92 92 92 -32768 -32768 -32768 -32768 -32768 -32768 -32768
129 127 123 117 112 108 103 99 95 89 84 78 73 68 62 57 53 47 44 40 37 34 33 32 29 29 29 29 30 30 30 31 31 31 32 33 33 33 34 35 36 38 38 40 41 43 44 46 47 50 52 55 55 58 59 60 59 55 58 62 66 70 75 78 81 83 84 87 87 89 90 90 92 93 93 93 93 95 94
121 120 116 112 106 102 98 93 90 84 79 74 69 64 59 54 50 46 42 39 37 34 32 30 29 29 27 27 28 28 28 28 29 29 29 30 30 30 32 33 34 34 35 36 38 39 40 43 43 46 47 49 51 52 54 55 57 58 55 58 61 66 70 74 77 79 80 82 83 84 86 87 89 90 90 93 93 93 93
114 114 111 106 102 97 93 88 84 80 74 70 65 60 55 51 47 43 39 37 34 32 31 29 28 27 27 27 27 26 26 26 26 26 27 27 27 27 29 30 31 31 33 34 35 36 38 39 40 42 42 45 46 48 49 50 52 55 56 56 58 61 66 69 72 74 75 77 78 80 81 83 84 85 86 88 89 89 90
109 109 106 101 97 94 88 84 79 75 71 67 61 57 52 48 45 41 38 35 33 31 29 28 27 26 24 24 24 24 24 25 24 25 26 26 26 26 27 27 28 30 31 31 32 34 34 35 36 38 39 41 43 44 44 47 49 51 53 56 58 60 63 65 68 70 70 73 75 75 76 78 78 80 81 82 83 84 85
105 104 101 96 94 88 84 79 76 72 67 62 58 53 50 47 43 40 35 34 31 29 29 26 25 24 24 24 23 23 23 23 23 23 23 23 23 24 24 24 26 27 28 28 30 31 31 33 34 34 37 37 39 40 41 44 44 47 49 52 54 56 59 60 63 65 66 68 70 70 72 73 74 75 77 77 78 78 79
102 99 95 93 89 84 80 75 72 68 64 59 56 51 47 44 40 38 35 32 30 29 26 25 24 24 23 21 21 21 20 20 20 20 20 22 22 22 22 22 24 24 26 26 27 28 28 31 31 32 34 34 36 37 38 41 41 44 46 48 50 52 54 56 59 60 61 64 64 66 67 69 69 72 72 72 74 74 75
98 96 93 89 85 81 78 74 69 65 61 57 53 49 44 42 38 35 33 30 29 26 26 24 24 21 21 20 20 20 20 20 20 20 20 20 20 20 20 21 22 23 24 24 25 26 27 28 28 30 30 31 33 33 36 37 38 41 42 44 46 48 51 51 54 56 56 59 60 61 63 64 65 66 68 68 69 70 70
96 93 90 87 82 78 74 70 66 62 57 53 50 47 42 39 36 33 31 29 26 26 24 23 21 21 20 20 19 19 18 18 18 18 18 18 19 19 19 19 19 21 21 22 23 24 24 25 26 27 27 30 30 31 33 34 36 38 38 41 43 44 46 48 50 51 52 54 56 57 58 60 60 61 63 63 65 65 65
95 91 88 83 79 76 70 67 63 59 55 51 48 44 40 38 35 33 30 28 26 24 23 21 21 20 19 18 18 17 17 17 17 17 16 16 16 16 17 17 19 19 19 20 21 21 22 23 24 24 25 27 27 29 30 31 33 34 35 38 39 41 42 44 46 47 48 50 52 52 54 55 55 57 58 59 59 60 61
94 90 85 81 77 72 68 64 59 56 53 48 44 42 39 35 33 30 28 26 24 23 21 20 19 19 17 17 17 16 15 15 15 15 15 15 15 16 16 16 16 17 19 19 19 19 20 21 22 23 24 24 25 27 27 29 30 31 33 34 36 38 39 41 42 44 45 46 47 48 50 50 51 52 54 54 54 56 56
92 88 83 78 75 69 64 61 57 53 49 46 42 39 37 33 30 29 26 24 24 21 20 19 18 17 16 16 15 15 15 15 15 15 15 15 15 15 15 15 16 16 16 16 17 19 19 19 20 21 22 22 24 24 25 27 27 29 31 31 34 34 36 37 39 39 42 42 43 45 46 46 48 49 49 50 50 51 52
92 87 82 76 71 66 61 57 53 51 47 44 39 37 34 32 29 26 25 24 21 20 19 17 17 16 15 15 15 15 15 13 13 13 13 13 13 13 13 14 14 14 16 16 16 16 16 17 19 19 19 21 21 22 23 24 26 26 28 29 31 31 34 34 36 37 38 39 41 41 41 43 44 44 45 45 46 47 48
90 85 80 74 69 64 59 53 51 47 44 42 38 35 33 30 28 25 24 21 21 19 17 16 16 15 15 14 12 12 12 12 12 12 12 12 12 12 12 13 13 13 13 14 14 15 16 16 16 16 19 19 19 20 22 22 23 24 26 26 28 29 31 31 33 34 35 36 38 38 38 39 40 41 41 42 43 43 44
88 83 77 72 67 61 56 51 48 45 42 38 36 33 30 28 25 24 21 20 19 17 16 15 15 14 12 12 12 12 12 12 12 11 11 11 11 11 11 11 11 12 13 13 13 13 14 14 15 16 16 16 18 19 19 20 21 23 23 24 26 26 27 29 30 30 33 33 35 35 36 36 37 37 37 38 39 40 41
86 80 75 70 63 56 52 48 45 42 39 36 33 31 28 25 24 21 20 19 16 16 15 14 14 12 12 12 12 11 10 10 10 10 10 10 10 11 11 11 11 11 11 11 11 12 13 13 13 14 14 15 16 16 18 18 19 20 21 22 23 25 25 26 27 28 30 30 31 33 33 33 34 33 35 35 35 35 36
84 77 72 65 59 54 50 45 42 40 36 33 31 28 26 24 22 19 19 16 16 15 14 12 12 12 11 10 10 10 10 10 10 10 10 9 9 9 9 9 10 11 11 11 11 11 11 11 11 13 13 14 14 15 15 16 18 18 19 21 21 22 23 25 25 25 28 28 28 30 30 31 29 31 32 32 32 32 33
79 73 68 61 55 50 47 43 40 36 33 31 28 26 24 22 19 19 17 16 14 14 12 12 11 10 10 10 10 10 9 9 8 8 8 8 8 8 8 8 8 8 8 8 9 10 11 11 11 11 11 12 14 14 14 15 15 17 18 18 19 20 22 22 22 25 25 25 26 28 28 28 27 27 29 29 30 30 29
74 68 63 56 52 48 43 40 36 34 31 28 26 24 22 19 19 17 16 14 14 12 11 11 10 10 10 10 9 7 7 7 7 7 7 7 7 7 8 8 8 8 8 8 8 8 8 8 9 10 11 11 11 12 13 13 15 15 15 17 17 19 20 20 22 22 23 24 24 25 25 27 26 25 27 27 27 27 25
69 63 59 53 48 44 40 36 34 31 28 26 23 22 19 19 17 15 14 13 12 11 10 10 10 10 9 7 7 7 7 7 7 7 7 7 7 7 7 7 7 7 7 8 8 8 8 8 8 8 9 10 11 11 12 12 13 14 14 15 17 17 17 19 20 20 21 21 23 23 24 24 24 24 24 24 25 23 22
62 58 54 49 45 41 37 34 31 28 26 23 22 19 17 17 14 14 13 11 11 10 10 10 8 7 7 7 7 7 7 7 7 6 6 6 6 6 6 6 6 6 6 6 6 6 6 7 8 8 8 9 9 10 10 10 11 13 13 14 14 15 17 17 17 18 20 20 20 21 21 23 22 22 22 19 19 20 20
57 54 49 45 42 37 34 31 29 26 23 21 19 17 17 14 14 13 11 10 10 10 9 8 7 7 7 7 7 6 6 6 6 5 5 5 6 6 6 6 6 6 6 6 6 6 6 6 6 6 7 7 8 9 10 10 10 11 12 12 14 14 14 15 16 17 17 19 19 19 19 19 19 19 18 19 19 19 19
52 49 45 41 37 34 31 29 25 22 21 19 17 15 14 13 12 10 10 10 9 8 8 7 7 7 7 6 5 5 5 5 5 5 5 5 5 5 5 5 5 5 5 5 5 6 6 6 6 6 6 6 7 7 8 10 10 10 11 11 12 12 13 14 15 15 16 17 17 18 18 16 16 16 16 16 17 17 17
47 44 41 37 35 32 29 25 23 20 19 17 15 13 12 12 10 10 9 8 8 8 7 7 7 6 5 5 5 5 5 5 5 5 5 5 5 4 4 4 4 4 4 4 4 4 4 5 5 6 5 5 5 6 7 8 9 9 9 9 11 12 12 12 13 14 15 15 16 16 16 15 14 14 14 14 14 14 15
43 40 37 35 32 29 25 23 20 18 17 15 13 12 11 10 9 8 8 8 8 7 7 5 5 5 5 5 5 5 5 5 5 5 5 4 4 4 4 4 3 3 3 3 3 4 3 4 5 5 5 5 5 5 7 7 8 9 9 9 9 9 11 11 11 12 13 14 15 15 15 14 13 13 13 13 13 14 14
39 35 34 31 28 26 23 20 18 16 15 12 11 11 9 8 8 8 8 8 5 5 5 5 5 5 5 5 5 5 5 5 5 3 3 3 3 3 3 3 3 3 3 3 3 3 3 3 4 4 5 5 5 5 5 6 6 6 7 9 9 9 9 9 9 11 12 12 12 12 12 12 11 11 11 11 11 12 13
35 32 30 27 26 23 20 18 15 15 12 11 10 8 8 8 7 6 5 5 5 5 5 5 5 5 5 5 5 4 4 4 3 3 3 3 3 3 3 3 3 3 3 3 3 3 3 3 3 4 5 5 5 5 5 5 6 6 6 7 8 8 8 8 8 9 11 11 12 12 12 11 11 10 10 10 10 10 11
32 30 27 25 23 20 18 16 14 12 11 10 8 8 7 6 5 5 5 5 5 5 5 5 5 5 4 4 4 4 2 2 2 2 2 2 2 2 2 2 3 3 3 3 3 3 3 3 3 3 4 5 5 5 5 5 4 5 6 6 7 7 7 7 7 7 8 10 10 10 10 10 10 10 10 10 10 10 10
