Part_1_SDMs/env_data/present_climate/bioclim_19.asc
NCOLS 888 
NROWS 876 
XLLCORNER -19 
YLLCORNER -35 
CELLSIZE 0.0833333333333333 
NODATA_value -32768 
[rows 105 to 139 of 876, columns 640 to 719 of 888]
14 10 12 13 9 -32768 9 11 10 21 19 22 26 38 35 27 20 13 11 9 7 7 7 8 8 9 11 11 13 17 20 17 17 20 17 17 15 15 15 14 13 13 14 14 14 15 15 16 15 15 15 18 18 18 19 19 20 20 21 21 21 23 24 21 22 22 22 23 23 23 25 25 27 27 28 29 29 31 32 33
12 9 9 9 9 -32768 9 10 11 21 29 32 27 32 35 27 20 15 10 9 9 9 8 8 8 9 11 12 12 14 16 17 18 20 18 17 16 16 16 16 14 14 14 15 15 15 16 16 15 15 17 17 18 18 19 19 20 21 21 21 22 23 23 23 23 23 23 23 23 25 26 26 27 27 29 29 30 31 32 33
10 9 8 8 6 -32768 8 11 14 18 22 28 23 22 31 28 22 16 10 10 9 8 8 8 8 9 10 10 12 14 17 17 19 20 19 17 16 16 16 16 16 15 16 15 15 15 15 18 18 18 18 18 18 18 18 19 20 21 21 21 23 23 23 24 24 24 25 25 26 26 26 27 27 27 29 30 31 31 33 33
9 8 8 8 6 -32768 7 11 18 18 15 18 21 22 28 27 22 17 13 10 9 8 8 8 9 9 10 10 12 14 14 14 17 19 19 19 16 16 16 16 16 16 15 15 15 15 15 18 18 18 18 19 18 18 18 19 20 21 21 21 23 23 24 24 24 25 25 26 26 26 27 27 27 28 29 30 31 31 33 33
9 8 9 7 -32768 -32768 7 14 18 14 12 19 19 20 22 22 21 16 13 10 10 8 9 9 9 10 10 11 11 12 14 14 16 19 21 19 17 17 17 17 16 16 15 15 18 16 15 17 18 18 19 19 19 19 19 19 19 21 21 21 23 23 24 24 25 25 25 26 26 27 27 27 28 28 30 31 31 31 32 34
8 8 8 6 -32768 7 12 16 11 8 11 22 28 24 21 22 23 18 15 11 10 9 9 9 10 11 12 11 11 13 13 14 16 18 20 19 19 18 18 16 16 16 16 18 18 18 18 18 18 18 19 19 19 19 19 19 20 20 21 21 23 23 24 24 25 25 25 27 27 27 27 27 28 29 30 31 31 32 32 34
7 8 7 5 -32768 6 12 11 9 8 11 36 33 22 21 19 21 19 16 12 11 11 10 10 10 11 13 14 13 13 13 16 16 17 18 20 18 18 18 17 16 16 18 18 19 18 19 18 18 19 19 19 19 19 19 19 20 21 21 21 22 23 23 24 25 25 25 27 27 27 27 28 29 29 31 31 31 32 33 35
7 6 5 5 -32768 5 7 7 7 7 11 28 31 25 22 18 18 17 18 14 12 12 11 11 11 11 11 12 13 15 15 16 17 17 18 20 18 18 18 18 17 18 18 19 20 20 19 19 19 19 20 19 19 19 19 20 20 21 21 21 23 23 24 24 25 25 27 27 27 27 28 29 29 30 31 31 32 32 34 35
7 5 5 -32768 -32768 5 5 5 5 7 11 14 30 23 20 17 15 15 15 14 12 12 11 11 11 11 12 13 13 16 16 17 17 19 20 20 19 18 18 18 18 18 18 19 22 21 20 20 20 20 20 20 20 20 20 20 20 21 21 22 23 24 24 25 25 25 27 27 27 28 29 29 30 30 31 32 32 33 34 35
7 5 5 -32768 -32768 5 5 5 5 7 7 8 15 18 18 18 15 13 18 17 14 12 11 12 12 12 13 13 15 15 17 17 18 19 22 22 19 18 18 18 18 18 19 20 22 22 20 20 20 20 20 20 20 20 20 20 20 21 21 22 23 24 24 25 25 26 27 27 27 29 29 29 30 31 31 32 33 34 34 35
5 5 -32768 -32768 5 5 5 5 4 5 6 9 11 15 17 16 14 13 17 18 17 14 14 13 13 13 13 15 16 16 16 16 18 18 21 22 21 19 19 19 18 19 20 22 22 20 21 20 20 20 20 21 21 20 20 20 21 21 21 22 23 24 25 25 25 26 27 27 29 29 29 30 30 31 32 33 34 34 34 36
5 -32768 -32768 -32768 5 5 4 4 4 4 9 16 6 6 15 16 14 14 15 17 17 15 14 13 13 15 15 16 17 17 17 17 18 18 19 19 20 19 19 20 19 20 22 22 20 20 20 20 20 20 20 20 20 20 20 21 21 21 22 23 23 25 25 25 26 27 27 29 29 29 29 30 30 32 33 33 34 34 35 37
3 3 -32768 2 2 2 2 3 3 3 4 5 5 6 13 20 15 14 14 17 18 17 16 16 16 16 17 17 17 17 17 18 19 19 19 19 19 20 20 20 20 20 21 21 20 20 20 20 20 20 20 20 20 20 21 21 21 22 23 23 24 25 25 26 26 27 27 29 29 29 30 30 30 32 33 34 34 34 35 36
3 2 2 2 2 2 2 2 2 3 3 4 5 6 12 13 10 16 15 17 17 18 16 16 17 17 18 19 19 19 19 19 19 19 19 20 20 20 22 22 22 22 20 21 20 20 20 21 20 20 21 21 20 20 21 21 21 24 24 23 25 25 25 26 27 27 29 29 29 30 30 30 30 33 33 34 34 35 35 36
3 2 2 2 2 2 2 2 2 3 3 3 5 5 6 7 8 10 15 16 17 18 19 20 19 20 21 20 20 20 19 20 20 20 20 20 20 20 22 23 23 22 21 21 20 20 20 20 20 20 20 20 20 21 21 21 23 24 24 23 25 25 26 27 27 28 29 29 29 30 30 30 31 33 33 34 34 35 36 35
2 2 2 2 2 -32768 2 -32768 -32768 2 3 3 4 5 5 9 13 10 14 17 17 19 20 23 23 23 22 21 21 22 22 22 22 20 21 20 20 20 21 22 23 23 23 20 20 20 20 20 20 20 20 20 20 21 21 21 23 24 24 25 25 25 26 27 27 29 29 29 29 30 30 30 31 32 34 34 34 36 35 36
2 -32768 2 -32768 2 -32768 -32768 -32768 2 -32768 -32768 3 3 4 5 9 16 13 13 18 17 19 22 25 27 26 23 23 22 23 25 25 23 23 22 20 20 20 20 22 23 23 24 21 20 20 20 20 20 20 20 20 21 21 21 21 23 24 25 25 25 25 27 27 27 29 29 29 30 30 30 30 31 32 34 34 34 35 36 37
-32768 -32768 -32768 -32768 -32768 -32768 -32768 -32768 -32768 2 2 3 3 4 4 6 9 10 13 13 18 19 22 24 26 30 28 25 25 25 25 25 24 24 23 23 22 20 23 22 23 23 23 22 21 20 20 20 20 20 20 21 21 21 21 23 24 24 25 25 25 26 27 27 28 29 29 29 30 30 30 30 31 32 32 33 34 35 36 37
-32768 -32768 -32768 -32768 -32768 -32768 -32768 -32768 -32768 -32768 2 -32768 3 4 4 4 9 7 9 10 11 15 20 22 17 19 25 28 30 28 28 28 27 25 24 23 23 23 20 23 23 23 23 23 21 20 20 20 21 21 20 20 21 22 22 23 24 25 25 25 25 27 27 27 29 29 29 30 30 30 30 30 31 32 31 32 33 34 35 36
-32768 -32768 -32768 -32768 -32768 -32768 -32768 -32768 -32768 -32768 -32768 3 3 4 4 4 9 11 8 8 9 11 12 12 13 14 18 21 28 32 32 31 28 26 25 24 23 23 23 23 23 23 23 23 22 22 21 22 22 20 20 21 22 22 22 24 24 25 25 25 25 27 27 27 27 29 29 30 30 30 29 30 30 32 31 32 33 34 35 37
-32768 -32768 -32768 -32768 -32768 -32768 -32768 -32768 -32768 -32768 -32768 -32768 -32768 -32768 4 4 4 6 7 8 8 11 11 10 11 14 14 20 25 34 33 31 30 28 27 26 26 24 23 23 23 23 23 23 23 23 22 22 22 22 22 22 22 22 22 24 24 25 25 25 26 27 27 27 27 29 29 30 33 32 29 30 30 31 31 32 33 35 36 37
-32768 -32768 -32768 -32768 -32768 -32768 -32768 -32768 -32768 -32768 -32768 -32768 -32768 -32768 4 4 4 6 7 11 11 11 9 10 10 13 14 17 24 32 31 32 31 31 28 27 27 26 25 23 23 23 23 23 23 23 23 22 22 22 22 22 22 22 22 23 24 25 25 25 26 27 27 27 27 27 28 30 33 33 30 30 30 31 31 33 34 36 37 37
-32768 -32768 -32768 -32768 -32768 -32768 -32768 -32768 -32768 -32768 -32768 -32768 -32768 -32768 -32768 4 4 6 7 7 8 9 9 9 11 13 14 20 24 31 31 28 31 30 27 28 30 30 27 25 24 24 24 25 25 23 23 23 23 22 22 22 24 24 24 24 23 25 25 25 25 25 27 27 27 27 26 28 32 33 30 30 30 31 32 34 35 36 36 37
-32768 -32768 -32768 -32768 -32768 -32768 -32768 -32768 -32768 -32768 -32768 -32768 -32768 -32768 -32768 -32768 4 4 7 7 7 7 9 11 11 13 14 16 24 26 26 26 28 31 26 26 29 30 30 26 26 25 25 25 25 25 23 23 23 22 22 22 23 24 24 24 24 26 25 25 25 25 26 29 28 27 27 29 30 30 30 30 30 31 32 34 35 35 36 37
-32768 -32768 -32768 -32768 -32768 -32768 -32768 -32768 -32768 -32768 -32768 -32768 -32768 -32768 -32768 -32768 -32768 4 6 7 7 9 9 10 11 12 16 17 24 27 24 24 25 29 26 26 27 30 30 28 26 26 25 25 24 25 25 23 22 23 22 22 22 23 24 24 24 26 26 26 27 26 26 27 29 29 28 29 30 30 30 30 30 31 32 34 35 36 37 37
-32768 -32768 -32768 -32768 -32768 -32768 -32768 -32768 -32768 -32768 -32768 -32768 -32768 -32768 -32768 -32768 4 4 6 7 7 9 9 9 10 12 13 14 20 25 26 25 25 25 23 25 26 29 32 29 24 24 25 25 24 24 24 24 24 24 25 25 24 24 25 25 25 26 26 27 27 29 27 27 29 28 30 29 30 30 30 30 30 31 31 34 34 36 37 40
-32768 -32768 -32768 -32768 -32768 -32768 -32768 -32768 -32768 -32768 -32768 -32768 -32768 -32768 -32768 -32768 -32768 -32768 7 7 7 7 9 9 9 12 12 12 14 15 20 22 25 25 24 24 26 29 32 30 26 22 23 24 24 24 24 24 25 25 25 25 25 25 25 25 26 26 26 26 27 29 31 31 31 27 29 29 30 30 30 30 30 31 34 34 35 36 37 40
-32768 -32768 -32768 -32768 -32768 -32768 -32768 -32768 -32768 -32768 -32768 -32768 -32768 -32768 -32768 -32768 -32768 5 -32768 7 7 8 9 9 9 11 12 13 14 14 14 15 21 25 25 24 25 28 31 30 27 22 21 21 21 21 23 24 25 25 25 25 25 25 25 26 26 26 26 26 27 27 29 30 31 29 29 29 30 30 30 30 30 32 34 35 36 37 38 40
-32768 -32768 -32768 -32768 -32768 -32768 -32768 -32768 -32768 -32768 -32768 -32768 -32768 -32768 -32768 -32768 -32768 -32768 -32768 -32768 7 9 9 9 9 10 12 12 14 14 14 14 18 25 26 25 24 27 29 31 28 23 20 21 23 23 24 24 25 25 25 25 25 25 25 26 26 26 26 27 27 27 27 27 28 28 29 29 29 29 30 30 30 31 34 35 36 36 37 38
-32768 -32768 -32768 -32768 -32768 -32768 -32768 -32768 -32768 -32768 -32768 -32768 -32768 -32768 -32768 -32768 -32768 -32768 -32768 7 8 9 9 9 10 11 12 13 13 13 14 15 18 21 25 25 23 25 27 29 29 26 21 20 21 24 24 25 25 25 25 26 26 25 25 26 26 26 26 27 27 27 27 27 27 28 28 28 28 30 30 30 30 32 34 35 35 36 36 38
-32768 -32768 -32768 -32768 -32768 -32768 -32768 -32768 -32768 -32768 -32768 -32768 -32768 -32768 -32768 -32768 -32768 -32768 -32768 -32768 7 8 9 11 11 11 11 13 13 13 15 17 19 23 23 23 21 21 24 24 27 27 21 20 21 24 24 24 25 25 25 25 26 26 26 26 26 26 26 27 28 28 27 27 27 28 28 29 31 31 31 31 31 32 34 34 35 35 37 37
-32768 -32768 -32768 -32768 -32768 -32768 -32768 -32768 -32768 -32768 -32768 -32768 -32768 -32768 -32768 -32768 -32768 -32768 -32768 -32768 8 8 9 11 12 13 13 13 13 15 15 15 20 23 25 25 23 23 23 23 26 27 23 22 22 24 24 24 25 25 25 26 27 26 26 26 26 26 26 27 28 28 30 27 29 30 29 31 31 31 32 32 31 32 32 34 34 34 36 36
-32768 -32768 -32768 -32768 -32768 -32768 -32768 -32768 -32768 -32768 -32768 -32768 -32768 -32768 -32768 -32768 -32768 -32768 -32768 -32768 -32768 8 -32768 11 11 13 13 13 13 14 14 17 18 22 26 26 27 25 23 21 23 23 22 20 19 20 20 22 24 25 26 27 27 27 27 27 27 26 26 27 28 28 29 29 30 30 30 31 31 32 32 32 32 32 32 32 32 34 35 36
-32768 -32768 -32768 -32768 -32768 -32768 -32768 -32768 -32768 -32768 -32768 -32768 -32768 -32768 -32768 -32768 -32768 -32768 -32768 -32768 -32768 -32768 -32768 11 11 13 13 13 14 14 14 16 18 19 28 29 27 26 23 21 19 18 21 20 18 18 20 22 26 25 26 28 28 28 29 27 28 27 27 27 28 28 28 29 30 31 31 31 33 33 32 32 32 32 32 32 32 32 34 34
-32768 -32768 -32768 -32768 -32768 -32768 -32768 -32768 -32768 -32768 -32768 -32768 -32768 -32768 -32768 -32768 -32768 -32768 -32768 -32768 -32768 -32768 -32768 -32768 12 12 13 14 14 14 14 14 15 18 24 22 26 26 23 22 21 19 18 18 19 20 18 19 22 23 26 28 29 28 29 27 27 28 28 27 27 28 28 29 31 31 31 32 33 34 32 32 31 31 31 32 32 32 32 33
