Part_1_SDMs/env_data/present_climate/bioclim_2.asc
NCOLS 888 
NROWS 876 
XLLCORNER -19 
YLLCORNER -35 
CELLSIZE 0.0833333333333333 
NODATA_value -32768 
[rows 70 to 104 of 876, columns 79 to 157 of 888]
-32768 -32768 -32768 -32768 -32768 -32768 -32768 -32768 -32768 -32768 -32768 -32768 -32768 -32768 -32768 -32768 -32768 -32768 -32768 -32768 -32768 -32768 -32768 -32768 -32768 -32768 -32768 -32768 -32768 -32768 -32768 -32768 -32768 -32768 -32768 -32768 -32768 81 85 89 93 98 102 108 111 114 118 122 125 128 131 133 136 137 139 141 144 146 148 151 152 154 155 157 158 161 162 164 166 166 166 166 165 166 165 164 163 162 161
-32768 -32768 -32768 -32768 -32768 -32768 -32768 -32768 -32768 -32768 -32768 -32768 -32768 -32768 -32768 -32768 -32768 -32768 -32768 -32768 -32768 -32768 -32768 -32768 -32768 -32768 -32768 -32768 -32768 -32768 -32768 -32768 -32768 -32768 -32768 -32768 77 81 85 90 97 103 106 108 111 115 119 123 126 130 133 135 137 139 141 143 146 148 150 153 154 156 157 159 161 164 164 164 166 167 168 167 167 166 166 165 164 163 162
-32768 -32768 -32768 -32768 -32768 -32768 -32768 -32768 -32768 -32768 -32768 -32768 -32768 -32768 -32768 -32768 -32768 -32768 -32768 -32768 -32768 -32768 -32768 -32768 -32768 -32768 -32768 -32768 -32768 -32768 -32768 -32768 -32768 -32768 -32768 74 77 81 86 93 99 103 108 108 111 115 119 124 129 132 135 138 140 142 144 147 151 154 155 156 156 158 159 160 163 166 166 167 168 168 168 167 167 167 166 166 164 164 163
-32768 -32768 -32768 -32768 -32768 -32768 -32768 -32768 -32768 -32768 -32768 -32768 -32768 -32768 -32768 -32768 -32768 -32768 -32768 -32768 -32768 -32768 -32768 -32768 -32768 -32768 -32768 -32768 -32768 -32768 -32768 -32768 -32768 -32768 71 75 79 81 86 91 96 101 105 107 111 115 120 125 129 134 137 141 143 146 148 151 152 154 155 156 158 159 160 161 164 166 167 168 168 169 168 168 168 166 165 166 165 164 163
-32768 -32768 -32768 -32768 -32768 -32768 -32768 -32768 -32768 -32768 -32768 -32768 -32768 -32768 -32768 -32768 -32768 -32768 -32768 -32768 -32768 -32768 -32768 -32768 -32768 -32768 -32768 -32768 -32768 -32768 -32768 -32768 -32768 68 71 76 82 87 88 91 95 100 105 108 111 116 120 125 130 134 137 140 145 147 149 151 153 154 156 158 159 161 162 163 165 167 168 168 169 168 168 167 166 165 165 165 165 164 164
-32768 -32768 -32768 -32768 -32768 -32768 -32768 -32768 -32768 -32768 -32768 -32768 -32768 -32768 -32768 -32768 -32768 -32768 -32768 -32768 -32768 -32768 -32768 -32768 -32768 -32768 -32768 -32768 -32768 -32768 -32768 -32768 63 67 74 80 84 92 95 94 98 101 104 109 113 117 122 126 130 134 138 142 146 148 150 152 154 155 157 159 161 163 165 166 167 168 169 169 169 169 168 167 167 166 164 164 165 165 166
-32768 -32768 -32768 -32768 -32768 -32768 -32768 -32768 -32768 -32768 -32768 -32768 -32768 -32768 -32768 -32768 -32768 -32768 -32768 -32768 -32768 -32768 -32768 -32768 -32768 -32768 -32768 -32768 -32768 -32768 -32768 -32768 64 67 73 81 88 91 94 97 102 105 107 111 115 119 123 128 132 136 140 145 149 151 152 154 156 157 159 161 163 165 166 167 168 168 169 168 167 168 168 167 167 166 167 167 166 166 166
-32768 -32768 -32768 -32768 -32768 -32768 -32768 -32768 -32768 -32768 -32768 -32768 -32768 -32768 -32768 -32768 -32768 -32768 -32768 -32768 -32768 -32768 -32768 -32768 -32768 -32768 -32768 -32768 -32768 -32768 -32768 58 63 68 75 80 87 92 96 99 103 106 111 114 118 122 127 131 135 138 142 147 150 152 154 155 157 160 162 163 165 166 167 168 168 168 168 166 165 168 165 165 165 166 167 167 167 167 167
-32768 -32768 -32768 -32768 -32768 -32768 -32768 -32768 -32768 -32768 -32768 -32768 -32768 -32768 -32768 -32768 -32768 -32768 -32768 -32768 -32768 -32768 -32768 -32768 -32768 -32768 -32768 -32768 -32768 -32768 -32768 60 64 70 77 84 90 94 99 102 105 109 113 116 121 125 128 133 137 141 144 148 151 153 155 157 159 161 163 164 165 166 166 167 168 169 168 167 166 167 166 166 167 168 169 169 169 169 168
-32768 -32768 -32768 -32768 -32768 -32768 -32768 -32768 -32768 -32768 -32768 -32768 -32768 -32768 -32768 -32768 -32768 -32768 -32768 -32768 -32768 -32768 -32768 -32768 -32768 -32768 -32768 -32768 -32768 -32768 60 63 67 73 79 85 92 100 104 106 110 113 116 119 122 126 131 135 139 143 146 148 152 154 156 158 160 162 163 164 165 165 164 165 165 166 168 168 166 167 170 170 170 171 170 170 170 170 169
-32768 -32768 -32768 -32768 -32768 -32768 -32768 -32768 -32768 -32768 -32768 -32768 -32768 -32768 -32768 -32768 -32768 -32768 -32768 -32768 -32768 -32768 -32768 -32768 -32768 -32768 -32768 -32768 -32768 -32768 -32768 67 72 81 84 92 96 102 108 114 116 116 118 121 125 128 133 137 141 144 147 149 153 156 158 159 161 160 162 162 164 166 167 167 166 169 170 169 171 171 172 172 172 171 171 171 170 170 170
-32768 -32768 -32768 -32768 -32768 -32768 -32768 -32768 -32768 -32768 -32768 -32768 -32768 -32768 -32768 -32768 -32768 -32768 -32768 -32768 -32768 -32768 -32768 -32768 -32768 -32768 -32768 -32768 -32768 -32768 -32768 72 78 88 90 96 103 109 113 117 119 120 122 125 130 134 139 141 144 147 148 151 154 156 157 158 160 160 162 164 165 167 169 169 170 171 171 172 172 172 172 172 172 172 172 172 171 171 170
-32768 -32768 -32768 -32768 -32768 -32768 -32768 -32768 -32768 -32768 -32768 -32768 -32768 -32768 -32768 -32768 -32768 -32768 -32768 -32768 -32768 -32768 -32768 -32768 -32768 -32768 -32768 -32768 -32768 -32768 72 76 80 84 90 99 106 110 117 121 122 125 129 131 133 139 142 143 147 148 151 152 154 156 156 157 158 162 164 165 167 168 169 171 171 172 173 173 173 173 173 173 173 173 172 172 171 171 170
-32768 -32768 -32768 -32768 -32768 -32768 -32768 -32768 -32768 -32768 -32768 -32768 -32768 -32768 -32768 -32768 -32768 -32768 -32768 -32768 -32768 -32768 -32768 -32768 -32768 -32768 -32768 -32768 -32768 -32768 -32768 78 82 88 94 99 107 111 116 121 124 128 134 136 137 142 143 146 148 150 152 153 155 155 157 158 160 162 164 166 168 169 170 171 172 172 173 173 173 173 173 173 173 173 173 172 172 172 171
-32768 -32768 -32768 -32768 -32768 -32768 -32768 -32768 -32768 -32768 -32768 -32768 -32768 -32768 -32768 -32768 -32768 -32768 -32768 -32768 -32768 -32768 -32768 -32768 -32768 -32768 -32768 -32768 -32768 -32768 -32768 82 85 91 99 101 107 113 120 123 123 129 135 140 139 143 145 147 149 149 151 153 155 157 159 160 161 163 165 167 168 169 170 171 172 173 173 173 174 173 174 174 174 173 173 173 172 172 171
-32768 -32768 -32768 -32768 -32768 -32768 -32768 -32768 -32768 -32768 -32768 -32768 -32768 -32768 -32768 -32768 -32768 -32768 -32768 -32768 -32768 -32768 -32768 -32768 -32768 -32768 -32768 -32768 -32768 -32768 -32768 84 88 93 96 102 108 114 121 120 121 128 134 139 142 143 145 146 148 150 151 153 156 158 159 160 161 163 165 166 168 169 170 171 172 173 173 174 174 174 174 174 174 174 173 173 173 172 171
-32768 -32768 -32768 -32768 -32768 -32768 -32768 -32768 -32768 -32768 -32768 -32768 -32768 -32768 -32768 -32768 -32768 -32768 -32768 -32768 -32768 -32768 -32768 -32768 -32768 -32768 -32768 -32768 -32768 -32768 -32768 86 90 94 98 106 113 120 120 118 123 131 138 139 139 140 141 142 145 147 151 154 156 158 160 161 162 163 165 167 168 169 171 171 172 173 174 174 174 174 174 174 174 174 174 173 173 172 172
-32768 -32768 -32768 -32768 -32768 -32768 -32768 -32768 -32768 -32768 -32768 -32768 -32768 -32768 -32768 -32768 -32768 -32768 -32768 -32768 -32768 -32768 -32768 -32768 -32768 -32768 -32768 -32768 -32768 -32768 85 88 92 97 102 112 117 118 115 123 125 130 131 132 135 136 136 139 141 144 147 151 154 157 160 161 162 162 165 167 168 169 170 172 172 173 174 174 174 174 174 173 173 173 172 172 173 172 172
-32768 -32768 -32768 -32768 -32768 -32768 -32768 -32768 -32768 -32768 -32768 -32768 -32768 -32768 -32768 -32768 -32768 -32768 -32768 -32768 -32768 -32768 -32768 -32768 -32768 -32768 -32768 -32768 -32768 -32768 86 91 95 101 106 110 113 113 115 118 119 122 125 127 130 132 135 137 140 144 147 151 155 158 160 161 163 164 165 167 168 170 171 172 172 173 174 174 174 174 174 174 174 174 174 173 174 173 172
-32768 -32768 -32768 -32768 -32768 -32768 -32768 -32768 -32768 -32768 -32768 -32768 -32768 -32768 -32768 -32768 -32768 -32768 -32768 -32768 -32768 -32768 -32768 -32768 -32768 -32768 -32768 -32768 -32768 -32768 -32768 90 95 99 103 108 110 110 112 114 116 120 122 125 128 131 134 138 142 146 149 153 155 157 159 161 163 165 166 167 169 170 171 172 172 173 173 174 174 175 175 175 175 174 173 172 172 172 171
-32768 -32768 -32768 -32768 -32768 -32768 -32768 -32768 -32768 -32768 -32768 -32768 -32768 -32768 -32768 -32768 -32768 -32768 -32768 -32768 -32768 -32768 -32768 -32768 -32768 -32768 -32768 -32768 -32768 -32768 -32768 -32768 97 100 104 106 108 110 112 114 117 120 123 126 129 133 138 143 147 150 152 154 155 158 160 162 164 165 166 168 169 170 171 172 172 172 173 174 174 174 175 175 175 175 174 173 172 171 171
-32768 -32768 -32768 -32768 -32768 -32768 -32768 -32768 -32768 -32768 -32768 -32768 -32768 -32768 -32768 -32768 -32768 -32768 -32768 -32768 -32768 -32768 -32768 -32768 -32768 -32768 -32768 -32768 -32768 -32768 -32768 -32768 -32768 103 105 107 108 111 113 115 118 121 124 129 132 136 140 143 146 149 152 154 156 158 161 162 164 165 166 167 169 170 171 172 172 173 172 173 174 174 175 175 175 175 174 174 173 173 171
-32768 -32768 -32768 -32768 -32768 -32768 -32768 -32768 -32768 -32768 -32768 -32768 -32768 -32768 -32768 -32768 -32768 -32768 -32768 -32768 -32768 -32768 -32768 -32768 -32768 -32768 -32768 -32768 -32768 -32768 -32768 -32768 -32768 103 105 107 109 112 114 117 119 122 125 133 136 139 142 145 147 150 152 155 157 159 160 162 164 165 166 167 169 170 171 171 172 172 172 172 173 174 175 175 175 175 174 174 173 172 171
-32768 -32768 -32768 -32768 -32768 -32768 -32768 -32768 -32768 -32768 -32768 -32768 -32768 -32768 -32768 -32768 -32768 -32768 -32768 -32768 -32768 -32768 -32768 -32768 -32768 -32768 -32768 -32768 -32768 -32768 -32768 -32768 -32768 102 104 107 110 113 115 119 121 124 128 134 138 141 144 147 149 152 154 156 158 159 161 162 164 165 166 167 168 169 170 170 170 170 170 171 172 174 175 174 174 174 174 173 172 172 171
-32768 -32768 -32768 -32768 -32768 -32768 -32768 -32768 -32768 -32768 -32768 -32768 -32768 -32768 -32768 -32768 -32768 -32768 -32768 -32768 -32768 -32768 -32768 -32768 -32768 -32768 -32768 -32768 -32768 -32768 -32768 -32768 -32768 101 104 107 110 113 117 120 124 128 133 136 139 143 146 148 151 153 154 155 158 159 161 162 164 165 165 166 167 168 168 169 170 171 171 172 171 173 174 174 174 173 173 174 173 173 172
-32768 -32768 -32768 -32768 -32768 -32768 -32768 -32768 -32768 -32768 -32768 -32768 -32768 -32768 -32768 -32768 -32768 -32768 -32768 -32768 -32768 -32768 -32768 -32768 -32768 -32768 -32768 -32768 -32768 -32768 -32768 -32768 98 100 103 107 110 114 118 123 127 130 134 138 141 145 147 149 150 152 152 155 157 159 160 162 163 163 165 165 166 166 168 168 168 169 170 171 173 172 174 174 174 174 174 174 173 173 172
-32768 -32768 -32768 -32768 -32768 -32768 -32768 -32768 -32768 -32768 -32768 -32768 -32768 -32768 -32768 -32768 -32768 -32768 -32768 -32768 -32768 -32768 -32768 -32768 -32768 -32768 -32768 -32768 -32768 -32768 -32768 94 96 99 103 107 110 116 120 128 130 133 135 139 142 145 146 149 151 151 151 154 157 159 160 161 163 164 163 164 165 167 168 167 168 169 170 170 171 173 172 171 171 171 172 172 173 173 172
-32768 -32768 -32768 -32768 -32768 -32768 -32768 -32768 -32768 -32768 -32768 -32768 -32768 -32768 -32768 -32768 -32768 -32768 -32768 -32768 -32768 -32768 -32768 -32768 -32768 -32768 -32768 -32768 -32768 -32768 -32768 93 96 99 102 107 111 115 121 130 133 133 136 139 143 145 145 149 150 151 153 155 156 158 161 162 163 163 163 164 165 166 167 167 168 170 170 170 170 171 171 171 171 171 171 172 172 172 172
-32768 -32768 -32768 -32768 -32768 -32768 -32768 -32768 -32768 -32768 -32768 -32768 -32768 -32768 -32768 -32768 -32768 -32768 -32768 -32768 -32768 -32768 -32768 -32768 -32768 -32768 -32768 -32768 -32768 -32768 89 92 96 99 103 106 111 117 122 130 135 136 138 140 144 145 145 149 150 153 154 156 156 157 159 161 161 162 164 166 164 166 166 167 168 169 169 170 171 170 171 171 171 172 172 172 172 172 171
-32768 -32768 -32768 -32768 -32768 -32768 -32768 -32768 -32768 -32768 -32768 -32768 -32768 -32768 -32768 -32768 -32768 -32768 -32768 -32768 -32768 -32768 -32768 -32768 -32768 -32768 -32768 -32768 -32768 85 90 92 96 100 104 108 113 119 123 127 130 134 138 142 145 146 146 147 150 151 153 154 154 155 158 159 160 162 163 164 164 165 166 167 168 168 169 170 170 171 171 171 172 172 172 172 172 172 172
-32768 -32768 -32768 -32768 -32768 -32768 -32768 -32768 -32768 -32768 -32768 -32768 -32768 -32768 -32768 -32768 -32768 -32768 -32768 -32768 -32768 -32768 -32768 -32768 -32768 -32768 -32768 -32768 81 85 91 94 98 102 105 110 115 121 127 128 131 136 140 142 145 146 147 147 148 149 151 154 154 155 157 158 160 161 162 163 165 165 166 167 168 168 169 170 171 171 171 172 172 172 172 172 173 173 173
-32768 -32768 -32768 -32768 -32768 -32768 -32768 -32768 -32768 -32768 -32768 -32768 -32768 -32768 -32768 -32768 -32768 -32768 -32768 -32768 -32768 -32768 -32768 -32768 -32768 -32768 -32768 -32768 81 88 94 97 101 106 109 110 119 126 129 132 135 138 139 141 143 144 145 147 148 149 151 153 154 155 157 158 159 161 162 163 165 166 166 168 169 169 170 170 171 172 172 173 172 173 173 173 173 173 173
-32768 -32768 -32768 -32768 -32768 -32768 -32768 -32768 -32768 -32768 -32768 -32768 -32768 -32768 -32768 -32768 -32768 -32768 -32768 -32768 -32768 -32768 -32768 -32768 -32768 -32768 -32768 79 85 88 97 103 106 112 113 113 123 127 130 133 134 137 138 140 141 143 145 148 148 150 152 153 154 156 157 159 160 161 163 164 165 166 167 168 169 170 170 171 172 172 173 173 173 173 174 174 174 174 174
-32768 -32768 -32768 -32768 -32768 -32768 -32768 -32768 -32768 -32768 -32768 -32768 -32768 -32768 -32768 -32768 -32768 -32768 -32768 -32768 -32768 -32768 -32768 -32768 -32768 -32768 76 78 86 89 101 106 112 116 118 121 126 129 131 133 135 137 138 139 142 143 145 147 148 150 151 153 154 156 157 159 160 162 163 164 165 167 168 169 170 171 171 171 172 173 173 173 174 175 175 174 174 174 174
-32768 -32768 -32768 -32768 -32768 -32768 -32768 -32768 -32768 -32768 -32768 -32768 -32768 -32768 -32768 -32768 -32768 -32768 -32768 -32768 -32768 -32768 -32768 -32768 -32768 77 79 83 90 95 103 108 114 118 121 123 126 127 130 133 135 136 138 140 141 144 144 146 148 150 151 153 155 156 158 159 161 163 164 165 166 167 169 170 171 172 172 173 174 174 174 175 175 175 175 175 175 174 175
