Part_1_SDMs/env_data/present_climate/bioclim_15.asc
NCOLS 888 
NROWS 876 
XLLCORNER -19 
YLLCORNER -35 
CELLSIZE 0.0833333333333333 
NODATA_value -32768 
[rows 144 to 179 of 876, columns 81 to 161 of 888]
63 63 68 68 70 68 68 68 70 70 71 74 74 73 73 72 70 70 67 68 69 69 69 66 85 83 83 79 79 79 79 79 69 66 68 68 68 68 69 98 98 98 98 98 85 85 85 85 85 85 85 85 85 83 80 69 69 69 69 69 69 69 58 57 57 57 57 57 57 57 59 50 50 50 50 50 50 50 50 50 50
63 65 68 68 70 70 70 70 70 70 73 70 70 70 72 69 69 69 69 67 69 66 85 85 83 83 79 79 79 79 77 73 68 68 68 68 69 67 101 98 98 98 98 96 85 85 85 85 85 85 83 83 83 80 80 69 69 69 69 69 69 69 69 58 57 57 57 57 57 59 59 50 50 50 104 104 104 50 50 50 104
61 68 69 70 70 67 67 70 73 72 72 72 69 69 69 69 69 69 67 67 85 85 85 85 83 79 79 77 78 78 73 68 68 68 69 69 67 65 98 98 98 98 96 96 85 85 85 85 83 83 83 80 80 80 69 69 69 69 69 69 69 69 69 69 57 57 57 57 57 59 59 50 50 50 104 104 104 104 104 104 104
79 64 70 67 67 65 67 69 69 69 69 69 69 69 69 68 68 62 62 62 62 85 85 79 79 79 77 78 78 78 75 68 69 69 69 65 65 65 98 98 98 98 96 96 85 85 85 83 83 83 80 80 80 80 69 69 69 69 69 69 69 69 68 68 57 57 57 57 57 57 59 59 50 104 104 104 104 104 104 99 99
62 67 65 65 65 65 69 69 69 69 69 68 68 68 68 65 65 62 62 62 62 85 83 79 77 78 78 75 75 75 76 69 69 65 65 65 65 95 98 98 98 96 96 96 85 85 85 83 83 83 80 80 80 80 69 69 69 69 69 68 68 68 68 68 57 57 57 57 57 59 59 59 104 104 104 104 99 99 104 104 99
64 65 64 64 68 68 68 67 75 74 72 72 65 69 65 65 62 62 62 62 80 80 81 78 78 78 75 78 78 76 76 69 65 65 65 65 65 95 95 98 96 96 96 96 96 85 83 83 83 83 80 80 80 80 69 68 68 68 68 68 68 68 68 68 57 57 57 57 59 59 59 61 104 104 104 99 99 99 99 104 104
69 69 67 67 67 68 74 74 74 75 72 69 69 69 69 69 62 80 78 78 78 78 78 78 75 75 78 79 76 76 74 65 65 65 65 65 95 95 95 96 96 96 96 96 96 96 83 83 83 83 80 80 80 68 68 68 68 68 68 68 68 68 68 68 57 57 59 59 59 59 61 61 61 104 104 99 99 99 99 104 99
70 70 72 70 74 74 75 75 75 72 69 69 69 68 68 65 84 78 78 78 78 78 75 75 75 78 79 79 74 74 73 65 65 65 65 65 95 95 93 93 96 96 96 96 96 96 94 83 83 83 80 80 80 80 68 70 70 70 70 70 70 70 68 68 61 61 61 61 61 61 61 61 61 104 99 99 101 99 104 99 99
67 67 67 74 74 72 72 72 72 72 69 68 68 66 66 84 84 85 85 78 78 73 73 75 78 79 79 74 73 73 73 65 65 65 65 65 95 93 93 93 93 96 96 96 96 94 94 83 83 83 80 80 80 80 80 70 70 70 70 70 70 70 70 72 61 61 61 61 61 61 61 61 61 99 99 99 104 104 104 99 101
67 64 69 72 72 72 71 76 76 76 68 68 66 66 66 84 85 85 85 83 73 73 73 75 79 77 77 73 73 73 73 73 65 65 65 65 93 93 93 93 93 96 94 94 94 94 94 83 83 83 80 80 80 82 82 70 70 70 70 72 72 72 72 72 61 61 61 61 61 61 61 61 61 119 99 99 104 104 99 101 101
69 64 69 69 69 68 71 76 73 73 66 66 66 89 85 85 85 83 83 83 80 73 74 75 77 77 76 73 73 73 73 73 65 65 65 93 93 93 93 93 92 92 94 94 94 94 94 94 83 83 80 80 82 82 82 82 70 70 70 72 72 72 72 72 61 61 61 61 61 61 61 61 61 119 119 119 99 99 99 101 94
69 69 68 68 68 68 66 71 71 71 66 89 89 85 85 83 83 83 83 79 79 74 75 75 73 76 73 73 73 73 73 73 73 65 97 93 93 93 92 92 92 92 92 95 95 95 95 96 85 85 80 80 82 82 82 82 70 70 70 72 72 72 72 61 61 61 61 61 61 61 61 61 119 119 119 119 119 99 101 94 101
68 68 89 89 89 89 89 71 71 71 89 89 85 85 83 83 82 82 82 79 81 75 75 73 73 76 73 73 73 73 73 73 73 97 97 93 93 92 92 95 95 95 92 95 97 97 96 96 85 85 85 83 85 85 82 82 70 70 70 72 72 72 72 72 61 119 119 114 114 61 61 114 119 119 119 119 119 101 94 94 94
66 66 89 89 89 89 89 89 71 89 89 82 82 82 82 82 82 82 79 81 81 81 81 73 73 73 73 73 73 73 73 73 72 72 93 93 92 92 95 95 95 95 95 95 97 99 99 99 97 85 85 83 85 85 85 85 85 74 70 72 72 72 72 72 72 119 119 114 114 114 114 114 119 119 119 119 121 94 94 94 94
66 66 89 89 89 89 89 89 94 94 70 90 82 82 82 82 82 82 79 81 80 81 81 81 73 70 70 73 73 73 73 72 72 72 104 95 95 95 95 95 95 95 95 96 96 97 99 99 99 88 85 83 85 85 85 85 85 74 74 72 72 72 76 72 72 61 119 114 114 114 114 119 119 119 119 114 116 94 94 94 94
66 66 66 66 66 87 86 82 93 89 93 89 89 89 82 82 82 82 80 80 80 81 81 81 74 71 71 71 73 73 73 73 73 73 108 96 96 96 96 96 96 96 96 97 97 97 97 97 95 85 85 85 83 85 85 85 85 85 74 76 76 76 76 76 76 72 119 119 114 114 114 119 114 114 114 114 116 94 94 94 94
66 66 87 87 87 82 89 89 89 89 89 89 89 89 82 82 82 78 80 80 80 81 81 81 81 71 71 71 71 73 73 73 109 111 108 108 96 96 96 96 96 96 96 97 97 97 97 95 95 83 85 85 85 85 85 85 85 85 85 76 76 76 76 76 76 76 76 119 114 114 114 114 114 114 116 116 94 94 94 94 95
82 65 83 82 82 89 89 89 89 89 89 89 89 89 88 88 78 80 80 80 81 81 81 81 79 79 72 71 71 73 109 111 111 108 108 108 96 96 96 96 96 97 97 97 97 97 95 95 83 83 83 83 83 85 85 85 85 85 87 87 76 76 76 76 76 76 76 114 114 126 126 114 116 116 116 116 94 94 94 94 95
82 82 90 89 89 89 89 89 89 89 89 88 88 88 81 78 80 80 80 80 81 81 81 82 79 79 71 71 71 71 111 111 111 108 108 108 96 96 96 96 97 97 97 97 97 97 97 95 95 95 83 83 83 83 85 85 85 87 87 87 76 76 76 76 76 75 75 75 75 126 126 126 116 116 116 116 116 94 94 94 94
81 89 89 89 89 89 88 88 88 88 88 88 88 88 88 80 80 80 80 80 81 82 82 79 79 79 71 71 71 71 111 111 108 108 108 108 96 96 96 97 97 97 97 97 97 95 95 95 95 95 95 83 83 83 83 85 85 87 87 87 87 76 76 76 75 75 75 75 75 74 126 128 128 116 116 116 116 116 116 116 94
90 90 90 90 90 90 90 90 90 90 90 90 90 87 89 89 89 81 81 81 81 82 79 79 79 79 79 71 109 109 109 108 108 108 108 108 108 96 97 97 97 97 97 97 97 95 95 95 95 95 95 83 83 83 83 83 87 87 87 87 87 76 76 75 75 75 75 75 74 74 126 128 128 116 128 128 116 116 116 116 94
90 89 89 90 90 90 90 88 90 90 90 90 87 89 89 89 89 81 81 81 81 82 79 79 79 79 79 71 109 109 109 106 108 108 108 108 96 97 97 97 97 97 97 97 95 95 95 95 95 95 95 83 83 83 83 85 85 87 87 87 87 76 75 75 75 75 75 74 74 74 126 128 128 128 128 128 128 128 116 116 116
89 89 89 89 89 90 90 90 90 90 90 90 87 89 89 89 89 89 81 81 81 79 79 79 79 79 79 109 109 109 106 106 106 108 108 108 97 97 97 97 97 97 97 95 95 95 95 95 95 95 95 95 83 83 83 85 85 85 85 87 75 75 75 75 75 75 74 74 150 128 128 128 128 128 128 128 128 128 128 128 128
89 89 89 90 90 90 90 90 90 90 90 90 87 89 89 89 89 89 81 81 78 79 79 79 79 79 79 81 109 109 106 106 106 106 108 109 109 97 97 97 97 97 97 95 95 95 95 95 95 95 95 95 83 83 85 85 85 85 84 86 86 86 75 75 75 74 74 74 150 128 128 128 128 128 128 128 128 128 128 128 128
72 72 72 72 72 72 72 90 90 90 87 90 87 90 89 89 89 89 89 81 78 79 79 79 79 79 79 81 109 106 106 106 106 106 109 109 109 109 97 97 97 97 97 95 95 95 95 95 95 95 95 95 83 83 85 85 85 84 84 84 84 84 75 75 74 74 74 74 150 150 128 128 128 128 128 128 128 128 128 128 128
72 72 72 72 72 72 72 72 72 89 87 87 90 90 90 90 90 90 90 88 80 80 80 79 79 79 81 81 81 106 106 106 106 106 106 109 109 109 97 97 97 97 95 95 95 95 95 95 95 95 95 95 95 83 85 85 84 84 84 84 84 73 73 73 74 74 73 72 74 150 150 150 150 150 128 128 128 128 128 128 128
72 72 72 72 72 72 72 72 72 72 94 86 90 90 90 90 90 90 90 88 88 88 79 80 80 80 82 82 118 106 106 106 106 106 106 106 109 109 97 97 97 95 95 95 95 95 95 95 95 95 95 95 95 95 85 84 84 84 84 84 84 73 84 73 73 73 72 72 74 150 150 150 150 150 150 150 128 126 126 126 126
73 72 72 72 72 72 72 72 72 72 94 94 89 90 90 90 90 90 88 88 88 87 79 80 80 80 80 80 81 81 109 110 110 110 110 110 110 109 109 97 97 95 95 95 95 95 99 99 99 99 99 99 95 97 84 84 84 84 84 84 84 84 84 72 72 72 72 72 72 74 74 74 74 74 74 74 126 126 126 126 126
79 79 79 79 79 79 73 72 72 72 94 94 97 89 89 90 90 90 88 88 88 88 87 80 80 80 80 80 81 81 110 110 110 110 110 110 110 110 112 112 99 99 99 99 99 99 99 99 99 99 99 99 101 84 84 84 84 84 84 84 84 84 84 84 84 73 72 72 72 74 74 74 74 74 74 74 74 74 126 126 126
77 77 78 79 79 79 79 73 74 94 94 94 97 97 89 89 89 88 88 88 88 87 87 80 80 80 80 82 81 81 122 110 110 110 110 110 110 110 110 112 99 99 99 99 99 99 99 99 99 99 99 101 101 90 101 90 90 84 84 90 84 84 84 84 84 84 72 72 72 72 74 74 74 74 74 74 74 74 74 126 126
77 77 77 77 78 79 79 79 96 96 96 96 97 97 97 89 89 87 87 88 88 87 87 87 80 80 80 80 81 122 122 110 110 110 110 110 110 110 110 108 111 111 111 99 99 99 99 99 99 99 101 101 101 101 101 101 90 90 90 90 90 90 90 84 84 84 84 72 72 72 74 74 74 74 74 74 74 74 74 74 126
84 83 83 77 78 78 79 79 78 96 96 98 98 98 98 98 89 87 87 87 87 87 87 87 80 80 80 80 122 122 122 122 110 110 110 110 110 110 110 108 108 108 111 99 99 99 99 99 99 101 101 101 101 101 101 90 90 90 90 90 90 90 90 90 90 89 89 84 72 72 72 74 74 74 74 74 74 74 74 74 74
84 84 84 84 78 78 78 78 78 96 96 98 98 98 98 97 89 89 89 89 89 89 89 87 88 80 79 122 122 122 122 122 122 110 110 110 110 110 110 110 108 108 108 108 111 99 99 99 101 101 101 101 101 101 90 90 90 90 90 90 90 90 90 90 90 89 89 89 89 89 72 74 74 74 74 74 74 74 74 74 74
84 84 84 84 84 80 77 78 78 78 96 98 98 98 98 97 97 89 89 89 89 89 89 89 91 91 82 82 122 122 122 122 122 110 110 110 110 110 110 110 108 108 108 108 108 108 99 101 101 101 101 101 101 101 90 90 90 90 90 90 90 90 90 90 90 89 89 89 89 91 80 80 74 74 74 74 74 74 74 74 74
85 85 85 84 84 86 78 78 78 78 96 98 98 98 97 97 97 97 89 89 89 89 89 89 90 90 82 82 84 84 84 84 84 84 110 110 110 110 110 110 110 108 108 108 108 108 96 101 101 101 101 101 101 101 101 90 90 101 101 90 90 90 90 90 90 89 89 89 89 89 91 80 80 80 80 74 74 74 74 74 74
85 85 85 84 84 83 78 78 79 79 78 98 98 96 97 97 97 97 89 89 89 89 89 89 90 91 89 82 84 84 84 84 84 84 84 114 114 114 114 114 113 113 113 108 108 108 108 108 96 99 101 101 101 101 101 101 101 101 101 101 90 90 90 90 90 89 89 89 89 89 91 91 80 80 80 80 80 80 80 80 80
