Part_1_SDMs/env_data/present_climate/bioclim_19.asc
NCOLS 888 
NROWS 876 
XLLCORNER -19 
YLLCORNER -35 
CELLSIZE 0.0833333333333333 
NODATA_value -32768 
[rows 350 to 384 of 876, columns 80 to 159 of 888]
1607 1645 1676 1701 1718 1729 1699 1606 1514 1454 1390 1340 1289 213 209 204 202 199 197 196 195 194 194 195 197 200 205 211 215 218 219 218 214 207 196 182 173 165 158 148 141 945 899 857 826 811 821 791 783 779 773 767 760 752 745 738 734 728 722 717 712 707 705 705 705 702 700 695 692 686 679 673 668 662 651 641 631 618 607 595
1645 1685 1710 1720 1722 1715 1662 1619 1535 1464 1405 1356 1302 220 216 213 211 208 207 206 206 205 206 208 210 213 218 226 234 239 241 239 234 223 210 191 180 172 165 155 998 944 892 843 805 796 792 776 773 768 764 755 747 738 730 723 719 712 706 701 697 692 691 691 690 686 684 678 675 668 661 657 650 644 637 627 617 604 592 581
1689 1730 1742 1731 1715 1692 1648 1577 1520 1464 1411 1363 1311 1263 223 220 219 217 216 215 215 1102 1099 1095 1092 1092 1103 1127 1159 259 263 262 252 238 217 203 188 179 172 161 1005 949 894 839 797 780 775 770 765 760 750 743 734 725 719 712 702 696 691 687 684 679 677 675 673 672 666 661 656 652 645 639 635 628 623 611 601 591 581 568
1730 1785 1775 1734 1699 1663 1622 1545 1498 1462 1414 1367 1321 1275 1245 227 226 224 224 224 1126 1122 1117 1112 1108 1107 1112 1015 1051 1087 287 285 273 252 233 218 199 185 176 165 1009 955 901 852 808 786 776 769 762 754 745 734 724 713 703 694 687 682 679 675 670 666 665 661 659 657 651 646 642 635 628 623 619 614 607 595 584 576 566 556
1748 1827 1789 1722 1669 1627 1587 1540 1485 1456 1412 1368 1325 1285 1249 1212 1184 232 1159 1148 1141 1140 1136 1131 1126 993 1001 1026 1058 1092 1123 311 294 269 245 226 200 191 181 169 1007 955 905 860 825 803 789 791 765 754 743 731 717 703 690 679 673 668 666 664 659 654 651 648 648 642 638 631 627 620 614 609 604 600 593 579 570 562 552 543
1699 1739 1723 1670 1621 1581 1546 1513 1479 1443 1407 1368 1328 1294 1260 1220 1191 1167 1166 1156 1155 1158 1154 1148 1012 1009 1016 1035 1061 1088 1117 1141 305 277 251 227 207 197 183 171 1007 958 913 874 842 819 804 819 777 758 746 733 716 699 682 668 660 658 658 656 652 646 640 639 637 628 623 616 611 607 600 593 590 586 579 567 557 551 539 529
1615 1634 1620 1589 1557 1530 1508 1476 1453 1429 1402 1365 1332 1303 1275 1222 1190 1159 1159 1154 1168 1176 1168 1032 1023 1019 1024 1035 1054 1072 1094 1112 1120 273 250 218 208 197 184 170 1002 959 920 895 857 829 810 794 780 766 754 739 719 701 682 661 654 654 654 651 646 639 632 628 624 616 609 602 595 593 588 580 577 574 563 553 544 538 528 517
1540 1542 1523 1506 1492 1478 1464 1447 1427 1418 1395 1356 1333 1315 1282 1223 1174 1142 1143 1148 1167 1176 1170 1038 1027 1022 1024 1029 1040 1048 1065 1074 1074 1067 239 1005 209 194 181 169 994 957 924 900 886 848 823 806 791 775 760 743 727 710 689 674 678 661 653 650 644 636 624 620 617 605 595 587 581 577 574 569 565 563 552 540 532 524 513 505
1498 1483 1449 1441 1442 1435 1424 1412 1400 1393 1385 1356 1331 1319 1290 1225 1164 1128 1123 1141 1155 1164 1160 1034 1025 1019 1016 1018 1021 1025 1031 1032 1029 1021 1003 217 204 191 178 167 156 950 919 892 879 855 837 820 805 788 773 755 736 718 700 686 676 667 658 650 641 633 620 612 603 593 585 573 566 563 561 558 552 549 541 529 518 511 499 494
1501 1473 1437 1423 1419 1410 1401 1394 1388 1378 1368 1354 1335 1323 1283 1223 1156 1116 1112 1126 1141 1148 1147 1149 1019 1011 1005 1001 1001 998 994 991 984 975 963 209 197 184 174 163 153 144 914 895 880 865 849 836 821 804 788 770 751 734 716 702 687 676 675 665 650 631 617 606 595 582 574 559 553 551 548 546 539 535 529 516 507 498 488 480
1539 1503 1467 1444 1426 1411 1394 1388 1384 1375 1365 1351 1337 1331 1283 1225 1162 1118 1117 1125 1132 1141 1143 1147 1011 1000 990 981 975 966 959 953 943 933 921 910 189 180 171 160 151 142 911 898 891 878 866 853 840 825 809 792 772 753 735 718 702 688 674 667 661 631 616 602 590 578 568 554 545 538 534 530 525 519 515 503 496 486 474 466
1597 1552 1513 1482 1456 1435 1418 1405 1396 1383 1369 1354 1340 1330 1292 1236 1183 1148 1135 1141 1137 1137 1133 1139 1134 1124 975 961 946 937 929 916 904 893 884 873 1033 175 166 158 148 139 133 901 899 893 886 873 859 845 830 812 793 773 753 735 715 699 687 679 657 633 615 600 587 575 563 551 540 532 527 520 513 508 504 491 483 475 464 452
1665 1615 1572 1532 1500 1476 1458 1441 1422 1400 1376 1352 1337 1318 1289 1245 1203 1178 1165 1151 1139 1134 1132 1133 1123 1108 1093 1077 1068 915 901 883 869 859 852 843 835 173 164 156 147 138 907 911 910 910 907 894 878 865 853 838 815 794 774 755 737 728 714 694 673 641 618 600 585 571 559 544 536 526 520 512 503 497 493 480 472 465 452 441
1742 1688 1640 1596 1552 1530 1513 1490 1462 1427 1388 1350 1326 1300 1276 1249 1222 1202 1189 1163 1154 1149 1143 1126 1114 1089 1070 1058 1052 890 869 851 837 829 820 817 812 973 164 156 149 139 134 927 933 935 930 922 900 885 878 862 844 823 794 777 759 743 732 708 676 641 619 598 582 570 555 540 530 520 510 503 495 484 480 470 461 455 444 432
1821 1770 1722 1674 1623 1604 1585 1556 1516 1467 1409 1358 1310 1288 1271 1257 1242 1222 1193 1186 1178 1163 1144 1124 1097 1076 1058 1049 1036 1017 999 987 973 965 970 792 793 791 795 160 952 147 825 840 852 855 844 833 923 910 902 884 864 842 812 793 774 750 733 704 669 645 620 597 581 566 551 534 525 513 502 494 486 476 468 460 455 448 439 426
1903 1859 1817 1775 1736 1706 1679 1641 1589 1524 1448 1369 1306 1288 1282 1269 1253 1233 1214 1202 1191 1170 1147 1117 1094 1071 1050 1029 1013 984 964 952 941 939 945 770 773 777 790 794 816 836 861 880 883 870 865 959 949 934 924 903 881 858 827 805 785 766 735 704 665 643 620 596 578 563 546 531 520 507 495 486 478 468 459 454 449 443 434 423
1987 1949 1916 1889 1858 1822 1788 1744 1680 1602 1514 1427 1351 1325 1314 1300 1280 1263 1244 1227 1208 1181 1153 1127 1100 1070 1039 1013 979 951 938 923 915 916 918 748 929 767 774 783 811 853 896 922 918 897 886 873 960 944 934 919 890 868 832 808 793 763 730 696 667 641 617 593 577 560 541 528 514 501 488 478 471 465 454 446 443 438 429 420
2064 2033 2008 1988 1963 1930 1899 1862 1785 1692 1602 1515 1438 1394 1370 1344 1320 1296 1273 1252 1226 1197 1169 1140 1109 1068 1028 990 954 933 915 901 898 894 895 904 737 748 747 769 798 855 912 953 932 915 894 973 964 956 948 934 901 868 830 811 780 753 729 696 669 641 616 592 575 558 538 522 509 495 479 471 466 459 449 443 439 433 423 416
2099 2089 2081 2067 2045 2020 1994 1960 1884 1791 1698 1610 1536 1478 1437 1399 1366 1336 1305 1276 1248 1219 1196 1160 1122 1081 1028 981 947 923 898 884 875 871 879 887 718 717 899 917 775 819 877 917 910 898 879 964 957 949 946 927 894 855 823 796 768 741 716 687 665 634 610 587 573 554 534 517 504 491 475 467 462 453 442 438 432 427 420 414
-32768 -32768 -32768 2110 2103 2094 2068 2028 1967 1885 1796 1708 1631 1565 1507 1463 1420 1382 1346 1310 1276 1248 1223 1184 1129 1076 1027 984 946 914 886 864 853 862 863 866 866 873 881 895 911 946 848 857 980 969 957 947 937 934 928 905 876 838 809 782 758 728 699 678 653 625 602 583 568 551 531 514 501 487 474 466 460 449 439 433 426 422 417 412
-32768 -32768 -32768 -32768 -32768 2126 2117 2097 2048 1977 1892 1804 1720 1646 1582 1524 1477 1434 1390 1346 1304 1267 1241 1199 1139 1086 1036 990 948 911 880 855 846 845 833 839 846 851 863 875 882 902 917 920 935 933 924 915 910 906 897 873 848 818 795 766 738 709 687 667 645 625 597 576 563 545 527 510 497 485 474 464 456 445 439 430 422 416 413 409
-32768 -32768 -32768 -32768 -32768 -32768 -32768 2131 2119 2070 1982 1889 1803 1725 1654 1594 1539 1490 1437 1390 1338 1289 1250 1204 1153 1100 1048 999 956 917 887 859 834 815 814 822 828 833 843 852 858 864 875 884 899 895 889 877 863 861 854 837 818 799 774 747 719 696 672 653 646 617 588 569 556 539 525 509 494 483 472 462 452 442 436 426 417 412 406 405
-32768 -32768 -32768 -32768 -32768 -32768 -32768 -32768 2164 2131 2052 1961 1873 1795 1723 1661 1606 1549 1496 1442 1385 1330 1280 1229 1174 1118 1063 1015 973 936 899 864 835 813 809 814 819 819 823 831 832 839 843 849 859 855 846 834 828 824 820 809 795 780 752 728 700 676 655 635 616 596 576 562 551 535 518 505 490 480 470 459 446 438 430 420 412 404 400 397
-32768 -32768 -32768 -32768 -32768 -32768 -32768 -32768 -32768 -32768 2068 2009 1930 1855 1789 1727 1672 1617 1560 1502 1441 1380 1325 1265 1202 1142 1090 1043 997 958 914 876 846 823 817 816 813 811 808 808 809 811 818 824 823 820 807 797 792 794 790 782 771 757 738 717 683 660 638 618 600 585 572 554 543 530 515 500 486 477 468 454 442 433 425 415 405 398 392 388
-32768 -32768 -32768 -32768 -32768 -32768 -32768 -32768 -32768 -32768 -32768 2031 1977 1907 1847 1791 1738 1685 1628 1567 1505 1442 1377 1310 1242 1174 1108 1059 1021 978 935 896 865 843 830 820 811 804 797 794 790 788 787 788 783 779 766 762 761 767 760 756 748 731 714 695 672 648 626 605 592 580 565 549 536 524 510 494 484 473 463 448 437 426 417 408 398 390 383 377
-32768 -32768 -32768 -32768 -32768 -32768 -32768 -32768 -32768 -32768 -32768 2054 2015 1958 1907 1857 1808 1756 1701 1643 1578 1511 1441 1371 1297 1221 1145 1090 1053 1007 965 926 894 865 848 830 814 804 791 785 773 764 762 758 751 742 733 728 733 736 738 735 724 711 706 679 662 640 622 603 587 573 560 545 530 518 504 491 479 468 456 443 432 421 410 398 388 379 372 365
-32768 -32768 -32768 -32768 -32768 -32768 -32768 -32768 -32768 -32768 -32768 -32768 -32768 1985 1953 1919 1875 1829 1778 1719 1654 1587 1515 1440 1362 1283 1207 1143 1091 1048 997 957 921 892 867 844 825 804 789 775 754 743 739 741 727 715 704 704 709 714 718 714 705 699 686 669 652 635 620 604 586 569 556 540 526 515 501 485 473 462 447 437 424 414 403 389 379 369 360 353
-32768 -32768 -32768 -32768 -32768 -32768 -32768 -32768 -32768 -32768 -32768 -32768 -32768 -32768 -32768 1952 1933 1904 1856 1799 1735 1665 1591 1515 1434 1352 1271 1200 1139 1085 1035 990 951 918 887 860 837 818 796 770 749 730 726 725 709 701 696 691 695 699 699 696 687 680 669 658 644 630 615 600 583 566 550 534 521 509 496 482 467 456 442 430 420 408 394 382 371 362 352 342
-32768 -32768 -32768 -32768 -32768 -32768 -32768 -32768 -32768 -32768 -32768 -32768 -32768 -32768 -32768 -32768 -32768 1951 1935 1880 1811 1740 1667 1592 1509 1420 1334 1256 1188 1126 1073 1026 983 944 911 882 857 829 806 779 748 727 723 712 704 698 693 686 691 690 690 685 674 666 656 649 638 625 609 593 576 562 548 531 516 505 492 475 462 449 437 425 414 402 387 375 366 356 345 333
-32768 -32768 -32768 -32768 -32768 -32768 -32768 -32768 -32768 -32768 -32768 -32768 -32768 -32768 -32768 -32768 -32768 -32768 2000 1954 1877 1803 1733 1659 1575 1481 1389 1307 1233 1168 1110 1058 1014 974 938 905 878 845 820 785 760 742 733 715 708 705 700 691 688 685 681 676 665 655 649 640 630 616 603 588 572 556 541 527 513 501 487 472 456 443 431 420 407 394 381 370 359 349 339 329
-32768 -32768 -32768 -32768 -32768 -32768 -32768 -32768 -32768 -32768 -32768 -32768 -32768 -32768 -32768 -32768 -32768 -32768 2046 1993 1919 1847 1778 1704 1620 1526 1435 1350 1274 1207 1146 1092 1044 1001 962 925 895 858 828 799 774 753 739 724 717 712 705 700 693 685 678 668 657 647 639 630 621 609 596 583 569 553 536 523 509 495 481 466 451 438 426 414 401 388 375 364 354 343 331 323
-32768 -32768 -32768 -32768 -32768 -32768 -32768 -32768 -32768 -32768 -32768 -32768 -32768 -32768 -32768 -32768 -32768 -32768 -32768 1981 1931 1862 1795 1721 1639 1554 1468 1384 1308 1239 1178 1122 1072 1027 987 946 909 876 844 817 792 769 749 737 730 721 710 703 694 690 679 668 655 640 629 622 612 600 587 575 563 549 533 516 501 488 474 458 446 434 420 408 394 380 368 358 348 335 325 316
-32768 -32768 -32768 -32768 -32768 -32768 -32768 -32768 -32768 -32768 -32768 -32768 -32768 -32768 -32768 -32768 -32768 -32768 -32768 -32768 -32768 -32768 1773 1715 1648 1568 1487 1409 1336 1268 1205 1150 1099 1051 1008 968 932 898 866 835 811 785 768 755 739 728 718 708 696 689 679 666 648 632 620 611 604 591 579 569 557 545 529 514 497 482 467 453 440 428 415 399 385 372 361 351 340 328 316 306
-32768 -32768 -32768 -32768 -32768 -32768 -32768 -32768 -32768 -32768 -32768 -32768 -32768 -32768 -32768 -32768 -32768 -32768 -32768 -32768 -32768 -32768 -32768 -32768 1628 1568 1501 1427 1357 1292 1231 1174 1122 1076 1033 990 956 920 887 855 828 803 784 768 751 739 728 713 700 689 673 658 643 624 609 600 593 582 574 565 554 538 524 508 493 476 461 448 435 421 409 394 379 365 352 340 330 320 307 296
-32768 -32768 -32768 -32768 -32768 -32768 -32768 -32768 -32768 -32768 -32768 -32768 -32768 -32768 -32768 -32768 -32768 -32768 -32768 -32768 -32768 -32768 -32768 -32768 -32768 1555 1507 1438 1374 1311 1251 1196 1143 1097 1054 1013 975 940 905 876 845 822 802 781 762 748 736 722 703 686 668 651 559 615 597 588 583 576 570 562 549 533 516 501 486 470 455 442 429 414 399 384 370 357 344 331 320 309 298 287
