Part_1_SDMs/env_data/present_climate/bioclim_19.asc
NCOLS 888 
NROWS 876 
XLLCORNER -19 
YLLCORNER -35 
CELLSIZE 0.0833333333333333 
NODATA_value -32768 
[rows 665 to 699 of 876, columns 560 to 639 of 888]
7 7 7 8 8 8 8 8 8 8 8 8 8 8 7 7 7 7 8 8 8 7 7 2 7 3 4 6 6 10 6 11 12 12 12 5 14 7 7 6 6 6 7 7 6 6 7 6 6 7 7 5 6 6 6 6 6 6 6 6 7 7 9 10 12 16 18 20 23 24 26 27 29 30 32 34 37 37 39 40
7 7 7 7 7 7 8 8 8 8 8 8 8 7 7 7 7 7 7 7 8 7 7 7 2 3 3 8 9 9 10 12 5 6 5 5 5 6 7 6 6 6 7 7 7 7 7 7 7 7 7 5 6 6 6 5 5 5 6 7 8 9 11 13 18 21 22 25 28 29 31 32 32 33 37 39 41 42 44 44
6 7 7 7 7 7 7 8 8 8 8 8 7 7 7 7 7 7 7 7 7 7 7 7 2 3 7 4 5 5 10 6 4 10 12 5 5 6 5 5 6 7 7 7 7 7 7 8 8 8 7 5 4 4 4 4 5 5 6 7 8 11 13 18 21 25 28 29 31 34 36 36 38 41 43 45 47 48 50 50
6 6 7 7 7 7 7 8 8 8 8 8 7 7 7 7 7 7 7 7 7 7 7 6 6 2 3 4 4 5 5 5 5 4 4 4 5 5 5 5 7 8 7 7 8 8 8 8 8 8 8 6 4 4 3 4 5 5 6 7 11 13 17 21 25 30 32 33 37 41 42 43 44 47 50 51 52 54 54 54
6 6 6 7 7 7 7 7 8 8 8 8 7 7 7 7 7 7 7 7 7 6 6 1 1 2 3 3 4 5 5 5 5 4 4 3 5 5 5 6 7 8 8 8 8 8 9 8 8 8 8 6 5 4 4 4 4 5 7 7 14 22 18 25 32 36 36 39 44 47 47 48 50 52 54 57 58 57 59 58
6 6 6 6 7 7 7 7 8 8 8 8 8 7 7 7 7 7 6 6 6 6 6 1 1 1 2 2 3 6 5 11 5 4 4 4 4 5 5 7 7 8 9 9 9 8 9 7 7 7 7 6 5 4 4 4 5 5 7 8 19 32 23 31 41 43 42 44 50 51 53 54 55 58 58 60 61 63 62 64
5 6 6 6 7 7 7 8 8 8 8 8 8 7 7 7 7 7 6 6 6 6 6 6 1 1 1 2 2 4 4 7 6 4 4 4 4 5 6 6 6 7 8 9 9 8 7 7 7 7 7 6 5 4 4 4 4 5 7 9 12 41 32 39 59 56 47 51 54 56 58 59 61 61 63 65 65 66 66 68
5 6 6 6 7 7 7 8 8 8 8 8 8 8 7 7 7 7 7 6 6 6 6 1 1 1 1 2 2 2 7 4 5 4 3 4 4 6 6 6 6 7 8 9 9 9 9 9 8 8 8 8 6 6 4 4 6 7 9 11 17 46 42 49 71 66 54 54 60 61 64 65 65 68 67 70 70 71 70 71
6 6 6 7 7 7 8 8 8 8 8 8 8 8 7 7 7 7 7 7 6 6 6 1 1 1 1 2 2 2 4 4 4 4 3 3 4 6 6 6 6 7 9 9 10 10 10 10 11 9 9 8 7 7 7 7 8 9 10 15 29 53 68 61 75 70 60 60 64 64 66 69 70 72 73 73 74 75 74 74
6 6 7 7 7 8 8 7 8 8 9 8 8 8 7 7 7 7 7 7 7 6 6 1 1 1 1 3 2 2 6 4 4 4 4 4 4 5 6 5 5 7 9 9 12 12 12 11 10 10 9 9 9 8 8 8 11 17 19 21 43 55 91 94 82 74 65 65 66 67 71 71 74 75 78 77 77 77 78 77
7 7 7 7 8 8 7 8 8 8 8 9 8 8 8 7 7 7 7 7 7 7 7 8 3 2 2 3 3 6 6 4 4 4 4 5 4 5 6 6 6 7 8 9 10 12 12 12 11 10 10 9 9 9 10 12 19 27 25 35 53 56 86 88 80 73 71 68 70 68 73 75 76 77 82 82 84 92 80 80
7 7 7 8 8 7 8 8 8 8 8 8 9 8 8 7 7 8 8 8 7 7 7 2 2 2 2 3 3 3 6 4 4 4 5 5 4 5 5 5 6 7 8 9 9 11 12 12 12 12 10 11 11 12 12 16 23 33 41 48 57 73 81 80 70 68 73 70 70 72 73 76 78 80 82 87 116 116 84 79
7 7 8 8 8 8 8 9 9 9 9 8 9 8 8 7 7 7 7 8 8 8 8 8 2 2 2 3 3 3 3 5 5 5 6 6 5 5 5 5 6 7 8 9 10 10 12 13 13 13 12 13 12 13 12 16 22 29 37 55 75 80 65 70 71 67 69 70 69 71 72 76 78 79 82 87 115 112 88 79
7 8 8 8 8 8 8 9 9 9 9 8 9 9 8 8 7 7 8 8 8 8 8 8 2 2 2 3 3 3 4 5 5 5 5 6 5 5 5 5 6 7 8 9 12 13 14 15 15 15 15 14 14 14 16 20 20 26 35 46 60 43 60 68 61 64 64 66 67 71 71 74 78 81 83 86 92 98 82 80
7 8 8 8 8 9 8 9 9 9 9 9 8 9 8 8 8 9 8 8 8 8 8 8 2 7 2 2 3 3 4 5 5 5 5 5 5 5 5 5 6 8 8 9 12 15 15 18 17 16 16 15 15 15 17 18 20 24 31 39 45 51 67 56 57 59 61 66 65 66 68 69 75 78 83 84 87 88 85 79
7 7 8 8 8 9 9 8 9 9 9 9 8 9 9 8 9 9 9 9 8 8 8 8 8 7 2 2 2 3 4 5 5 6 6 6 6 6 6 6 7 8 8 10 11 13 14 16 18 15 15 14 14 14 16 18 17 19 30 42 79 98 57 54 53 57 59 60 62 64 67 68 70 73 78 83 84 87 79 72
2 2 7 8 8 8 9 9 8 8 9 9 8 9 9 8 9 9 9 10 10 9 9 8 8 2 2 2 2 3 4 4 5 6 6 6 6 6 6 6 7 9 9 10 10 13 13 14 17 14 13 13 14 14 14 16 15 16 30 50 85 90 53 48 51 54 58 60 61 65 67 70 70 70 73 80 79 79 71 68
2 1 6 7 8 8 8 9 9 9 8 9 9 9 8 9 9 9 10 10 10 9 9 9 9 8 3 3 4 4 4 4 5 6 6 6 5 6 6 8 9 9 10 10 11 13 13 14 16 13 13 13 12 13 13 15 14 16 21 35 55 29 39 41 45 52 59 56 59 64 65 67 70 70 70 70 72 73 66 66
2 1 6 6 7 8 8 8 8 8 9 9 9 8 10 9 9 10 10 10 11 10 10 10 9 3 3 3 4 4 5 4 4 6 6 6 6 6 7 9 9 9 10 11 10 12 12 12 12 12 12 12 12 12 12 15 15 15 23 31 39 28 36 37 41 50 50 53 57 61 62 64 68 70 70 69 65 64 63 62
2 1 0 6 7 7 7 8 8 8 8 8 8 9 10 9 9 10 10 10 11 10 10 9 9 4 3 3 4 4 4 4 4 5 6 6 7 7 8 9 9 9 9 10 11 11 11 11 11 11 11 11 12 13 15 17 15 16 19 28 38 43 30 34 38 42 46 50 56 58 61 67 67 67 67 66 61 57 59 60
2 1 1 1 1 7 1 7 7 8 8 8 9 9 8 9 10 9 9 9 10 10 10 10 10 9 4 5 4 4 4 4 4 5 5 6 7 7 9 9 9 9 9 10 10 10 9 9 10 10 10 9 12 12 13 15 15 15 24 28 47 40 28 31 35 39 43 47 52 58 61 63 63 60 60 57 55 55 55 58
3 1 1 1 1 1 7 7 7 7 7 8 8 8 8 9 9 9 9 9 9 9 9 10 6 6 9 5 5 4 4 4 4 5 5 6 7 7 9 10 10 10 10 12 12 11 9 9 9 10 10 9 9 12 13 15 17 14 18 21 28 24 27 30 34 38 40 44 50 55 57 57 56 55 55 52 51 52 52 54
2 1 1 1 1 1 6 7 7 7 8 8 8 8 9 9 9 9 9 9 9 9 10 9 6 6 6 6 6 5 4 5 5 5 6 8 8 9 9 10 10 11 11 11 11 10 8 8 8 8 9 9 9 9 11 13 13 12 14 17 26 32 27 30 33 41 40 43 50 53 53 53 49 48 50 48 50 50 48 52
2 2 2 1 1 1 6 6 6 7 8 8 8 9 9 9 9 9 9 9 9 9 9 5 5 5 7 7 7 6 5 5 6 8 8 8 8 9 9 10 11 11 11 11 9 8 7 8 8 8 8 8 8 8 9 9 10 11 13 15 34 64 35 31 34 40 42 43 47 51 51 45 45 46 46 46 48 47 47 51
2 3 2 2 2 2 1 6 6 6 8 8 9 9 4 9 9 8 8 7 8 9 4 4 5 6 7 8 8 7 7 7 8 8 9 10 9 8 10 12 12 11 11 10 9 8 7 7 7 8 8 8 8 7 7 9 9 10 12 16 29 49 34 32 38 50 42 45 46 48 50 40 43 43 46 49 48 47 48 50
2 3 4 2 2 2 2 6 6 7 8 8 9 4 4 4 8 7 7 7 7 8 4 4 6 6 7 9 9 8 8 9 9 9 10 11 10 10 11 11 12 11 10 10 9 8 8 8 7 7 8 10 7 6 6 7 8 10 13 16 26 41 39 37 40 43 44 46 46 46 39 37 40 43 46 47 46 48 47 49
6 5 4 3 3 4 5 5 6 2 2 2 2 4 5 4 8 7 7 7 3 3 3 5 6 6 6 9 8 9 9 15 15 9 10 11 9 10 10 10 11 11 9 9 9 8 8 8 8 7 7 10 7 6 6 6 8 9 18 24 38 55 57 52 44 46 41 42 47 40 36 38 39 41 43 46 46 45 46 50
6 6 5 4 4 5 1 5 6 1 2 2 2 4 4 4 9 7 7 6 6 3 5 6 6 6 7 8 8 9 9 8 9 8 9 9 9 10 10 10 10 12 11 10 9 9 9 9 9 9 8 10 8 7 6 6 7 9 21 27 43 57 70 63 63 84 60 45 48 38 38 39 39 40 41 42 44 45 48 50
7 7 5 5 5 5 5 6 2 1 2 3 5 4 4 4 4 9 7 6 7 10 5 6 6 7 7 7 7 9 9 8 8 9 9 9 9 11 11 10 12 12 14 14 12 12 12 11 11 11 11 9 8 7 7 6 7 13 28 40 54 68 77 77 96 93 80 45 37 37 37 38 40 40 40 40 41 43 45 48
8 8 7 6 6 6 6 6 7 3 3 4 5 4 4 4 4 10 10 12 12 13 7 7 7 7 7 7 7 7 8 8 8 8 9 9 9 16 12 12 12 14 15 15 15 14 15 15 15 14 14 11 9 8 7 7 8 17 46 70 79 84 91 92 97 91 57 34 34 37 37 38 40 40 39 40 40 43 42 46
9 9 8 8 7 7 6 7 8 9 9 4 5 4 4 4 4 11 3 13 9 9 8 8 8 8 7 7 7 7 7 8 8 8 14 11 17 17 12 12 14 17 19 20 17 18 21 23 26 19 16 15 13 9 8 7 9 20 58 81 91 98 106 107 94 46 37 31 34 35 37 38 39 38 41 42 42 42 42 44
10 10 10 8 8 8 7 7 8 9 3 4 4 4 4 4 4 4 3 6 15 7 8 8 8 8 8 8 7 7 7 7 8 15 16 11 18 17 12 14 16 20 23 23 24 28 30 30 35 30 21 17 13 12 10 9 12 30 56 75 77 76 71 57 40 35 37 32 35 35 38 41 41 39 43 45 46 46 44 45
10 10 10 10 9 8 8 7 8 8 9 10 4 4 4 4 5 5 6 6 13 6 14 8 9 8 8 9 7 8 8 9 8 9 12 15 13 19 16 19 24 27 28 30 32 33 31 32 29 26 22 18 17 13 11 11 12 23 39 65 82 79 88 53 39 34 34 34 35 37 39 41 39 39 44 48 48 47 45 45
11 10 10 10 10 10 8 8 6 6 10 12 12 11 9 4 5 5 6 6 6 13 14 8 9 9 8 9 10 8 9 9 9 10 9 11 11 20 23 26 30 32 35 37 32 33 31 30 28 28 25 21 17 13 12 11 14 29 59 67 61 70 67 42 37 39 38 35 35 36 38 39 38 42 48 50 48 47 45 45
11 11 10 9 9 9 9 9 6 6 10 13 11 10 4 4 4 5 6 6 7 8 8 8 8 9 8 10 10 9 9 9 10 10 12 13 14 23 33 33 32 31 34 36 31 31 31 30 28 26 25 21 17 14 12 12 15 36 60 62 54 42 59 45 38 35 40 32 34 35 36 37 40 45 50 50 48 47 46 45
