Part_1_SDMs/env_data/present_climate/bioclim_10.asc
NCOLS 888 
NROWS 876 
XLLCORNER -19 
YLLCORNER -35 
CELLSIZE 0.0833333333333333 
NODATA_value -32768 
[rows 70 to 104 of 876, columns 237 to 315 of 888]
305 305 306 307 307 308 309 309 310 310 312 312 312 313 314 315 316 318 319 320 321 322 323 324 326 325 324 320 319 320 321 322 320 322 323 325 326 326 326 326 328 328 327 327 327 328 327 327 327 327 326 327 328 326 329 329 329 329 329 329 328 329 329 330 329 330 330 329 329 329 329 329 329 329 328 328 328 327 327
307 308 308 309 309 310 311 312 312 312 313 314 314 315 316 317 318 319 320 321 322 323 324 325 326 325 324 323 323 323 324 326 324 323 325 326 328 328 328 328 329 329 329 329 329 328 328 328 328 328 328 329 328 327 329 330 329 329 329 328 329 330 330 330 330 331 331 331 331 331 330 330 330 329 329 329 328 327 327
309 309 310 311 312 313 314 314 314 314 315 316 317 317 318 319 319 320 322 323 323 324 325 326 326 327 327 327 328 328 325 324 326 327 328 329 329 328 328 329 330 330 330 330 330 329 329 329 329 329 329 328 329 328 330 330 329 330 330 330 330 331 331 331 332 332 332 332 332 332 331 331 331 330 329 329 329 329 328
311 311 312 314 314 315 315 316 316 317 318 318 319 319 319 320 321 322 323 324 325 326 326 327 328 328 327 326 326 328 330 327 327 327 328 329 329 330 330 330 330 330 330 330 330 330 330 330 329 329 329 329 328 329 330 329 330 331 331 330 331 332 333 333 333 334 333 333 333 332 331 331 331 330 330 330 329 329 328
312 313 314 315 316 317 317 318 319 320 320 320 321 320 321 321 322 323 325 325 326 326 327 329 329 329 329 327 329 330 327 327 327 328 329 330 330 331 331 331 331 331 331 331 331 331 331 330 330 330 330 330 329 330 330 331 331 332 331 331 333 334 333 334 335 335 335 335 334 333 333 332 332 331 331 330 330 329 328
313 313 314 316 317 318 319 320 320 320 320 321 321 321 322 323 323 324 326 326 326 328 328 329 330 331 331 331 332 332 331 329 329 330 330 331 331 331 331 332 332 332 332 332 332 332 332 332 331 332 332 331 330 331 332 332 333 333 332 333 334 334 334 335 336 336 336 335 335 334 334 333 333 332 332 332 331 330 330
315 315 316 316 318 320 320 320 321 321 321 321 322 322 323 324 325 325 326 326 327 328 329 330 331 331 330 331 332 332 331 331 330 331 332 333 332 331 332 332 332 333 332 332 333 333 333 333 333 333 334 334 334 333 333 334 334 334 333 334 335 334 335 336 337 337 336 336 335 335 334 333 333 332 332 331 331 330 329
317 317 317 317 320 321 321 321 321 321 322 322 323 323 323 324 325 326 326 327 327 328 329 330 331 331 332 331 331 329 329 330 331 332 333 333 332 332 332 333 333 333 333 333 333 334 333 333 335 335 335 335 334 334 335 335 335 334 335 334 335 336 337 337 337 337 337 336 336 335 335 334 334 333 332 332 332 331 331
319 319 319 319 321 322 322 322 322 323 323 323 323 323 324 324 325 326 326 327 328 328 329 330 330 331 331 332 332 330 330 331 332 333 333 333 333 333 333 334 334 334 334 334 334 334 334 335 336 335 335 335 335 336 336 336 335 335 335 336 336 336 337 337 337 337 337 336 336 335 335 334 334 334 333 333 332 331 331
321 322 321 322 322 322 323 322 323 323 323 324 324 323 324 324 325 326 326 327 328 328 329 329 330 330 330 331 331 331 331 331 333 333 333 333 333 334 334 334 335 335 335 335 335 335 335 335 335 335 336 336 336 336 337 336 336 336 336 336 337 337 337 338 337 337 337 337 336 336 335 335 335 334 334 333 332 332 331
322 323 324 324 324 323 324 323 323 323 324 324 324 324 324 325 326 326 327 327 328 328 328 329 329 329 330 331 330 331 331 331 332 334 334 333 334 334 334 335 335 335 336 336 335 335 336 336 336 336 336 337 337 337 337 337 336 336 336 337 337 337 337 337 338 337 337 337 337 336 336 336 335 334 334 333 333 333 332
324 325 325 325 325 324 325 325 324 325 325 325 325 325 325 326 326 327 327 328 328 328 328 329 329 329 330 329 329 330 331 332 333 333 334 333 333 334 335 336 335 336 336 336 336 337 338 338 336 336 337 337 337 338 337 337 337 336 337 337 337 337 337 337 337 337 337 337 337 336 336 336 335 334 334 334 334 333 332
325 326 325 325 326 326 326 325 325 325 325 326 325 325 326 326 327 327 327 327 328 328 328 329 328 329 329 328 328 329 330 331 333 332 332 334 334 334 335 336 336 336 336 336 337 338 338 337 336 337 337 338 338 338 337 337 337 337 337 337 338 337 337 337 338 338 338 338 337 337 336 336 335 335 335 334 334 333 332
325 326 325 326 327 326 326 326 326 326 326 326 326 326 326 327 327 327 327 327 327 328 328 328 328 328 328 329 329 329 331 332 332 332 333 333 334 335 335 336 337 337 337 337 337 337 337 336 337 338 338 339 339 337 338 337 337 337 338 338 338 338 337 338 338 338 338 338 337 337 336 336 336 335 335 334 334 333 333
327 327 327 327 327 327 327 327 327 326 327 327 327 327 327 327 327 327 327 327 327 327 327 327 327 326 327 328 329 329 331 332 333 332 333 333 334 335 336 336 336 337 338 337 337 337 337 337 338 338 339 339 339 339 338 337 338 338 338 338 338 338 338 338 338 338 338 338 337 337 337 337 336 336 335 335 334 334 333
328 328 328 328 328 328 327 327 327 327 327 327 328 328 327 327 327 327 327 327 327 327 327 327 327 326 326 327 328 329 331 331 332 333 333 334 334 335 336 337 336 337 338 338 339 338 338 339 339 339 339 339 339 339 338 337 338 338 338 338 338 338 338 338 338 338 338 337 337 337 337 337 336 336 335 335 335 334 333
329 329 329 329 328 329 328 329 329 328 328 328 328 328 328 328 327 328 327 328 327 327 327 327 327 327 326 328 329 329 331 331 332 333 333 334 335 335 336 337 337 337 338 339 339 338 338 340 340 339 339 339 339 339 338 338 338 339 339 338 338 338 339 338 338 338 338 338 338 338 338 337 337 336 336 335 335 334 334
330 330 330 330 330 329 329 329 330 329 329 329 329 329 329 328 328 328 328 328 328 327 327 326 326 327 326 327 329 330 331 331 332 333 333 334 335 335 336 337 337 337 338 338 338 339 339 340 340 340 340 340 340 338 338 338 339 339 339 339 339 338 339 339 338 338 338 338 338 338 338 337 336 337 336 335 335 335 334
332 331 331 331 331 331 330 330 330 330 330 330 330 330 329 329 328 328 328 328 328 327 327 326 326 326 326 327 329 330 331 330 332 333 334 334 335 336 336 336 337 338 338 338 339 339 340 340 340 340 340 340 339 339 339 339 340 339 339 339 339 339 339 339 338 338 338 338 338 338 338 337 337 336 336 336 335 335 334
332 332 332 332 332 332 331 331 330 330 331 331 331 331 330 330 329 329 329 329 329 328 327 326 326 327 326 328 329 331 332 330 331 333 334 334 336 336 336 337 337 339 340 339 340 339 340 340 341 340 340 340 340 339 339 339 340 339 339 339 339 339 339 338 338 338 338 339 338 338 337 337 337 337 336 336 336 335 335
333 332 333 333 333 333 332 332 332 331 331 332 331 331 331 331 330 330 329 329 329 329 328 327 327 327 328 330 330 332 332 331 331 333 334 335 336 336 336 337 339 339 339 339 340 340 340 340 340 340 339 339 340 340 339 340 340 340 340 339 339 339 339 339 338 339 339 338 338 338 338 338 337 337 337 336 336 335 335
334 334 334 334 333 333 333 333 333 333 332 332 332 332 332 332 331 330 330 330 329 329 329 328 329 328 329 330 331 332 331 330 331 333 334 334 336 335 336 337 339 338 338 340 340 339 340 340 340 339 339 340 340 339 339 340 340 340 340 339 339 339 339 338 338 339 339 339 338 338 338 337 337 337 337 336 336 335 335
335 335 335 335 335 334 334 334 334 334 334 333 333 333 332 332 332 331 331 330 330 329 329 329 328 329 330 331 331 333 332 332 332 333 334 334 335 335 336 337 338 338 339 340 340 339 340 340 340 339 340 340 340 340 340 340 340 340 339 338 339 339 339 339 338 339 339 339 338 338 338 338 337 337 337 337 336 336 335
336 336 336 336 336 335 335 335 335 335 335 335 334 333 333 333 333 332 332 331 330 330 330 328 328 329 330 331 332 331 331 332 333 334 335 334 335 335 336 337 338 338 339 339 340 340 340 340 340 340 340 340 340 339 340 340 340 339 338 338 339 339 339 339 339 339 339 339 338 338 338 338 337 337 337 337 336 336 335
337 336 337 337 337 337 336 336 336 336 336 336 335 335 334 333 333 333 333 332 332 331 330 329 330 331 330 331 332 330 331 332 333 334 335 335 335 335 336 337 338 339 339 339 340 339 340 340 340 340 340 340 340 339 339 339 339 338 338 338 339 339 339 339 339 339 339 338 338 338 338 338 337 337 337 337 336 336 335
338 338 338 338 338 338 338 337 337 337 337 337 336 336 335 334 334 333 333 332 331 330 329 330 331 331 331 332 332 331 332 332 333 333 334 335 335 336 337 338 339 339 339 340 339 339 339 340 340 340 340 340 339 339 339 339 339 338 338 338 339 339 339 339 339 339 339 339 339 338 338 338 337 337 337 337 337 336 335
340 340 339 339 339 339 339 339 338 338 337 337 336 336 336 335 335 333 331 330 329 329 330 330 330 331 332 333 331 331 332 333 334 334 334 335 335 336 338 338 339 339 338 339 339 339 340 340 340 340 340 339 339 339 340 339 339 339 339 339 339 339 339 339 339 339 338 338 338 338 338 338 338 337 337 337 336 336 335
340 340 341 340 340 340 339 339 339 339 338 338 337 336 336 336 335 330 328 329 329 329 330 331 331 332 333 332 331 331 332 333 334 334 335 336 337 338 338 338 338 338 338 339 339 339 340 340 340 340 339 339 339 340 340 339 339 339 338 339 339 339 339 339 339 339 339 338 338 338 339 338 337 337 337 337 336 336 335
342 341 342 342 341 340 340 340 340 340 340 338 338 336 336 336 334 330 330 330 329 330 331 332 333 332 331 331 331 332 333 334 334 335 337 337 338 337 337 338 337 338 339 339 339 339 340 340 339 339 339 339 339 339 339 339 339 339 338 339 339 339 339 339 339 339 339 338 338 338 339 338 337 337 337 337 336 336 335
343 343 342 343 342 341 341 341 340 340 340 339 338 337 335 335 332 330 331 330 330 331 332 332 332 331 331 331 331 332 333 334 335 337 338 338 338 337 337 337 337 338 339 339 339 339 339 339 338 338 339 339 339 339 340 340 339 339 338 340 339 339 339 339 339 339 339 338 338 338 338 338 337 337 337 336 336 336 335
344 343 343 343 343 343 342 342 340 340 338 337 339 338 335 334 332 332 331 331 331 331 332 332 331 331 331 331 333 333 334 334 336 337 336 338 337 336 337 336 337 337 338 339 339 338 338 339 338 339 339 339 339 339 340 339 339 339 339 339 339 339 339 339 339 339 339 339 338 338 338 338 338 337 337 336 336 335 336
345 344 344 344 343 343 343 343 341 338 337 335 337 337 331 331 332 332 332 332 333 333 333 332 331 331 331 332 333 333 334 334 337 337 339 338 338 337 336 336 337 337 338 338 337 338 338 338 338 338 338 339 339 339 339 339 340 339 339 339 339 338 339 339 339 339 339 339 338 338 337 338 338 337 337 336 336 336 336
345 345 345 345 344 343 343 343 343 342 340 337 334 333 332 333 333 333 333 334 334 334 332 331 331 331 332 332 332 333 334 335 337 337 337 337 337 338 337 336 337 337 338 337 337 337 338 338 338 338 338 339 339 339 339 339 340 339 339 339 339 339 339 339 339 339 339 339 338 338 337 337 338 337 336 336 336 336 337
346 346 346 345 345 344 343 343 343 342 341 336 334 334 334 334 334 334 334 335 334 331 330 330 331 331 331 331 332 334 335 335 336 337 336 337 337 338 337 336 336 337 337 337 337 337 338 338 339 339 339 339 339 339 339 339 339 339 340 339 339 339 339 339 338 339 339 339 338 338 337 338 337 337 336 336 336 336 336
347 346 346 346 345 345 344 344 343 342 340 336 336 336 335 336 336 335 335 334 331 330 330 330 331 331 331 332 333 334 334 335 336 336 336 337 337 336 336 336 337 337 337 336 337 338 338 338 340 339 338 339 339 339 339 339 339 339 340 339 339 339 339 338 339 339 339 339 339 338 337 337 337 336 336 337 337 336 336
