Part_1_SDMs/env_data/present_climate/bioclim_6.asc
NCOLS 888 
NROWS 876 
XLLCORNER -19 
YLLCORNER -35 
CELLSIZE 0.0833333333333333 
NODATA_value -32768 
[rows 350 to 384 of 876, columns 632 to 710 of 888]
194 194 193 191 190 189 187 185 182 178 168 142 126 130 140 143 142 140 139 133 130 129 123 119 116 113 109 107 104 104 103 103 103 103 102 99 110 110 111 109 101 103 104 98 90 73 72 70 65 60 45 49 57 80 86 85 83 81 80 78 79 78 81 84 88 88 84 85 96 109 121 124 120 130 132 129 129 125 120
194 193 192 191 190 189 187 187 184 176 159 132 123 134 139 142 144 145 141 134 131 126 122 118 115 111 101 100 103 104 103 102 104 105 98 97 109 111 112 112 106 107 104 96 86 78 73 65 60 68 64 66 62 78 84 84 82 82 81 81 82 85 84 83 89 91 86 92 107 115 122 123 123 129 128 125 125 117 105
194 192 192 191 190 189 189 187 184 175 156 145 135 141 140 141 146 146 139 133 128 124 119 115 112 109 102 100 94 96 101 101 104 106 107 108 110 112 113 114 109 108 107 102 94 89 84 83 85 86 84 84 77 74 81 82 80 75 75 82 86 89 89 90 91 97 92 98 112 109 115 123 126 126 122 120 112 99 87
193 193 192 191 191 190 189 188 185 174 155 153 137 142 145 147 152 147 143 134 127 122 118 115 112 109 105 99 96 92 98 96 101 106 108 109 111 112 113 113 111 110 106 104 101 96 94 94 94 94 93 93 81 66 76 75 64 54 66 78 87 88 84 99 100 101 101 107 111 100 114 123 120 115 114 109 100 79 79
193 193 192 192 191 191 190 189 186 181 167 154 152 146 146 153 150 147 143 136 133 127 123 120 113 105 105 103 100 92 92 91 89 102 107 108 111 111 111 109 110 109 101 95 107 103 102 99 99 98 97 96 91 81 74 66 49 46 60 74 88 94 96 103 105 106 107 106 109 114 116 113 102 102 97 93 74 73 100
193 192 192 192 192 192 191 190 188 186 181 168 160 154 149 157 144 140 137 132 128 124 118 114 114 113 109 104 102 92 91 89 88 90 96 106 110 111 109 108 109 108 100 88 107 109 105 102 100 99 97 95 93 85 68 51 38 51 74 79 90 96 100 104 105 104 104 106 109 107 101 90 85 84 77 63 66 99 114
193 193 193 192 192 192 191 190 189 187 184 180 173 168 154 157 142 134 131 129 126 122 118 114 109 109 103 95 92 89 82 82 82 81 85 95 109 110 109 106 107 104 91 92 105 111 111 103 99 96 95 94 88 70 56 44 41 65 86 80 94 96 98 100 97 101 98 98 100 93 83 79 74 68 62 52 94 112 117
193 193 192 192 192 191 191 190 188 186 184 181 177 173 167 163 152 145 135 130 126 123 119 115 112 106 99 92 88 84 81 80 80 81 84 91 105 109 106 103 102 100 87 91 103 106 114 113 98 93 91 89 75 62 42 39 65 86 89 90 94 97 97 93 93 87 86 87 90 81 79 77 72 69 69 40 95 114 119
193 192 191 191 191 189 189 188 185 183 179 177 175 171 162 149 135 140 138 132 127 124 122 118 113 107 96 89 88 85 82 81 84 85 94 100 104 108 98 99 96 93 90 87 101 94 100 110 92 90 88 80 67 49 37 61 83 90 90 88 95 97 98 97 90 81 75 76 77 74 73 75 74 79 76 66 85 104 111
192 192 191 190 189 188 186 184 182 179 177 173 171 168 156 145 124 125 135 132 129 125 123 119 112 105 95 89 89 85 83 83 93 96 101 104 104 98 93 94 91 88 89 85 96 88 89 110 91 86 78 69 57 47 40 63 86 91 89 92 96 98 98 96 93 81 68 66 63 49 62 73 73 75 80 90 110 115 122
192 191 190 189 187 185 183 180 177 174 174 172 170 167 158 131 120 120 133 127 128 125 122 119 109 103 94 90 89 87 85 87 85 86 98 102 92 88 89 89 82 81 85 85 90 86 83 118 95 81 69 58 53 53 55 73 90 86 87 91 97 97 96 93 87 63 42 32 29 21 59 70 71 77 81 83 98 113 118
192 190 189 187 186 183 180 177 174 172 172 171 169 166 153 132 120 116 128 124 116 124 122 118 111 100 94 89 89 86 85 84 81 82 92 97 97 88 84 82 79 82 82 87 88 81 79 112 94 78 66 50 57 63 76 78 85 82 88 95 97 96 93 82 66 51 36 31 9 25 61 67 68 68 77 81 95 112 119
192 190 188 186 184 181 178 174 170 168 169 169 167 166 156 127 111 109 125 127 109 114 121 118 110 99 92 89 86 81 83 85 85 84 84 85 85 83 80 80 82 81 84 88 86 78 98 103 86 73 63 56 70 76 77 81 86 89 95 97 92 75 82 61 50 47 48 45 21 39 67 70 66 66 65 65 69 77 109
191 190 188 186 183 180 177 173 169 168 167 166 165 166 162 148 140 117 123 124 107 105 115 113 108 96 90 88 82 78 86 89 86 83 80 78 80 82 81 81 83 83 83 84 86 88 111 98 83 68 61 68 76 77 82 84 89 98 101 102 101 95 74 43 41 45 47 47 27 47 73 86 72 65 71 64 63 73 86
192 190 187 185 183 180 177 174 170 168 166 165 165 166 164 152 146 142 127 107 118 104 107 106 102 93 93 99 98 89 93 87 81 81 80 82 83 83 82 82 83 82 82 83 88 115 115 93 83 68 69 69 78 79 85 87 93 101 102 103 102 101 69 34 38 43 45 42 29 51 61 79 93 71 71 75 66 79 99
192 190 188 186 183 180 177 174 172 169 169 168 165 164 164 157 151 147 142 123 115 108 96 99 100 103 109 112 107 99 103 102 99 96 85 82 83 82 82 84 84 82 73 72 87 115 97 87 84 78 74 76 81 81 84 86 91 100 99 102 101 99 66 35 37 40 43 38 36 50 66 72 88 97 87 77 83 93 103
192 190 188 186 184 181 178 176 173 172 172 169 167 165 162 158 155 151 145 134 116 99 96 95 100 104 105 104 97 99 105 111 114 105 94 83 80 75 80 83 85 79 64 79 111 117 99 87 83 78 80 84 83 82 78 85 94 102 103 100 91 83 53 38 35 39 41 39 38 52 77 90 97 99 101 91 98 108 108
193 191 189 187 185 183 179 177 175 173 171 171 169 166 160 159 155 152 139 122 106 102 103 101 98 101 101 97 101 99 100 99 98 91 101 113 99 85 87 89 83 92 98 114 136 111 90 73 78 76 81 79 84 84 80 86 93 96 93 89 74 65 46 38 33 18 29 38 33 51 68 69 68 79 65 61 61 66 68
193 192 190 188 185 183 181 179 177 174 171 172 172 169 165 165 155 153 138 129 121 120 125 117 107 108 103 104 99 93 102 92 84 86 88 101 107 117 106 110 109 110 125 113 133 109 94 87 84 75 76 86 93 91 85 83 89 94 89 81 66 56 43 41 37 33 39 40 41 49 53 47 34 48 54 58 60 62 62
193 192 191 189 187 184 181 180 178 175 173 172 171 169 167 164 161 156 146 137 132 136 136 130 126 118 109 118 98 94 96 100 87 77 72 88 95 118 120 125 124 133 125 102 122 125 128 113 107 98 93 90 98 96 87 80 83 85 87 74 60 49 46 43 41 40 41 43 45 49 43 28 21 38 46 56 58 61 64
193 192 191 190 188 186 184 182 180 178 177 173 171 168 166 163 156 161 156 151 139 134 128 123 113 107 126 136 123 101 106 102 101 91 81 87 99 106 105 104 96 117 117 109 113 138 127 116 113 107 102 98 105 102 92 81 91 93 88 72 56 53 50 46 43 42 45 47 48 47 38 25 23 29 38 51 53 57 57
194 193 191 190 189 187 186 184 182 180 178 176 174 170 162 157 158 163 152 144 144 130 127 123 106 108 119 134 137 115 111 115 106 95 106 115 126 131 123 111 98 97 101 108 131 144 124 112 115 112 107 108 111 110 99 88 96 95 93 77 58 56 52 48 45 44 45 46 47 43 34 16 15 17 28 41 50 54 54
195 193 192 191 189 188 187 185 183 181 180 178 175 172 141 131 139 159 157 146 148 138 130 106 102 107 123 144 150 128 109 121 109 120 126 128 139 150 134 115 110 116 111 127 146 151 137 122 117 106 110 111 101 113 103 91 90 88 82 65 59 56 53 49 45 41 40 40 40 34 19 9 6 -1 10 28 40 41 40
195 194 192 191 190 188 187 187 185 183 181 178 176 172 162 141 114 140 153 147 146 134 122 113 118 111 121 139 151 127 129 151 138 149 147 137 151 150 125 116 117 125 105 149 156 148 132 121 121 106 115 122 123 121 104 94 89 86 71 61 59 56 53 50 44 33 31 29 34 25 10 15 -1 -11 -8 14 59 75 76
195 194 193 192 191 188 187 187 186 183 183 178 178 175 170 134 113 123 143 148 140 137 135 126 119 114 115 121 152 151 150 162 158 163 149 151 158 152 131 148 144 125 143 156 123 114 120 127 125 123 120 130 133 125 108 98 97 88 70 57 58 57 54 52 44 31 34 32 30 26 43 49 23 1 -3 24 85 115 118
196 195 193 192 191 190 188 188 186 184 184 182 181 175 174 157 120 128 155 155 154 140 147 129 125 128 131 127 161 168 156 151 155 153 148 159 164 161 153 160 149 156 158 151 140 127 137 132 124 131 132 137 139 128 108 106 92 80 64 56 61 59 56 54 48 48 48 48 41 39 61 78 60 47 27 65 97 116 128
196 196 194 193 192 191 189 188 187 184 183 182 182 181 179 175 163 149 162 164 155 129 136 150 146 136 133 148 164 174 164 139 147 130 162 166 136 126 144 161 161 158 155 134 124 139 149 143 133 140 143 145 139 129 114 101 80 72 66 64 64 62 61 54 53 69 64 65 59 56 68 90 85 82 75 98 117 125 129
197 196 195 194 193 192 191 189 187 185 183 182 182 181 180 179 177 173 171 171 160 132 123 140 149 144 138 155 171 178 158 146 153 166 170 141 106 127 158 155 147 157 147 149 136 131 147 126 131 146 151 150 146 141 127 104 76 70 66 67 70 71 69 56 69 80 79 70 71 73 76 96 96 97 93 114 122 128 135
197 197 195 194 193 192 191 189 186 184 183 181 181 180 179 177 177 177 175 172 168 159 147 137 147 144 130 162 182 181 171 170 174 170 149 123 120 154 146 129 138 165 167 161 135 139 137 109 134 156 154 152 149 145 136 117 77 68 66 67 74 85 78 59 69 87 86 76 82 86 96 103 106 111 116 122 126 131 136
198 197 195 194 193 193 191 189 187 184 182 179 177 175 181 177 176 172 172 170 168 163 154 136 146 160 151 180 184 179 178 172 164 160 150 131 141 141 120 148 163 163 164 162 140 110 95 94 126 156 156 152 147 143 121 112 73 67 67 67 72 88 93 67 78 96 72 75 88 89 106 113 115 118 124 129 130 134 138
198 197 196 194 193 193 192 190 188 182 176 173 164 174 180 175 171 162 159 160 163 156 142 134 150 164 177 187 185 180 176 143 156 175 166 132 143 121 151 154 159 150 166 151 124 84 75 87 125 157 157 142 125 127 87 84 70 66 66 68 68 72 95 87 89 100 77 87 92 98 110 125 123 127 129 131 135 139 137
198 198 197 193 195 195 192 190 186 169 166 158 163 174 175 170 165 165 149 145 157 137 121 122 140 167 188 190 189 185 172 140 161 179 164 126 117 121 144 154 156 159 154 117 77 81 85 113 142 158 157 136 103 92 78 73 66 68 70 71 74 76 81 101 92 106 87 100 100 104 118 123 129 130 134 126 129 135 141
199 198 198 196 196 196 194 192 188 157 160 166 170 170 164 167 160 153 155 141 135 149 130 131 142 177 191 191 190 187 177 167 180 178 158 128 76 121 146 159 153 154 125 76 86 118 128 149 160 154 138 142 114 84 79 73 71 72 74 77 80 81 91 114 108 108 107 107 108 105 113 123 132 129 134 125 126 132 138
199 199 198 198 197 196 195 194 191 176 164 174 176 170 164 165 164 153 149 149 150 163 140 154 162 185 191 193 193 187 183 179 184 175 138 95 93 127 164 161 164 152 106 82 90 112 141 158 157 148 122 139 128 93 80 75 75 77 80 84 85 85 89 114 117 112 112 114 110 108 117 126 131 139 136 123 126 128 133
199 199 198 198 197 196 195 195 194 181 176 186 182 175 174 167 165 159 156 165 169 171 159 165 177 189 193 195 194 188 185 186 186 159 136 112 113 157 162 167 175 147 130 103 113 140 157 154 150 138 110 140 139 106 85 81 80 81 85 89 93 95 97 101 109 102 101 102 117 108 113 118 122 124 137 133 124 127 132
