Part_1_SDMs/env_data/present_climate/bioclim_5.asc
NCOLS 888 
NROWS 876 
XLLCORNER -19 
YLLCORNER -35 
CELLSIZE 0.0833333333333333 
NODATA_value -32768 
[rows 105 to 139 of 876, columns 711 to 789 of 888]
385 386 386 387 387 388 388 389 390 391 391 392 392 393 394 394 395 396 397 397 398 399 401 403 403 402 401 402 403 403 403 405 405 407 409 408 408 409 409 410 411 412 412 414 415 417 418 419 420 420 421 423 423 424 425 426 426 427 428 428 429 430 430 431 433 432 433 432 433 433 433 433 434 434 435 435 437 437 436
384 385 385 386 387 387 388 389 389 390 391 391 392 393 393 394 395 395 395 396 398 398 401 401 402 402 401 402 402 403 403 405 406 407 408 408 408 408 409 410 410 411 413 414 415 416 418 419 420 420 421 423 424 424 426 426 426 427 428 429 429 430 431 432 433 433 433 432 433 433 434 434 434 435 436 437 437 436 436
383 384 384 385 386 386 387 388 389 390 391 391 392 393 393 394 394 395 395 397 397 398 399 399 400 401 400 401 403 404 404 405 406 407 407 407 408 409 409 409 410 412 413 413 414 416 417 419 420 421 421 422 424 425 426 426 426 427 428 429 430 430 431 431 433 433 432 433 433 434 434 435 435 435 436 437 435 436 436
383 383 384 385 385 386 387 388 388 389 390 391 391 392 393 394 394 395 395 396 396 397 398 399 400 400 400 401 402 403 403 405 406 406 406 406 407 408 409 409 410 410 412 413 414 416 417 418 419 421 422 422 423 425 425 426 426 427 428 429 430 430 432 432 433 434 433 433 434 434 435 435 435 436 437 436 436 436 436
382 382 384 384 385 386 386 387 388 389 389 391 391 392 393 393 394 395 395 396 395 397 398 399 399 399 400 400 401 402 403 404 405 405 406 406 406 408 408 409 410 411 412 413 414 416 417 418 418 420 421 423 424 425 425 426 426 427 428 429 430 431 432 433 433 434 434 434 434 435 435 435 436 437 436 436 436 435 436
381 382 383 384 385 385 386 387 388 389 389 390 391 392 392 393 394 394 395 396 396 397 397 399 399 399 400 400 401 402 403 403 404 404 405 405 406 407 408 409 411 412 412 413 414 416 416 417 418 420 421 422 424 425 425 426 427 428 428 430 430 431 433 434 434 434 434 434 435 435 435 436 437 436 436 436 436 436 436
381 381 382 383 384 385 386 386 387 388 389 390 390 391 392 393 393 394 395 395 396 397 397 398 398 399 400 399 400 401 402 402 403 403 404 405 405 407 409 409 411 413 414 414 414 415 416 417 418 420 421 422 424 425 426 426 427 428 428 429 431 431 433 434 434 434 434 435 435 435 437 438 436 436 436 436 436 436 436
380 381 382 383 383 384 385 386 387 387 388 389 390 391 392 392 393 394 395 395 396 397 397 398 398 398 399 398 398 401 401 402 402 403 404 405 406 407 408 409 410 411 412 413 413 414 415 417 418 419 420 422 423 425 426 426 427 428 429 430 431 432 433 434 434 434 435 435 435 437 438 436 436 436 436 436 436 436 435
380 380 381 382 383 384 384 385 386 387 388 389 390 390 391 392 393 393 394 395 396 396 397 398 398 398 399 398 400 401 401 401 402 402 404 405 405 406 407 409 409 410 411 413 413 414 415 417 418 419 421 422 423 425 426 427 428 428 429 430 431 432 434 435 434 435 435 436 437 439 437 437 436 436 436 436 436 435 435
379 380 381 381 382 383 384 385 385 386 387 388 389 390 391 391 393 393 394 395 395 396 396 397 397 398 398 398 400 400 399 400 401 402 403 405 406 406 407 408 408 409 411 413 414 415 416 417 419 420 421 422 423 425 426 427 428 429 430 430 431 433 434 434 435 435 436 437 439 438 437 437 436 437 436 436 436 435 434
379 379 380 381 381 382 383 384 385 386 386 387 388 389 390 391 392 393 394 394 395 396 396 397 397 398 398 398 399 400 400 400 401 402 403 405 405 405 407 408 409 410 411 412 414 415 416 418 420 420 421 422 424 425 426 428 428 429 430 431 432 433 434 435 435 436 437 438 440 438 437 437 437 437 436 436 435 435 434
378 379 380 380 381 382 382 383 384 385 386 387 387 388 389 390 391 392 393 394 395 396 396 397 397 398 398 398 399 399 400 401 402 402 403 404 405 405 407 408 408 409 410 412 414 416 417 417 419 420 421 423 424 425 426 428 429 430 431 431 432 433 434 435 436 436 438 439 439 440 439 437 437 437 436 435 435 435 434
378 379 379 380 380 381 382 383 384 384 386 386 387 388 389 390 391 392 393 394 395 395 396 397 397 398 398 398 399 400 400 401 402 402 403 405 406 405 407 408 409 410 410 413 414 415 417 418 418 420 421 423 424 425 426 427 429 430 431 432 433 433 434 435 436 437 438 438 439 439 439 438 438 437 437 436 436 435 434
378 379 379 379 380 381 381 383 383 385 385 386 387 387 388 389 390 391 392 394 395 395 396 397 397 398 398 398 399 399 400 400 402 403 403 404 406 407 407 408 410 411 412 413 415 416 417 418 419 420 421 422 424 425 426 427 429 430 431 432 433 433 434 435 436 438 437 438 438 439 439 438 437 437 436 436 434 434 433
378 378 378 379 380 380 381 381 386 386 387 386 387 387 388 389 390 392 393 394 395 396 397 397 398 399 399 399 399 400 400 401 401 403 403 403 406 407 409 410 411 411 411 413 415 417 417 418 419 420 421 422 424 425 426 427 429 430 431 432 433 434 434 436 436 436 437 438 438 438 439 438 438 437 436 435 435 434 433
378 378 378 379 379 380 381 384 385 385 385 386 386 387 388 388 389 391 391 392 394 396 397 397 399 400 400 400 400 400 400 401 401 402 404 404 405 407 409 410 412 411 411 413 415 417 417 418 419 421 421 423 423 425 426 428 429 430 431 432 433 434 435 435 435 436 437 437 438 438 437 438 437 436 436 435 435 434 433
377 378 379 379 380 381 383 384 383 383 383 384 385 386 387 388 389 390 391 392 392 395 396 396 399 401 401 400 400 401 401 401 402 402 404 405 405 406 408 410 411 412 414 414 415 417 417 419 420 421 422 423 423 424 426 428 429 430 432 432 433 434 434 435 435 436 436 437 437 437 437 437 436 436 435 435 434 434 434
378 379 380 381 382 383 382 382 382 382 383 383 383 384 385 387 388 389 390 391 392 394 395 396 397 400 399 400 401 401 402 402 402 403 403 405 406 406 408 410 411 412 413 415 416 416 417 418 420 421 422 423 424 425 426 428 429 431 432 432 432 433 434 434 435 435 436 437 437 437 437 437 436 436 435 435 434 434 433
381 381 380 383 385 386 385 384 385 383 382 382 381 381 381 381 384 387 388 389 392 393 394 394 396 399 399 400 401 403 402 402 403 404 404 404 406 407 407 409 411 412 413 414 415 416 417 418 419 420 421 423 425 426 426 428 430 431 431 431 432 432 433 434 435 436 436 436 436 437 437 436 436 435 435 435 435 433 432
382 382 379 384 385 385 384 384 383 382 380 380 381 375 374 367 376 384 387 388 389 391 393 393 394 396 398 399 400 401 401 402 403 403 404 405 406 407 408 409 411 412 413 414 415 417 416 418 419 420 421 423 425 426 427 429 430 429 430 430 431 432 432 433 435 435 435 435 436 436 436 436 435 434 434 434 433 433 433
382 382 382 384 384 384 383 382 382 383 382 378 379 369 365 366 372 382 384 385 387 389 390 393 394 396 396 398 399 400 401 402 402 404 404 405 406 407 408 409 410 412 413 414 415 417 417 418 420 422 423 425 426 427 427 427 428 428 429 430 430 431 432 433 434 435 435 435 435 435 435 435 435 434 433 433 433 433 433
382 382 383 384 382 381 380 380 383 382 382 380 380 371 364 365 374 379 380 383 385 388 390 392 394 395 396 397 398 399 401 402 403 404 404 405 406 407 409 410 410 411 412 414 416 417 419 421 421 423 424 426 427 428 427 427 427 428 428 429 430 430 431 432 433 434 435 435 435 434 434 435 434 434 432 432 432 432 431
381 382 383 383 380 379 379 380 382 382 381 380 374 367 368 373 375 376 378 380 382 387 387 389 391 394 396 396 398 399 401 402 403 403 404 405 406 407 409 410 410 411 412 414 416 417 419 420 422 424 425 426 428 427 427 427 427 427 428 428 429 430 431 432 432 433 434 435 434 434 434 433 433 433 432 431 431 430 430
381 383 382 381 381 380 381 382 381 379 377 374 368 369 372 373 374 376 377 382 384 387 388 390 391 393 394 396 397 399 400 401 402 403 404 405 406 408 409 410 410 411 412 414 416 417 419 420 422 423 426 427 427 426 426 427 427 427 427 428 429 430 431 431 432 432 433 434 433 433 433 432 433 433 432 431 431 430 429
381 383 381 381 381 378 378 380 380 378 374 368 367 370 370 371 374 377 378 380 385 387 387 383 385 389 394 395 397 398 400 401 403 403 404 405 406 407 408 409 410 412 412 414 417 418 419 420 422 423 425 426 427 426 426 427 427 427 427 428 429 429 430 431 431 431 432 433 433 433 433 432 432 432 432 431 430 429 428
382 384 382 383 382 381 379 375 374 375 372 368 369 369 370 372 375 377 379 381 385 386 377 376 382 388 392 395 397 398 399 400 403 404 404 405 405 407 408 409 411 413 413 414 417 419 419 421 422 423 425 426 426 426 426 426 426 427 427 428 428 429 430 430 430 431 432 432 432 432 432 432 431 431 431 430 429 428 427
381 382 381 379 379 378 377 377 374 372 370 371 372 371 372 374 376 378 379 381 384 380 379 386 387 389 392 395 396 398 399 400 401 405 405 404 405 407 408 409 411 412 414 414 416 419 420 421 422 424 425 425 426 426 425 425 426 426 427 427 428 428 429 430 430 431 431 431 432 432 432 431 430 430 430 430 429 428 427
383 382 380 379 377 376 376 374 373 374 376 375 376 374 376 376 378 380 379 380 380 372 382 387 388 391 393 394 396 397 399 401 401 402 404 405 406 407 408 410 411 413 414 415 416 419 422 422 423 424 425 425 425 425 425 425 425 426 426 426 427 428 428 429 429 430 430 431 431 431 432 431 430 429 429 429 428 428 427
383 383 382 378 376 376 377 377 377 377 379 379 378 376 375 376 378 381 382 380 381 380 383 386 388 391 393 394 395 396 398 401 402 402 403 406 407 409 409 411 412 413 414 416 416 418 422 423 423 424 425 425 425 425 425 425 425 425 426 426 427 427 428 428 429 430 430 430 430 430 431 431 430 429 428 429 428 427 426
383 383 380 378 377 377 377 379 380 381 382 382 382 376 376 377 379 385 384 383 385 384 384 385 388 391 392 393 395 397 399 401 402 402 401 405 408 410 411 410 411 412 414 416 418 418 421 425 424 424 425 424 424 424 424 425 424 425 425 425 427 428 427 428 428 428 429 429 429 429 430 430 430 429 428 428 428 427 426
381 383 381 377 378 379 379 379 382 383 384 385 385 383 381 383 383 388 387 386 387 387 385 384 388 390 392 393 396 398 399 401 402 402 401 403 407 409 410 409 410 412 414 416 419 419 420 424 425 424 424 424 424 424 424 424 423 423 424 424 426 428 427 427 427 428 428 428 428 428 429 429 429 429 428 427 428 427 426
378 382 383 381 382 382 382 381 383 383 384 385 387 388 388 388 390 391 389 389 390 390 389 388 389 391 394 395 396 397 398 400 401 402 402 403 406 408 409 409 410 412 414 416 419 421 421 424 425 424 424 424 424 424 424 424 423 423 424 425 427 427 427 426 427 427 427 427 427 427 427 427 427 427 427 427 426 426 425
378 380 383 384 385 386 385 384 385 385 386 387 388 389 390 390 392 393 393 392 392 392 392 391 389 391 394 394 395 396 398 399 400 401 403 403 406 407 409 411 412 412 414 416 419 422 423 424 426 425 424 424 424 424 424 424 423 423 423 423 425 427 427 426 426 427 427 426 427 426 426 426 426 426 426 426 425 425 424
378 380 383 386 387 388 388 388 388 387 387 388 389 389 390 390 391 394 395 395 395 395 394 392 391 392 392 393 393 395 398 400 401 403 404 406 407 408 409 411 412 413 414 417 421 423 423 424 425 426 424 424 424 423 423 424 423 423 423 422 424 426 426 425 424 425 426 426 426 426 425 425 425 425 425 425 425 424 423
378 382 385 386 387 390 391 391 390 390 390 389 389 390 391 392 393 395 396 397 397 397 396 395 394 394 393 392 392 394 396 400 402 403 404 406 407 408 410 411 412 414 416 418 422 424 424 425 423 426 425 424 423 424 424 423 424 422 422 422 423 425 425 424 424 424 425 425 426 425 424 425 424 424 424 424 425 424 423
