Part_1_SDMs/env_data/present_climate/bioclim_18.asc
NCOLS 888 
NROWS 876 
XLLCORNER -19 
YLLCORNER -35 
CELLSIZE 0.0833333333333333 
NODATA_value -32768 
[rows 245 to 279 of 876, columns 474 to 552 of 888]
12 12 13 13 13 14 14 17 19 21 23 23 23 22 21 19 21 19 17 16 16 16 15 15 15 15 12 13 13 12 12 12 11 11 11 11 11 11 10 9 8 7 7 7 7 7 7 7 8 8 8 8 8 9 9 9 9 9 10 10 10 10 11 11 11 11 11 12 12 12 12 13 13 13 12 13 13 13 13
13 13 13 14 14 16 17 18 19 21 23 24 24 24 22 21 22 22 21 21 19 17 17 19 17 16 15 14 16 14 14 12 12 12 12 12 11 11 11 9 9 9 8 8 8 8 8 8 8 8 8 9 9 9 9 10 10 10 10 10 11 11 11 11 12 12 12 12 13 13 13 13 13 13 13 14 13 14 14
13 14 14 16 17 17 18 19 21 21 23 25 25 25 24 22 22 24 24 23 22 20 20 20 19 17 17 16 16 15 14 14 13 13 13 12 12 12 11 10 10 9 8 8 8 8 8 8 9 9 9 9 9 10 10 10 10 11 11 11 11 12 12 12 12 13 13 13 13 13 14 14 14 14 14 14 14 14 14
14 15 17 17 18 18 19 19 20 23 24 24 25 25 25 24 25 24 25 25 23 23 20 21 20 19 18 17 17 17 16 15 15 14 13 13 13 12 11 10 10 10 8 8 8 9 9 9 9 9 10 10 10 10 11 11 11 11 12 12 12 12 13 13 13 13 13 14 14 14 14 14 14 14 15 15 15 15 15
16 17 17 18 18 19 19 20 21 22 23 24 24 23 23 23 25 25 25 25 25 23 22 23 21 20 20 19 18 17 17 17 16 15 13 13 12 12 12 11 10 10 10 9 9 9 9 9 10 10 10 10 11 11 11 11 12 12 12 13 13 13 13 13 14 14 14 14 14 15 15 15 15 15 16 16 16 16 16
17 18 18 19 19 19 20 21 22 22 22 24 23 23 24 24 25 23 25 26 25 25 23 24 23 21 20 20 19 18 18 18 17 16 14 13 13 13 12 11 11 10 10 10 10 10 10 10 10 11 11 11 11 12 12 12 12 13 13 13 13 14 14 14 14 15 15 15 15 16 16 16 16 16 16 17 17 18 18
18 18 19 19 20 21 21 22 22 22 24 24 24 25 25 25 24 25 25 23 23 25 25 24 23 21 21 21 20 19 18 18 17 16 14 13 13 13 13 11 11 11 11 11 11 11 11 12 11 11 11 12 12 12 13 13 13 13 14 14 14 14 15 15 15 16 16 16 16 17 17 17 18 17 17 18 18 18 19
19 19 20 21 21 22 22 22 22 23 24 25 25 25 25 24 25 25 25 23 23 25 26 24 24 22 22 21 20 20 19 18 17 16 14 13 13 13 13 13 12 11 11 11 12 12 12 12 13 13 13 14 14 14 14 15 15 15 15 15 15 15 16 16 16 17 17 17 17 19 19 20 20 19 19 19 19 21 22
21 21 21 22 22 22 23 23 23 23 24 25 25 24 25 23 23 24 21 21 21 25 26 22 22 22 22 22 21 21 20 19 17 16 15 14 14 14 13 12 12 12 12 12 12 13 13 13 13 14 14 14 15 15 15 16 16 16 16 17 17 17 18 18 19 19 19 19 20 20 20 21 21 21 21 21 21 22 23
21 22 22 23 23 23 23 24 24 24 25 25 24 25 22 22 21 21 21 21 22 24 22 21 22 23 23 22 21 22 22 21 18 17 16 14 14 13 13 12 12 12 13 13 13 13 14 14 14 15 15 15 15 16 16 16 17 17 17 18 18 19 19 19 20 20 20 20 21 21 22 22 22 22 22 22 22 23 24
22 23 23 23 24 24 24 24 24 24 25 25 25 25 25 22 22 21 22 21 20 19 21 23 23 25 23 22 22 22 22 22 21 18 17 16 14 13 12 13 13 13 13 14 14 14 15 15 15 15 16 16 16 17 17 17 18 18 18 19 19 20 20 21 21 21 21 21 22 22 23 23 23 24 23 24 23 24 26
23 24 24 25 26 7 7 26 8 7 7 26 26 25 25 24 24 22 22 21 20 20 22 23 25 26 26 24 23 22 22 21 18 17 16 15 15 15 15 15 14 14 14 15 15 15 16 16 16 16 17 17 18 18 18 18 19 19 20 20 21 21 22 22 22 22 22 23 24 24 24 25 25 25 25 25 25 25 27
7 7 7 7 7 7 28 8 8 8 8 27 27 7 26 25 24 24 24 24 23 22 25 26 28 28 29 27 24 22 22 20 18 17 17 16 16 16 16 16 16 15 15 16 16 16 17 17 17 18 18 18 19 19 19 20 20 20 21 22 22 23 23 23 23 23 24 24 25 26 26 26 26 26 27 26 26 26 27
7 7 7 7 7 8 8 8 8 8 8 8 8 8 7 6 25 6 6 25 25 26 28 26 26 26 31 28 26 24 23 21 19 18 18 18 18 18 18 17 17 17 17 17 17 18 18 18 18 19 19 20 20 20 20 21 21 22 22 23 24 24 24 24 24 25 25 26 26 26 27 28 28 28 28 28 28 27 29
7 7 7 8 8 8 8 8 8 8 8 8 8 8 8 7 6 6 6 6 29 30 27 26 26 26 31 30 28 26 25 24 23 22 20 20 20 20 19 19 19 20 20 20 19 19 19 19 20 20 21 21 21 21 22 22 23 23 24 25 25 26 26 25 26 27 27 28 28 28 29 29 29 29 29 29 29 29 31
9 9 9 9 9 9 9 9 9 9 9 9 8 8 8 8 8 8 7 7 31 30 27 27 27 28 32 32 29 27 26 25 25 24 23 22 21 21 20 21 21 21 22 22 22 22 22 22 23 23 23 22 22 23 23 24 24 26 27 27 28 28 27 27 27 28 30 31 31 32 32 32 30 30 30 30 30 30 33
9 9 9 9 9 9 9 9 9 9 9 9 9 9 9 9 8 8 8 8 8 7 7 29 29 31 34 35 32 31 28 27 26 25 24 24 23 22 22 23 23 24 24 24 24 24 25 25 23 24 24 24 25 25 26 27 27 28 28 28 28 29 29 29 30 30 31 32 33 34 33 33 33 33 32 31 32 32 35
9 9 9 10 10 10 10 10 10 10 10 9 9 9 9 9 9 9 9 9 8 7 7 7 32 34 32 35 33 33 32 30 29 27 26 26 26 26 26 26 27 27 27 27 26 26 26 26 26 25 26 26 26 27 28 30 31 31 29 30 30 30 30 32 33 32 33 34 36 35 34 34 34 34 34 34 35 34 37
10 10 10 10 10 10 10 10 10 10 10 10 10 10 10 10 9 9 9 9 9 8 8 9 9 10 35 33 33 34 34 32 31 30 29 29 29 28 28 29 29 29 29 29 29 27 27 27 28 29 29 29 29 28 29 30 32 32 32 34 33 32 32 35 36 34 36 37 37 36 36 35 35 35 36 36 36 36 37
10 10 10 10 11 11 11 11 11 11 11 11 11 10 10 10 10 10 10 10 9 9 9 9 10 10 9 35 34 37 34 34 33 32 31 31 31 32 32 32 32 32 31 31 31 30 29 30 31 32 31 33 32 31 32 33 35 34 34 37 35 35 36 36 39 39 39 40 39 37 37 36 37 38 38 38 38 38 39
11 11 11 11 11 11 11 11 11 11 11 11 11 11 11 11 11 11 10 10 10 10 10 10 11 11 10 37 37 37 35 35 34 35 34 33 32 32 32 33 33 33 33 32 32 31 31 32 33 34 34 35 34 33 35 36 36 37 37 39 37 38 39 40 42 42 42 41 41 38 38 38 39 40 41 40 40 40 40
11 11 11 11 12 12 12 12 12 12 12 12 12 12 12 13 12 11 11 11 11 11 12 12 12 12 11 11 9 8 38 38 36 36 36 36 34 34 34 34 34 34 35 35 33 33 33 34 35 36 37 37 37 36 36 37 37 39 40 40 40 41 42 44 45 43 42 42 42 42 39 40 43 44 44 43 43 43 42
12 12 12 12 12 12 12 13 13 13 13 13 13 13 13 12 13 13 14 15 14 14 14 15 13 12 12 11 10 10 8 8 40 40 38 38 38 38 37 36 36 36 36 36 36 36 37 36 36 37 37 38 40 38 38 39 40 41 41 44 45 46 46 47 46 46 44 44 43 43 44 44 45 46 46 46 46 47 45
12 12 12 14 14 14 14 14 14 14 14 14 14 14 14 14 15 15 16 16 16 16 16 15 15 13 13 12 12 10 10 10 10 43 42 42 43 41 41 41 41 40 40 39 39 39 40 40 40 39 40 41 41 42 40 40 41 41 42 46 47 48 48 49 47 45 46 45 45 46 45 46 47 48 48 49 49 48 48
14 14 14 15 14 15 15 15 15 15 15 15 15 16 16 16 16 16 17 19 19 18 17 16 15 14 13 13 12 12 12 12 49 47 10 45 47 45 45 45 45 46 44 42 42 41 42 44 42 42 42 42 43 44 44 44 44 45 47 51 52 52 52 49 48 46 46 46 47 47 47 48 48 51 52 52 52 51 52
15 16 16 16 16 16 16 16 16 17 17 17 17 17 18 17 17 17 18 19 20 19 17 17 16 16 14 14 13 13 13 13 12 12 51 49 50 49 49 48 49 49 48 46 46 44 45 47 45 46 46 47 45 46 48 47 46 47 51 52 50 54 52 49 49 49 49 49 50 51 52 53 56 57 57 56 54 54 54
16 16 17 17 17 17 17 17 17 17 18 18 18 19 20 20 20 20 21 21 20 20 18 18 17 17 16 15 14 14 14 13 13 13 13 54 54 54 54 53 53 53 50 50 51 50 50 49 49 47 49 50 50 49 49 52 50 51 53 54 52 52 52 51 51 51 51 51 53 55 57 64 65 63 59 58 57 57 56
17 17 17 17 18 18 18 19 19 19 19 19 20 20 20 21 23 23 23 23 22 21 20 19 18 18 17 17 16 15 14 14 14 14 13 13 59 59 60 57 59 57 54 55 55 52 52 52 53 51 51 52 54 52 52 54 56 57 58 55 53 53 53 53 52 52 53 55 56 57 62 70 77 69 66 62 59 59 59
18 18 18 19 20 20 20 20 20 20 21 20 21 21 23 23 24 24 24 24 24 22 21 21 20 19 18 18 17 17 17 15 15 15 14 14 64 63 63 64 64 61 59 60 59 57 56 55 55 55 54 55 56 56 56 57 58 60 58 58 56 54 54 55 55 55 56 56 57 60 63 66 74 75 70 65 61 60 60
19 20 20 20 20 21 21 21 21 21 22 22 22 22 25 25 25 25 25 25 24 24 23 22 22 21 21 19 19 18 18 17 17 16 15 15 15 14 68 68 68 66 65 66 65 61 58 58 60 60 58 56 56 57 57 58 61 60 59 59 58 56 56 57 57 59 58 58 60 61 63 62 64 66 66 63 61 61 61
20 21 21 21 21 22 22 22 22 22 24 24 24 24 25 27 27 27 26 26 26 25 25 23 23 22 22 21 20 19 19 19 18 18 17 17 16 15 72 72 71 71 70 70 67 63 62 61 62 62 61 60 59 59 59 60 62 63 63 61 60 60 61 62 62 62 61 62 64 62 63 63 62 63 63 63 62 62 62
21 21 22 22 22 24 24 24 24 25 25 25 25 26 27 28 28 29 28 28 28 26 26 26 25 23 23 23 22 22 21 20 19 19 19 18 18 18 78 78 75 75 75 72 71 68 68 66 65 66 64 62 62 62 63 64 67 67 64 63 62 63 63 65 65 64 64 66 67 66 64 64 64 65 64 64 64 64 65
23 23 24 24 25 25 25 26 26 26 26 28 28 28 29 30 32 32 32 29 29 29 28 27 26 26 25 24 24 23 23 22 22 20 20 20 19 19 18 82 81 80 80 77 76 73 70 71 71 69 67 68 66 66 68 68 68 66 65 65 65 66 66 67 67 67 68 68 68 69 69 69 69 67 66 67 67 66 67
24 24 25 25 26 26 26 28 29 29 29 29 29 30 31 33 33 33 33 33 32 31 30 29 28 27 27 26 26 24 24 23 23 23 22 22 20 20 19 19 85 85 82 82 81 77 75 75 74 71 72 72 69 69 72 72 70 69 67 67 67 69 70 70 71 71 72 71 71 71 72 72 70 72 70 70 69 69 70
25 26 27 29 29 29 30 30 31 30 29 30 30 33 34 35 35 35 34 35 34 34 33 31 31 29 28 27 27 27 26 25 24 24 23 23 22 22 21 20 19 89 87 86 84 83 79 79 76 76 75 75 73 73 74 74 73 71 69 71 71 71 73 75 76 78 76 72 72 72 73 73 74 74 74 74 71 71 72
