Part_1_SDMs/env_data/present_climate/bioclim_13.asc
NCOLS 888 
NROWS 876 
XLLCORNER -19 
YLLCORNER -35 
CELLSIZE 0.0833333333333333 
NODATA_value -32768 
[rows 700 to 734 of 876, columns 395 to 473 of 888]
41 45 35 31 36 43 49 53 56 58 61 63 65 67 71 73 74 75 76 79 81 85 89 94 98 103 108 115 123 125 130 128 120 116 115 112 109 105 102 102 103 99 94 95 97 99 101 102 103 103 104 105 105 105 105 105 104 104 104 105 105 105 105 105 106 107 107 107 107 108 108 109 109 109 110 110 110 110 111
37 34 26 28 31 36 43 47 50 52 55 57 61 65 69 72 72 72 74 77 82 87 92 95 100 105 109 115 121 125 128 124 116 115 113 110 107 103 99 102 96 88 90 95 97 98 99 100 100 101 102 103 104 104 104 104 104 104 103 103 103 104 104 105 105 105 105 105 105 106 106 106 107 108 108 109 109 109 110
26 22 27 29 33 34 40 42 48 52 56 57 59 64 66 73 71 68 73 78 84 89 93 97 102 106 111 115 119 122 123 119 116 114 111 108 104 100 99 93 89 88 93 97 97 97 97 98 98 99 100 101 102 103 103 103 103 103 102 102 103 103 104 103 103 104 104 104 104 104 105 105 105 106 106 107 107 107 107
21 29 32 32 34 38 39 44 50 54 57 57 59 62 63 62 63 68 72 78 84 89 94 98 103 108 112 115 118 119 119 117 115 112 109 106 103 99 97 93 91 92 97 99 98 97 96 96 96 97 98 100 101 102 102 102 103 102 101 102 102 102 102 102 102 102 102 102 102 102 102 102 103 103 104 104 104 105 105
22 31 34 31 31 33 38 42 46 49 52 55 53 61 59 60 64 67 72 78 83 91 95 100 104 108 112 115 116 117 117 115 113 110 107 105 102 100 97 94 93 94 96 97 97 95 94 94 94 95 97 98 100 101 102 102 102 101 102 102 102 102 101 101 101 100 100 100 100 100 100 100 101 101 101 103 103 103 104
19 23 24 26 28 30 34 39 44 49 51 52 49 49 56 60 65 68 72 78 85 92 96 100 104 108 112 114 115 115 115 114 112 109 107 104 102 99 97 96 95 95 96 96 95 94 93 92 93 94 96 98 100 101 102 102 102 102 101 101 101 101 100 99 99 99 99 98 98 99 99 99 98 100 100 101 101 101 102
16 17 19 22 25 28 31 37 42 45 45 44 44 50 55 60 70 72 76 82 86 90 94 100 104 107 110 112 113 114 113 112 111 108 106 104 102 100 98 97 96 96 96 95 94 93 92 91 91 93 96 98 99 101 102 102 102 102 102 101 100 99 99 98 98 97 97 96 96 96 96 96 97 98 99 99 99 99 99
14 15 16 18 20 23 24 27 33 36 36 38 45 52 57 63 70 74 80 85 90 92 94 98 102 105 108 111 112 112 111 110 108 107 105 103 102 100 99 98 97 96 96 95 94 93 92 91 91 94 96 98 100 101 103 103 103 102 101 100 99 99 98 97 96 95 95 94 94 94 94 95 96 96 96 96 97 98 98
13 16 17 18 20 21 32 48 39 30 35 42 49 54 59 65 70 75 81 86 89 91 93 95 99 103 106 108 109 110 109 108 107 106 104 103 101 100 99 98 98 97 97 96 95 94 93 93 93 95 97 99 100 102 103 104 103 102 101 100 99 98 97 96 94 94 93 92 92 92 93 93 94 93 94 95 96 96 97
12 16 17 21 25 22 52 87 67 36 37 43 49 57 62 66 71 75 79 82 84 86 89 91 96 100 103 104 106 107 109 107 106 105 103 102 101 100 100 99 99 99 98 97 96 95 95 95 95 97 99 100 101 102 103 104 103 102 100 100 99 97 96 94 92 91 90 91 91 91 92 92 92 92 93 93 94 95 96
10 14 18 24 24 24 34 55 50 35 37 42 48 57 61 63 67 71 75 77 78 81 83 87 93 96 99 101 103 104 106 106 105 105 103 102 101 100 100 101 101 101 100 99 98 97 97 97 97 98 100 101 102 102 103 103 102 101 100 99 98 97 95 93 92 90 89 89 89 89 90 90 90 92 92 92 93 93 94
8 11 17 19 19 21 24 27 31 35 37 42 48 53 54 55 60 66 69 71 73 74 78 86 90 93 96 98 101 104 105 105 104 104 103 102 102 101 102 103 103 103 102 101 100 99 98 98 99 100 101 102 102 102 102 102 101 101 100 99 98 96 94 92 90 88 87 86 86 87 88 89 90 90 91 92 92 93 94
7 9 11 14 18 20 23 24 28 32 37 41 45 46 46 51 58 61 63 65 67 70 77 85 88 90 94 97 100 102 104 104 104 103 103 103 103 103 105 107 106 105 103 102 101 100 100 100 100 101 101 102 102 102 101 101 101 100 99 98 97 95 93 91 89 87 86 85 85 85 86 87 88 88 89 90 91 92 92
6 8 11 12 15 16 18 21 25 29 34 36 39 38 42 51 58 61 61 63 70 69 75 82 86 89 92 95 97 100 103 103 103 103 103 103 104 105 107 108 107 106 105 104 103 102 101 101 101 101 101 101 101 100 100 100 99 98 98 97 96 95 94 92 89 86 85 84 83 84 84 85 86 87 88 88 89 90 92
5 6 7 9 11 13 16 19 23 25 28 31 32 36 43 50 56 59 60 66 75 74 78 81 83 86 89 92 95 97 100 102 102 103 104 104 105 106 107 108 107 106 106 105 104 103 102 102 101 101 101 100 100 100 99 98 98 97 97 96 97 96 94 92 89 86 83 82 81 82 84 84 85 86 86 87 89 90 91
3 4 6 7 9 11 14 17 19 21 23 24 29 35 41 47 52 56 59 77 75 73 80 79 80 84 87 90 92 95 97 99 100 102 104 105 106 106 107 107 107 106 106 105 105 104 103 102 102 101 100 99 99 98 97 96 96 96 95 96 96 96 95 92 88 85 83 82 81 82 83 83 84 85 86 87 88 89 90
3 3 5 6 7 9 12 14 15 17 19 23 30 35 39 43 48 51 54 80 68 72 79 74 78 82 85 87 89 91 94 97 99 102 104 105 106 107 107 107 106 106 106 106 105 105 104 103 101 100 99 97 96 95 94 93 93 93 93 93 94 95 94 91 88 86 84 83 81 81 82 82 83 84 85 85 86 87 89
3 3 4 5 6 8 9 11 12 14 17 23 29 34 39 42 44 47 47 48 55 64 67 73 76 79 82 85 87 89 94 99 100 100 102 104 105 105 105 105 104 104 105 106 105 105 104 102 99 97 96 95 94 93 92 91 91 91 91 92 92 93 92 90 88 86 84 82 81 80 80 81 81 82 83 83 84 86 87
-32768 3 3 4 5 6 7 9 11 14 18 22 27 31 35 38 42 45 44 43 53 58 66 73 76 79 82 83 86 91 96 97 99 99 100 101 102 103 103 102 102 102 104 106 106 105 103 100 98 95 93 91 90 89 89 88 89 89 89 90 90 90 90 89 87 85 82 81 79 78 78 79 79 80 81 82 83 84 86
-32768 -32768 3 4 4 5 6 8 11 13 17 21 24 29 33 37 41 45 45 42 47 56 66 72 76 79 81 81 86 90 95 94 95 97 97 99 100 100 101 101 102 101 105 106 105 103 102 99 96 93 90 87 86 85 84 84 84 86 86 87 88 88 88 87 86 84 83 81 79 78 78 79 79 79 80 81 83 84 85
-32768 -32768 -32768 4 4 5 6 7 9 12 15 19 22 26 30 34 38 42 42 40 49 59 65 69 74 76 77 77 84 89 92 89 88 91 93 95 97 100 101 102 103 100 103 105 103 102 101 98 94 90 87 85 84 83 82 82 81 82 83 84 85 86 86 86 85 84 82 80 79 77 78 78 78 79 80 81 81 82 83
-32768 -32768 -32768 -32768 4 4 5 6 8 11 13 16 20 23 27 31 32 33 33 39 50 57 60 64 68 70 72 74 80 85 84 81 83 86 88 91 94 98 102 105 104 99 103 103 101 100 99 96 92 87 84 83 82 81 80 79 79 78 79 81 82 84 84 84 84 82 81 79 78 78 77 77 78 78 78 78 79 79 80
-32768 -32768 -32768 -32768 4 4 4 6 7 9 12 14 18 21 25 27 26 30 34 42 47 53 52 60 61 64 64 68 72 78 75 78 81 85 88 90 92 97 103 106 104 100 101 97 95 95 95 91 88 83 81 79 78 77 76 76 76 76 77 77 80 82 83 83 83 82 81 79 78 77 77 77 77 76 75 75 76 78 79
-32768 -32768 -32768 -32768 -32768 4 4 5 6 8 10 13 16 19 22 22 25 32 40 45 42 41 45 50 52 57 57 60 64 70 73 79 83 86 91 92 89 92 100 105 101 98 94 91 88 87 87 85 82 78 77 75 74 73 73 73 73 73 74 75 78 81 83 83 82 81 80 79 78 76 76 75 73 72 73 74 75 76 77
-32768 -32768 -32768 -32768 -32768 -32768 4 4 5 7 9 12 15 18 19 22 27 34 38 36 37 37 40 43 46 49 53 59 62 68 81 87 91 87 90 96 90 89 97 104 101 97 91 85 83 83 84 82 79 77 74 73 72 71 69 70 70 71 72 74 78 82 83 83 82 81 80 78 76 73 72 71 70 71 71 72 73 74 75
-32768 -32768 -32768 -32768 -32768 -32768 3 4 5 6 9 11 14 15 17 22 27 33 37 37 33 38 43 47 53 54 56 64 65 72 80 90 92 91 90 95 89 89 96 103 101 96 87 82 78 78 78 77 75 74 73 71 70 69 67 66 68 70 73 76 80 83 83 83 82 81 79 77 72 70 69 69 69 70 71 71 72 73 74
-32768 -32768 -32768 -32768 -32768 -32768 3 3 4 6 8 10 12 14 17 21 26 31 34 30 35 41 44 47 52 60 60 66 70 77 83 87 90 92 92 94 90 89 94 100 99 97 92 83 79 77 75 73 72 72 72 70 69 67 66 66 68 70 73 77 81 83 83 82 81 80 78 74 71 69 68 68 69 69 70 71 72 73 74
-32768 -32768 -32768 -32768 -32768 -32768 -32768 3 4 5 6 9 10 13 16 20 24 28 28 30 39 45 49 49 54 60 67 73 71 79 83 86 86 87 89 93 92 90 94 100 99 95 90 84 79 76 74 72 70 70 70 68 66 66 65 66 67 69 72 75 78 81 82 80 79 77 75 73 72 70 68 68 68 69 69 70 71 73 74
-32768 -32768 -32768 -32768 -32768 -32768 -32768 3 4 6 7 8 9 12 16 18 19 21 25 34 43 50 57 52 58 68 73 70 72 79 82 82 81 82 86 93 94 95 93 95 94 92 88 83 78 74 72 71 68 68 67 65 64 64 65 65 66 68 71 73 76 78 78 78 76 75 74 72 70 69 68 67 68 68 69 70 71 72 73
-32768 -32768 -32768 -32768 -32768 -32768 -32768 4 5 6 6 8 10 11 13 17 21 26 31 38 44 49 51 57 57 66 72 70 75 78 76 75 77 80 86 89 91 94 89 90 90 88 85 80 77 74 72 70 67 66 65 64 63 63 63 64 65 67 69 71 73 76 77 76 75 73 72 71 69 68 67 66 67 67 68 69 70 72 73
-32768 -32768 -32768 -32768 -32768 -32768 7 5 5 5 6 7 9 11 13 17 23 28 34 42 48 51 54 59 57 66 67 66 70 69 72 74 75 79 83 84 86 89 86 86 89 88 85 77 76 76 69 66 65 65 63 63 62 61 62 62 64 65 67 69 72 74 75 75 73 72 71 70 68 67 66 66 66 67 68 69 70 71 72
-32768 -32768 -32768 -32768 -32768 6 6 5 5 5 6 8 9 11 14 18 22 29 36 44 50 53 54 55 56 61 64 62 67 66 69 73 73 76 78 80 81 83 83 81 82 84 82 78 72 69 66 64 63 62 62 61 61 60 60 61 62 64 66 68 70 73 73 73 72 71 69 68 67 66 66 66 65 66 67 68 68 69 70
-32768 -32768 -32768 -32768 -32768 6 5 5 5 6 6 8 10 13 14 17 22 29 35 43 50 53 54 55 56 58 60 60 62 64 65 66 71 71 72 76 77 78 79 79 78 77 75 71 69 67 66 65 63 62 61 61 60 60 59 60 60 62 64 66 68 70 71 71 70 69 68 67 66 66 65 65 65 65 66 67 67 68 69
-32768 -32768 -32768 -32768 -32768 -32768 5 5 5 5 6 7 10 12 14 17 22 28 35 43 47 49 50 51 54 57 59 60 63 67 64 67 68 66 70 73 74 75 75 75 73 73 71 69 68 67 66 66 64 63 62 61 60 59 59 59 59 60 63 65 67 68 69 69 69 68 67 66 65 65 64 64 64 64 65 65 66 67 68
-32768 -32768 -32768 -32768 -32768 -32768 5 5 5 5 6 7 9 10 13 16 21 26 35 40 43 47 46 48 52 56 59 60 62 67 66 67 64 61 68 71 73 73 73 72 71 70 68 68 68 67 67 66 65 64 62 61 60 59 58 57 58 59 62 64 65 67 67 67 67 66 65 64 64 64 64 64 64 63 63 64 65 66 67
