Part_1_SDMs/env_data/present_climate/bioclim_19.asc
NCOLS 888 
NROWS 876 
XLLCORNER -19 
YLLCORNER -35 
CELLSIZE 0.0833333333333333 
NODATA_value -32768 
[rows 490 to 524 of 876, columns 480 to 559 of 888]
200 204 205 209 210 361 220 221 224 229 229 228 227 230 223 218 215 211 210 201 198 186 183 190 188 201 204 193 195 187 185 183 187 186 180 180 177 173 173 170 165 163 165 165 161 159 158 156 153 151 149 147 145 142 142 140 140 142 144 142 142 144 148 155 162 170 176 184 189 195 199 205 208 211 265 266 264 261 256 251
193 195 198 202 204 354 210 212 216 221 370 222 220 218 366 220 217 219 208 207 196 190 187 190 191 190 199 188 195 184 183 180 183 186 178 174 174 172 167 165 162 161 161 161 158 156 155 153 152 150 147 145 144 143 142 142 143 145 149 149 147 147 150 155 159 164 171 176 182 188 191 195 198 200 200 254 252 249 247 238
184 189 191 193 196 199 202 206 209 212 212 213 214 216 220 221 221 223 211 209 204 193 196 199 192 189 191 192 194 185 185 180 183 182 180 173 170 168 166 160 162 159 159 157 155 154 152 151 149 147 144 144 142 142 142 142 144 147 149 149 148 148 150 152 156 160 165 170 174 178 183 186 188 239 241 243 242 238 234 232
176 181 183 187 190 193 196 199 203 207 210 208 213 216 220 222 221 222 216 215 205 194 189 189 199 191 188 194 193 191 183 178 178 177 174 175 171 165 162 160 158 156 155 154 152 151 150 148 147 145 143 141 141 140 140 141 142 144 147 146 146 146 148 150 153 156 159 164 167 172 175 177 179 179 180 179 230 228 225 224
170 173 176 181 184 186 189 191 198 203 203 205 209 215 218 366 221 222 218 215 203 196 199 189 188 197 197 193 194 195 190 187 180 173 173 169 166 163 159 156 155 154 153 150 151 148 147 145 145 142 141 139 139 138 138 139 139 141 141 143 143 143 145 147 148 151 154 157 161 164 167 169 170 171 170 170 165 162 218 217
161 164 168 171 174 177 182 186 192 197 199 200 202 208 212 217 218 220 219 211 205 199 199 194 188 191 193 202 204 198 191 186 178 175 171 166 164 162 158 156 154 151 149 147 147 146 144 144 142 140 138 137 136 136 136 136 136 138 138 139 139 140 141 142 145 146 149 152 155 156 159 161 161 162 161 160 157 211 210 208
155 158 162 165 168 174 177 179 334 190 192 196 199 348 205 207 213 217 217 209 210 204 204 199 195 197 200 205 204 196 191 185 182 177 173 165 163 162 159 157 155 150 146 144 144 143 143 141 139 138 135 135 134 133 133 133 133 135 134 135 135 135 136 138 139 141 143 146 148 150 151 152 154 154 153 153 150 146 201 200
148 151 156 159 163 167 170 173 178 183 186 190 192 197 200 203 210 214 212 208 204 202 199 198 200 200 204 203 205 202 198 194 188 180 171 164 163 162 159 155 152 148 146 143 142 143 140 138 137 135 133 132 131 130 129 130 130 129 130 130 130 132 131 133 135 136 137 140 142 144 145 145 146 146 146 145 143 140 137 192
140 143 148 151 157 160 162 167 172 175 178 182 187 190 196 200 200 201 197 198 189 194 190 190 190 188 193 190 197 203 200 195 186 175 168 164 163 161 157 152 149 145 142 142 142 140 137 136 134 131 130 129 128 127 126 126 126 126 126 125 126 126 126 127 129 130 131 133 136 137 138 138 138 138 138 138 137 134 185 126
134 137 140 144 148 153 157 161 164 169 173 177 182 185 189 187 186 190 188 188 186 188 187 183 188 181 189 184 188 190 190 187 182 176 171 168 164 159 154 151 148 145 140 140 139 138 134 132 130 128 127 126 125 124 123 122 122 121 120 122 121 121 121 122 123 125 126 127 128 130 130 132 132 132 131 131 129 126 125 122
126 129 132 137 140 145 148 153 153 161 162 168 171 171 176 182 183 180 176 178 177 178 182 178 180 178 182 179 183 186 179 179 179 174 168 162 158 154 152 148 146 141 139 138 136 135 131 128 127 125 124 123 122 120 120 118 117 117 117 116 116 116 117 118 117 119 120 121 122 124 124 125 125 126 126 125 124 121 119 116
118 122 125 127 132 138 140 145 148 153 155 160 163 164 167 171 173 172 174 175 176 173 175 170 174 173 171 175 179 175 171 171 172 167 162 159 153 148 146 144 143 141 139 135 133 132 128 126 124 122 121 120 118 117 115 114 114 113 111 112 111 111 111 112 112 113 114 116 116 118 118 120 120 120 120 120 119 116 115 113
113 116 120 124 126 131 134 138 142 145 150 153 156 158 160 166 168 170 173 173 169 166 167 171 172 172 168 168 171 167 167 167 164 160 155 155 151 148 143 140 140 138 135 132 130 130 126 124 121 120 118 116 115 114 112 210 110 204 107 106 106 105 106 106 107 107 108 110 110 112 112 114 115 114 114 114 112 111 110 108
109 112 116 119 122 124 129 134 139 144 146 151 154 156 159 163 166 166 164 166 166 167 168 168 169 168 169 166 164 164 162 160 158 154 152 149 147 143 140 137 135 134 131 130 128 124 124 122 119 117 115 113 111 109 107 106 104 198 103 102 100 191 190 100 102 103 102 104 106 106 108 108 632 109 108 108 107 106 106 155
102 107 110 114 118 122 125 130 132 135 138 142 145 151 154 156 157 161 162 164 162 163 165 164 166 164 165 162 163 162 160 157 154 151 148 146 143 139 136 134 133 131 129 127 125 122 121 119 117 114 112 110 108 106 104 103 101 100 98 189 186 95 95 96 96 97 99 99 100 101 608 608 607 104 106 106 104 102 101 100
97 100 104 108 112 115 119 122 125 129 131 135 139 143 145 148 153 152 155 157 160 161 162 162 163 162 160 161 157 158 157 154 151 148 145 143 140 136 133 131 129 128 126 124 122 119 118 116 114 111 109 107 106 103 101 100 97 190 187 184 180 91 91 90 91 92 92 94 95 602 602 606 606 605 607 620 99 99 97 95
93 96 99 103 107 109 114 118 121 125 129 131 133 134 138 142 144 148 150 150 151 153 152 155 157 156 155 155 154 152 151 149 147 145 141 139 136 134 130 128 126 124 123 121 119 116 114 113 111 108 106 104 103 100 97 96 190 187 183 179 175 85 171 86 87 86 581 586 588 592 596 597 600 596 595 591 96 94 94 93
89 92 95 99 101 105 108 112 115 120 124 125 128 132 134 136 138 141 143 144 146 147 147 149 150 153 150 149 148 147 144 143 142 140 138 136 134 131 128 125 123 121 119 118 116 114 111 110 108 105 103 102 100 96 94 190 186 181 177 174 170 168 166 81 81 82 575 577 583 588 592 601 602 596 586 581 574 91 91 89
85 89 92 94 97 101 104 105 110 114 117 122 124 128 129 132 134 135 137 139 141 142 143 145 146 146 146 144 143 142 139 138 137 135 133 131 129 127 125 123 120 118 116 114 113 111 109 108 106 104 101 99 96 93 92 89 182 178 174 169 166 163 163 77 77 527 572 578 582 583 586 588 588 590 584 576 574 89 88 83
83 86 89 92 95 97 99 103 105 109 113 116 120 124 127 127 129 131 131 135 136 137 138 140 139 141 142 140 139 138 135 134 133 129 130 127 125 123 122 119 117 114 112 111 110 109 107 105 103 100 97 95 93 191 89 183 178 174 171 166 162 160 158 158 520 519 529 574 577 549 587 583 583 581 577 577 572 564 82 80
81 83 86 88 91 94 97 99 102 105 108 112 115 120 122 124 126 128 130 130 132 134 135 134 136 137 139 136 135 133 131 129 128 126 125 124 121 119 118 117 114 112 110 108 107 106 104 102 100 97 94 93 91 88 86 180 176 171 168 163 159 157 547 550 517 551 554 559 569 577 582 583 586 583 579 582 565 554 76 79
80 81 83 87 89 91 93 95 98 102 105 109 112 116 118 122 124 126 127 129 128 129 130 131 132 133 134 132 130 130 126 125 124 123 121 119 118 116 115 114 113 110 106 106 104 103 102 99 98 96 93 90 88 186 182 177 172 168 164 498 156 154 502 509 515 548 555 563 560 564 588 601 595 589 574 563 555 558 74 74
78 80 83 84 86 88 90 92 94 98 101 106 108 112 115 117 119 121 123 125 126 127 126 127 128 129 130 129 127 124 123 121 122 120 117 115 114 113 112 110 109 107 104 102 101 100 99 97 96 93 90 89 86 183 179 174 509 505 531 497 529 533 501 504 511 544 550 563 562 563 567 588 581 573 565 559 554 557 73 72
77 78 80 83 84 86 87 90 91 95 99 102 104 109 112 115 116 118 120 122 122 124 123 122 124 126 126 126 123 121 120 119 117 117 115 113 111 109 108 106 104 104 102 100 99 98 96 95 92 91 89 86 83 545 541 536 531 526 528 524 524 530 532 534 537 542 543 551 563 568 561 561 567 568 567 571 564 558 67 69
76 77 79 81 83 84 85 87 90 93 96 100 103 107 110 112 115 114 116 118 118 120 120 120 121 123 122 123 121 118 118 115 115 113 112 109 106 106 104 102 102 101 98 97 95 94 93 92 91 89 86 84 546 543 536 529 523 522 519 517 522 525 528 532 533 539 540 548 558 561 563 562 576 576 570 567 563 562 63 62
74 77 78 80 82 83 85 86 90 92 96 99 102 104 107 110 111 112 114 115 116 117 117 117 119 118 117 119 119 118 115 114 112 111 108 105 102 103 101 100 99 98 96 95 94 92 91 89 88 86 85 82 542 535 527 522 517 514 512 513 518 520 523 525 528 532 538 546 552 555 558 555 559 563 563 562 551 547 54 54
73 75 77 79 81 83 84 87 90 91 94 98 100 104 106 109 110 112 112 113 113 114 114 115 114 116 115 115 114 114 111 108 106 107 105 102 100 98 97 96 95 94 92 92 91 88 87 87 86 84 81 80 538 529 520 516 514 509 509 508 512 516 518 520 526 526 534 544 551 550 550 544 556 554 549 547 48 50 48 49
73 75 76 79 81 82 85 87 89 91 93 96 100 101 104 107 109 110 111 111 111 112 112 113 112 114 113 111 110 110 108 105 103 103 101 99 96 95 93 93 92 92 90 89 87 86 85 84 82 82 80 77 533 529 519 512 510 506 503 502 508 510 513 518 518 523 530 541 550 550 540 536 548 555 544 545 44 43 43 43
71 73 76 78 80 82 84 87 89 90 92 96 99 100 104 106 106 108 109 111 110 110 109 111 110 109 109 107 107 106 104 101 99 98 97 95 93 90 89 89 89 87 86 84 84 82 82 81 79 78 78 74 524 521 513 508 505 500 497 497 504 507 509 511 513 518 526 532 534 540 543 530 536 548 37 37 38 38 39 39
71 73 74 78 80 82 83 86 89 91 93 96 98 101 103 104 105 106 107 109 109 109 107 108 107 106 105 104 104 102 100 98 96 94 95 93 91 88 86 86 85 85 82 80 81 80 79 78 77 75 73 72 519 510 505 501 493 494 493 494 501 505 507 506 509 514 520 526 527 524 524 31 31 31 33 33 33 34 35 36
69 71 73 76 79 81 82 86 88 90 94 96 99 100 102 104 105 106 107 107 108 107 105 105 103 103 101 102 99 99 96 94 91 91 90 88 87 85 84 82 82 80 79 78 77 77 75 74 72 72 70 524 525 517 502 497 498 494 490 491 494 500 503 503 506 510 516 522 530 526 29 27 48 28 29 29 30 30 31 32
68 69 72 74 77 80 82 84 88 91 93 96 99 100 102 103 105 105 106 106 106 105 103 103 101 100 100 98 96 94 93 91 88 87 87 84 82 80 79 79 77 76 74 74 74 72 71 70 68 67 531 528 520 519 508 494 494 496 490 490 491 497 498 502 502 507 513 524 537 527 27 45 24 26 25 26 26 26 27 27
66 68 70 73 76 78 81 84 87 90 92 96 98 101 103 104 104 105 106 105 105 105 103 101 99 98 96 95 94 91 89 86 84 83 83 81 79 78 76 75 74 73 72 70 69 68 67 66 65 63 533 532 521 514 507 498 488 491 487 490 494 495 497 499 499 501 512 528 527 509 25 42 43 43 43 23 23 24 24 24
64 66 68 72 74 77 81 83 86 90 93 96 98 101 103 104 105 106 106 105 104 104 102 99 98 96 92 91 90 88 86 82 81 80 78 76 75 73 72 71 70 69 68 67 66 65 64 62 61 59 531 526 521 513 506 500 494 489 487 493 495 497 498 496 495 494 499 504 24 23 22 21 20 20 40 21 21 20 20 21
63 64 67 70 73 76 80 82 86 90 93 96 99 103 105 106 106 105 106 106 104 103 100 98 96 92 91 89 88 84 83 78 78 76 74 72 71 70 69 67 67 66 64 63 62 61 60 58 57 535 535 527 518 508 497 492 491 489 472 494 497 499 494 492 491 491 491 492 23 22 21 20 19 19 19 37 20 19 19 19
