Part_1_SDMs/env_data/present_climate/bioclim_11.asc
NCOLS 888 
NROWS 876 
XLLCORNER -19 
YLLCORNER -35 
CELLSIZE 0.0833333333333333 
NODATA_value -32768 
[rows 105 to 139 of 876, columns 790 to 868 of 888]
127 127 127 128 128 129 130 131 133 134 137 138 139 140 142 146 -32768 -32768 -32768 -32768 -32768 -32768 -32768 -32768 -32768 -32768 -32768 -32768 -32768 -32768 -32768 -32768 -32768 -32768 -32768 -32768 -32768 -32768 -32768 -32768 -32768 150 -32768 -32768 -32768 153 153 154 155 156 156 155 153 143 104 96 105 88 94 111 115 113 105 94 68 37 48 57 53 56 73 74 48 65 77 77 75 61 51
127 127 127 128 128 129 130 132 132 134 137 138 140 142 142 146 -32768 -32768 -32768 -32768 -32768 -32768 -32768 -32768 -32768 -32768 -32768 -32768 -32768 -32768 -32768 -32768 -32768 -32768 -32768 -32768 -32768 -32768 -32768 -32768 -32768 -32768 -32768 -32768 -32768 153 153 154 155 156 157 156 153 148 121 98 104 104 93 104 117 116 113 87 79 69 49 55 61 49 51 71 74 53 49 65 74 67 35
127 127 128 129 128 129 131 133 133 134 137 139 141 143 144 147 -32768 -32768 -32768 -32768 -32768 -32768 -32768 -32768 -32768 -32768 -32768 -32768 -32768 -32768 -32768 -32768 -32768 -32768 -32768 -32768 -32768 -32768 -32768 -32768 -32768 -32768 -32768 -32768 -32768 -32768 -32768 153 154 156 157 158 156 142 126 116 104 112 108 98 112 116 116 102 54 60 60 62 72 67 25 45 74 78 72 62 61 66 52
128 128 129 129 129 130 131 133 134 135 136 138 141 143 144 145 148 -32768 -32768 -32768 -32768 -32768 -32768 -32768 -32768 -32768 -32768 -32768 -32768 -32768 -32768 -32768 -32768 -32768 -32768 -32768 -32768 -32768 -32768 -32768 -32768 -32768 -32768 -32768 -32768 -32768 -32768 153 153 156 156 157 158 140 118 130 113 114 119 118 111 115 114 108 93 37 47 73 77 71 57 26 29 37 55 72 88 83 75
128 128 129 129 130 131 131 133 134 134 136 138 141 142 143 144 147 147 -32768 -32768 -32768 -32768 -32768 -32768 -32768 -32768 -32768 -32768 -32768 -32768 -32768 -32768 -32768 -32768 -32768 -32768 -32768 -32768 -32768 -32768 -32768 -32768 -32768 -32768 -32768 -32768 -32768 153 154 156 156 156 158 154 142 130 123 122 121 124 123 116 118 105 104 78 70 80 87 41 59 70 55 57 76 76 58 85 95
129 129 130 130 130 131 131 132 134 135 135 137 139 141 143 144 146 147 -32768 -32768 -32768 -32768 -32768 -32768 -32768 -32768 -32768 -32768 -32768 -32768 -32768 -32768 -32768 -32768 -32768 -32768 -32768 -32768 -32768 -32768 -32768 -32768 -32768 -32768 -32768 -32768 -32768 -32768 155 156 157 154 157 153 132 133 123 109 127 129 129 121 115 118 109 107 97 90 87 83 35 63 58 43 92 105 92 99 100
130 130 130 130 131 131 132 132 133 134 135 136 138 140 142 143 145 145 146 -32768 -32768 -32768 -32768 -32768 -32768 -32768 -32768 -32768 -32768 -32768 -32768 -32768 -32768 -32768 -32768 -32768 -32768 -32768 -32768 -32768 -32768 -32768 -32768 -32768 -32768 -32768 -32768 -32768 -32768 -32768 157 154 155 160 143 105 117 120 106 131 122 112 114 115 112 116 122 104 85 81 83 53 72 90 99 113 63 53 61
131 130 131 131 131 132 132 133 134 135 135 135 136 139 141 142 143 145 145 -32768 -32768 -32768 -32768 -32768 -32768 -32768 -32768 -32768 -32768 -32768 -32768 -32768 -32768 -32768 -32768 -32768 -32768 -32768 -32768 -32768 -32768 -32768 -32768 -32768 -32768 -32768 -32768 -32768 -32768 -32768 -32768 149 155 161 160 151 142 128 103 119 134 117 103 115 120 123 129 115 114 103 79 72 76 73 98 118 102 98 99
131 131 132 131 131 133 133 133 134 135 135 136 136 138 140 141 142 143 144 144 -32768 -32768 -32768 -32768 -32768 -32768 -32768 -32768 -32768 -32768 -32768 -32768 -32768 -32768 -32768 -32768 -32768 -32768 -32768 -32768 -32768 -32768 -32768 -32768 -32768 -32768 -32768 -32768 -32768 -32768 -32768 150 147 161 162 157 150 152 128 127 140 132 131 133 131 132 138 126 87 100 99 97 89 95 105 120 115 98 88
132 132 132 132 132 133 133 134 133 135 136 136 136 137 139 140 141 142 143 143 143 -32768 -32768 -32768 -32768 -32768 -32768 -32768 -32768 -32768 -32768 -32768 -32768 -32768 -32768 -32768 -32768 -32768 -32768 -32768 -32768 -32768 -32768 -32768 -32768 -32768 -32768 -32768 -32768 -32768 -32768 156 143 158 163 164 163 163 156 140 136 145 142 139 138 145 137 107 114 123 103 117 124 121 129 125 109 103 109
132 132 133 133 132 133 133 134 134 135 136 136 136 138 138 140 140 142 142 142 142 -32768 -32768 -32768 -32768 -32768 -32768 -32768 -32768 -32768 -32768 -32768 -32768 -32768 -32768 -32768 -32768 -32768 -32768 -32768 -32768 -32768 -32768 -32768 -32768 -32768 -32768 -32768 -32768 -32768 -32768 161 149 148 163 165 161 156 165 163 143 132 143 147 146 143 141 127 130 131 111 105 108 132 131 134 133 127 127
133 133 133 133 133 133 133 134 134 135 136 137 137 137 138 140 140 141 141 142 141 -32768 -32768 -32768 -32768 -32768 -32768 -32768 -32768 -32768 -32768 -32768 -32768 -32768 -32768 -32768 -32768 -32768 -32768 -32768 -32768 -32768 -32768 -32768 -32768 -32768 -32768 -32768 -32768 -32768 -32768 -32768 160 152 157 165 165 149 138 164 160 153 140 145 144 142 145 136 131 136 123 125 120 117 134 125 124 119 115
134 133 133 134 134 134 134 135 135 135 136 136 137 137 138 140 140 141 141 141 141 142 -32768 -32768 -32768 -32768 -32768 -32768 -32768 -32768 -32768 -32768 -32768 -32768 -32768 -32768 -32768 -32768 -32768 -32768 -32768 -32768 -32768 -32768 -32768 -32768 -32768 -32768 -32768 -32768 -32768 -32768 -32768 163 158 165 166 162 136 145 162 152 159 155 155 147 158 148 137 140 143 133 134 126 116 137 128 117 101
134 133 134 134 134 134 135 135 136 136 136 136 137 138 138 139 140 141 141 141 142 142 -32768 -32768 -32768 -32768 -32768 -32768 -32768 -32768 -32768 -32768 -32768 -32768 -32768 -32768 -32768 -32768 -32768 -32768 -32768 -32768 -32768 -32768 -32768 -32768 -32768 -32768 -32768 -32768 -32768 -32768 -32768 165 165 166 163 147 162 146 146 145 138 149 159 160 159 157 149 141 141 143 143 142 141 135 141 129 117
135 135 135 135 135 135 135 137 137 136 136 136 138 138 139 139 140 141 142 142 142 143 144 144 -32768 -32768 -32768 -32768 -32768 -32768 -32768 -32768 -32768 -32768 -32768 -32768 -32768 -32768 -32768 -32768 -32768 -32768 -32768 -32768 -32768 -32768 -32768 -32768 -32768 -32768 -32768 -32768 -32768 166 166 166 160 148 165 168 157 135 142 145 139 152 152 153 156 151 149 146 143 134 137 133 130 136 132
137 136 137 136 136 136 136 136 136 137 137 137 139 138 139 140 141 142 142 142 144 144 145 146 -32768 -32768 -32768 -32768 -32768 -32768 -32768 -32768 -32768 -32768 -32768 -32768 -32768 -32768 -32768 -32768 -32768 -32768 -32768 -32768 -32768 -32768 -32768 -32768 -32768 -32768 -32768 -32768 -32768 -32768 167 168 164 153 164 168 170 164 132 130 137 137 151 151 143 148 146 148 143 145 142 136 127 132 136
137 136 137 137 137 136 137 136 136 137 137 138 138 138 139 140 141 142 143 144 145 145 146 146 147 -32768 -32768 -32768 -32768 -32768 -32768 -32768 -32768 -32768 -32768 -32768 -32768 -32768 -32768 -32768 -32768 -32768 -32768 -32768 -32768 -32768 -32768 -32768 -32768 -32768 -32768 -32768 -32768 -32768 -32768 168 168 165 166 168 170 171 166 130 130 131 136 150 154 146 135 113 135 142 145 140 128 130 134
138 137 138 138 138 137 137 137 137 137 138 138 138 139 140 141 141 143 144 144 145 145 147 147 148 -32768 -32768 -32768 -32768 -32768 -32768 -32768 -32768 -32768 -32768 -32768 -32768 -32768 -32768 -32768 -32768 -32768 -32768 -32768 -32768 -32768 -32768 -32768 -32768 -32768 -32768 -32768 -32768 -32768 -32768 -32768 -32768 -32768 171 -32768 -32768 -32768 172 160 123 130 131 133 144 144 144 143 120 125 142 142 142 145 144
138 137 139 138 137 138 138 137 137 138 138 139 138 139 140 141 142 142 145 146 146 147 147 148 148 -32768 -32768 -32768 -32768 -32768 -32768 -32768 -32768 -32768 -32768 -32768 155 -32768 -32768 -32768 -32768 -32768 -32768 -32768 -32768 -32768 -32768 -32768 -32768 -32768 -32768 -32768 -32768 -32768 -32768 -32768 -32768 -32768 -32768 -32768 -32768 -32768 -32768 173 163 157 145 113 134 148 141 128 147 149 148 135 122 126 133
140 140 140 139 138 139 139 138 139 141 141 141 140 141 141 142 143 144 145 146 147 147 148 149 149 150 151 -32768 -32768 -32768 -32768 -32768 -32768 -32768 -32768 -32768 -32768 -32768 -32768 -32768 -32768 -32768 -32768 -32768 -32768 -32768 -32768 -32768 -32768 -32768 -32768 -32768 -32768 -32768 -32768 -32768 -32768 -32768 -32768 -32768 -32768 -32768 -32768 -32768 -32768 -32768 173 164 133 131 149 148 119 129 151 152 151 148 149
141 140 140 139 139 140 140 140 141 142 142 142 141 143 142 143 144 144 145 147 148 148 149 150 150 151 151 152 152 152 -32768 -32768 -32768 -32768 -32768 -32768 -32768 -32768 -32768 -32768 -32768 -32768 -32768 -32768 -32768 -32768 -32768 -32768 -32768 -32768 -32768 -32768 -32768 -32768 -32768 -32768 -32768 -32768 -32768 -32768 -32768 -32768 -32768 -32768 -32768 -32768 -32768 -32768 166 132 120 134 148 134 114 131 149 152 150
141 139 140 140 140 141 142 141 141 142 141 141 142 143 144 144 144 145 147 148 148 148 149 150 151 151 152 152 153 154 -32768 -32768 -32768 -32768 -32768 -32768 -32768 -32768 -32768 -32768 -32768 -32768 -32768 -32768 -32768 -32768 -32768 -32768 -32768 -32768 -32768 -32768 -32768 -32768 -32768 -32768 -32768 -32768 -32768 -32768 -32768 -32768 -32768 -32768 -32768 -32768 -32768 -32768 -32768 176 169 152 137 152 153 146 141 144 148
140 139 141 141 141 142 142 141 141 141 142 141 142 143 144 145 145 146 148 149 149 149 150 150 152 152 153 153 153 154 -32768 156 156 -32768 -32768 -32768 -32768 -32768 -32768 -32768 -32768 -32768 -32768 -32768 -32768 -32768 -32768 -32768 -32768 -32768 -32768 -32768 -32768 -32768 -32768 -32768 -32768 -32768 -32768 -32768 -32768 -32768 -32768 -32768 -32768 -32768 -32768 -32768 -32768 175 178 177 145 127 145 155 157 157 145
139 139 140 140 141 142 141 141 141 142 142 142 142 142 144 145 145 146 148 149 149 150 151 151 152 153 153 153 154 155 156 156 156 157 157 -32768 -32768 -32768 -32768 -32768 -32768 -32768 -32768 -32768 -32768 -32768 -32768 -32768 -32768 -32768 -32768 -32768 -32768 -32768 -32768 -32768 -32768 -32768 -32768 -32768 -32768 -32768 -32768 -32768 -32768 -32768 -32768 -32768 -32768 172 175 177 176 150 127 122 138 152 158
139 140 140 141 141 141 141 142 141 142 142 142 143 143 144 145 146 147 149 150 151 151 151 152 153 154 153 154 155 156 156 157 157 158 -32768 -32768 -32768 -32768 -32768 -32768 -32768 -32768 -32768 -32768 -32768 -32768 -32768 -32768 -32768 -32768 -32768 -32768 -32768 -32768 -32768 -32768 -32768 -32768 -32768 -32768 -32768 -32768 -32768 -32768 -32768 -32768 -32768 -32768 -32768 -32768 -32768 177 176 178 175 158 142 134 146
140 140 141 141 142 142 142 142 142 141 142 142 144 144 144 145 146 147 148 151 151 151 152 153 154 154 154 154 155 156 157 158 158 159 159 -32768 -32768 -32768 -32768 -32768 -32768 -32768 -32768 -32768 -32768 -32768 -32768 -32768 -32768 -32768 -32768 -32768 -32768 -32768 -32768 -32768 -32768 -32768 -32768 -32768 -32768 -32768 -32768 -32768 -32768 -32768 -32768 -32768 -32768 -32768 -32768 -32768 -32768 177 177 173 166 164 159
140 140 142 141 142 142 142 142 142 142 143 143 145 145 146 145 145 147 151 152 151 152 152 153 154 155 155 155 156 157 157 158 159 159 159 -32768 -32768 -32768 -32768 -32768 -32768 -32768 -32768 -32768 -32768 -32768 -32768 -32768 -32768 -32768 -32768 -32768 -32768 -32768 -32768 -32768 -32768 -32768 -32768 -32768 -32768 -32768 -32768 -32768 -32768 -32768 -32768 -32768 -32768 -32768 -32768 -32768 -32768 -32768 -32768 181 168 164 171
140 140 142 142 142 142 142 142 144 144 144 145 146 147 146 146 145 149 152 152 152 152 153 153 155 155 156 156 156 157 158 159 159 160 160 161 -32768 -32768 -32768 -32768 -32768 -32768 -32768 -32768 -32768 -32768 -32768 -32768 -32768 -32768 -32768 -32768 -32768 -32768 -32768 -32768 -32768 -32768 -32768 -32768 -32768 -32768 -32768 -32768 -32768 -32768 -32768 -32768 -32768 -32768 -32768 -32768 -32768 -32768 -32768 -32768 -32768 -32768 183
140 141 141 141 142 143 142 142 145 145 145 145 146 147 147 148 146 150 152 151 151 153 153 154 155 156 156 156 156 157 158 159 160 160 161 161 162 163 -32768 -32768 -32768 -32768 -32768 -32768 -32768 -32768 -32768 -32768 -32768 -32768 -32768 -32768 -32768 -32768 -32768 -32768 -32768 -32768 -32768 -32768 -32768 -32768 -32768 -32768 -32768 -32768 -32768 -32768 -32768 -32768 -32768 -32768 -32768 -32768 -32768 182 182 -32768 -32768
141 141 141 141 141 142 141 141 144 144 144 145 146 147 148 149 149 152 151 150 150 153 154 154 155 156 156 157 157 157 158 159 160 160 162 162 163 163 164 -32768 -32768 -32768 -32768 -32768 -32768 -32768 -32768 -32768 -32768 -32768 -32768 -32768 -32768 -32768 -32768 -32768 -32768 -32768 -32768 -32768 -32768 -32768 -32768 -32768 -32768 -32768 -32768 -32768 -32768 -32768 -32768 -32768 -32768 -32768 -32768 -32768 181 183 183
141 141 141 141 141 141 141 142 143 144 144 145 146 147 148 148 148 150 149 149 150 154 154 154 155 156 157 157 157 158 158 159 161 162 162 163 163 164 165 166 -32768 -32768 -32768 -32768 -32768 -32768 -32768 -32768 -32768 -32768 -32768 -32768 -32768 -32768 -32768 -32768 -32768 -32768 -32768 -32768 -32768 -32768 -32768 -32768 -32768 -32768 -32768 -32768 -32768 -32768 -32768 -32768 -32768 -32768 -32768 -32768 -32768 -32768 -32768
141 141 141 141 141 142 142 142 143 144 144 145 146 147 147 148 149 148 148 149 150 154 154 154 156 156 157 157 157 158 159 160 161 162 163 163 163 164 165 167 168 -32768 -32768 -32768 -32768 -32768 -32768 -32768 -32768 -32768 -32768 -32768 -32768 -32768 -32768 -32768 -32768 -32768 -32768 -32768 -32768 -32768 -32768 -32768 -32768 -32768 -32768 -32768 -32768 -32768 -32768 -32768 -32768 -32768 -32768 -32768 -32768 -32768 -32768
140 141 141 141 142 142 142 143 143 144 144 145 146 148 148 147 149 148 148 150 152 155 153 153 156 157 157 157 158 158 159 160 162 162 164 164 165 164 166 167 -32768 -32768 -32768 -32768 -32768 -32768 -32768 -32768 -32768 -32768 -32768 -32768 -32768 -32768 -32768 -32768 -32768 -32768 -32768 -32768 -32768 -32768 -32768 -32768 -32768 -32768 -32768 -32768 -32768 -32768 -32768 -32768 -32768 -32768 -32768 -32768 -32768 -32768 -32768
140 141 141 141 142 143 142 143 144 145 145 146 146 149 148 147 149 148 148 150 155 153 153 155 157 158 158 158 158 158 159 160 162 163 164 164 165 166 167 169 170 -32768 -32768 -32768 -32768 -32768 -32768 -32768 -32768 -32768 -32768 -32768 -32768 -32768 -32768 -32768 -32768 -32768 -32768 -32768 -32768 -32768 -32768 -32768 -32768 -32768 -32768 -32768 -32768 -32768 -32768 -32768 -32768 -32768 -32768 -32768 -32768 -32768 -32768
140 140 141 141 142 142 143 143 144 145 146 146 147 149 148 148 148 148 149 151 154 153 154 155 157 158 159 159 158 158 158 160 163 164 165 166 167 168 168 169 171 -32768 -32768 -32768 -32768 -32768 -32768 -32768 -32768 -32768 -32768 -32768 -32768 -32768 -32768 -32768 -32768 -32768 -32768 -32768 -32768 -32768 -32768 -32768 -32768 -32768 -32768 -32768 -32768 -32768 -32768 -32768 -32768 -32768 -32768 -32768 -32768 -32768 -32768
