Part_1_SDMs/env_data/present_climate/bioclim_5.asc
NCOLS 888 
NROWS 876 
XLLCORNER -19 
YLLCORNER -35 
CELLSIZE 0.0833333333333333 
NODATA_value -32768 
[rows 140 to 174 of 876, columns 79 to 157 of 888]
339 341 343 344 345 346 348 351 355 359 362 364 366 368 370 372 373 375 376 377 379 381 383 384 386 389 391 393 396 399 401 404 407 410 413 416 418 421 424 427 430 433 435 437 440 443 445 448 450 452 454 456 458 460 461 463 465 467 469 470 471 472 474 475 475 476 477 478 479 480 480 480 481 480 481 482 482 482 483
342 344 346 347 349 350 352 354 358 362 365 367 368 371 373 374 376 377 377 378 381 383 385 386 389 391 394 396 399 402 404 407 410 413 416 418 420 423 427 429 432 435 437 439 442 444 447 449 451 453 455 456 458 460 461 463 465 467 468 469 471 472 473 474 475 476 477 478 479 480 480 480 480 480 481 482 483 483 483
345 347 348 349 352 354 356 358 361 365 368 370 371 372 373 375 379 380 381 381 382 384 386 388 391 394 397 400 402 405 408 410 412 415 418 421 423 426 428 431 433 437 439 441 444 445 448 450 453 454 456 457 458 460 461 463 465 467 468 469 470 471 473 474 475 476 476 477 478 479 480 480 480 480 481 483 483 483 483
348 350 351 353 356 358 361 363 366 369 371 372 373 373 375 378 381 382 383 384 385 387 389 392 394 397 400 403 405 408 410 412 415 417 420 423 425 428 430 432 435 438 441 442 445 447 449 451 453 454 456 457 459 460 461 463 465 466 468 469 470 471 472 473 474 475 476 477 478 479 479 479 480 480 482 483 482 483 483
351 353 356 358 360 361 363 366 370 373 374 374 375 376 378 381 383 384 385 386 388 391 393 395 398 400 403 406 408 411 413 415 418 420 423 425 428 430 432 434 437 440 442 444 446 448 450 452 454 455 457 458 459 461 462 463 465 466 468 469 470 471 472 473 474 475 476 476 477 478 479 479 480 481 482 483 483 483 483
355 358 360 362 362 364 366 369 372 376 376 377 378 379 381 383 385 387 389 390 392 394 396 398 401 404 406 409 411 414 416 418 420 423 425 427 429 432 434 436 438 441 443 445 447 449 451 452 455 456 458 459 460 462 463 464 465 466 468 469 470 471 472 473 473 474 475 476 476 477 478 479 480 481 482 483 483 484 484
359 361 363 364 363 368 371 374 376 378 380 381 382 384 385 388 389 391 392 394 396 397 399 402 404 407 409 412 414 416 418 420 423 425 427 429 431 434 436 438 440 442 444 447 448 450 451 453 455 457 459 460 461 463 464 465 466 466 468 469 470 471 472 472 473 474 474 475 476 476 477 478 479 481 481 482 483 484 484
361 364 367 367 369 373 376 379 381 382 383 384 386 388 389 392 393 394 396 397 399 401 403 405 407 409 412 414 416 418 420 423 425 427 429 431 433 435 438 439 442 444 446 447 449 451 452 454 456 457 460 461 462 463 464 465 466 467 468 470 470 471 472 472 473 474 474 475 476 476 477 478 479 480 481 482 482 483 484
363 366 370 371 374 377 380 383 382 385 386 388 390 392 393 395 396 398 399 401 403 405 407 408 410 413 415 417 419 421 423 425 427 429 431 433 435 437 439 441 443 445 447 448 450 452 453 455 456 458 460 461 463 464 465 466 467 468 469 470 471 472 472 473 473 474 475 475 476 476 477 478 479 480 481 482 482 483 484
365 368 371 372 377 380 383 385 387 388 389 391 393 396 397 398 399 401 403 404 406 408 410 411 413 415 418 419 421 423 425 427 429 431 433 435 437 439 441 443 444 445 448 449 451 452 453 455 457 458 460 462 463 464 465 467 468 469 469 470 471 472 473 474 474 475 476 476 476 477 478 478 479 480 481 482 482 483 484
367 369 372 375 378 382 385 388 390 392 393 395 397 399 401 402 402 405 406 408 410 411 413 414 416 418 420 422 424 426 428 429 431 433 435 437 439 441 442 444 445 447 448 449 451 452 453 455 457 459 460 462 463 465 466 468 469 469 470 471 472 473 474 474 475 475 476 476 477 478 478 478 479 480 481 483 483 484 484
370 370 373 376 379 384 387 391 394 395 397 399 401 403 404 406 406 407 410 412 413 414 416 417 419 420 422 424 426 428 430 431 434 435 437 439 441 442 444 445 447 448 449 451 452 453 454 455 456 459 461 462 463 465 466 468 469 470 471 472 473 473 474 474 475 475 476 477 477 478 478 479 478 480 481 482 483 484 484
369 372 378 381 384 387 391 394 398 400 401 403 404 406 407 409 410 411 413 414 415 417 418 420 421 423 425 427 428 430 432 434 436 437 439 441 442 444 445 446 448 449 450 452 453 454 455 456 457 459 461 462 464 465 466 468 469 470 472 473 474 475 475 475 475 476 476 477 478 479 479 478 479 479 481 482 483 484 482
372 376 381 385 388 391 394 398 401 404 405 405 408 409 410 411 412 414 416 417 418 419 421 423 424 426 427 429 430 432 434 436 437 439 440 442 443 445 446 447 449 450 451 453 454 455 456 457 458 459 460 463 464 465 466 468 469 470 471 472 474 475 476 475 475 476 476 478 479 479 480 479 479 480 481 482 484 482 481
376 380 383 388 391 394 397 401 404 406 408 409 410 411 413 414 416 417 419 420 421 422 424 425 426 428 429 431 432 434 436 437 439 440 442 443 445 446 447 448 450 451 452 454 455 456 457 458 459 459 461 463 464 465 466 468 468 470 471 472 473 475 476 477 477 477 477 479 479 480 480 480 480 480 481 481 481 480 481
381 382 387 391 394 397 399 403 406 408 410 411 413 414 416 417 418 420 421 422 423 424 426 427 429 430 432 433 434 436 438 439 441 442 443 444 446 447 448 450 451 452 454 455 456 456 458 459 459 460 461 462 464 465 466 467 469 470 471 472 473 475 476 476 477 478 479 480 480 481 481 480 480 481 481 480 480 480 481
384 386 390 393 396 399 402 405 408 410 412 414 415 416 418 419 420 422 423 424 425 427 428 430 431 432 433 435 436 437 439 440 442 443 444 446 447 448 449 451 452 453 455 456 456 457 459 460 460 461 461 463 463 464 466 467 468 470 471 472 473 474 476 476 477 478 479 480 481 480 480 481 480 481 481 480 480 481 481
386 390 393 396 399 402 404 407 410 412 413 416 417 419 420 421 422 424 424 425 427 429 430 431 432 433 435 436 437 439 440 441 443 444 445 447 448 449 451 452 453 454 456 457 458 459 460 460 461 461 461 463 463 464 466 467 468 469 471 471 473 474 475 475 476 477 478 479 480 480 481 482 481 481 480 480 480 481 482
390 393 396 398 401 404 407 409 412 414 416 417 418 420 421 423 424 425 426 427 429 430 431 433 434 435 436 437 439 440 441 442 444 445 447 448 449 450 452 453 454 455 457 458 459 460 461 461 462 462 462 463 464 465 465 466 468 469 470 471 472 474 475 475 475 476 477 478 479 480 481 481 481 480 480 480 481 481 482
392 395 397 400 403 406 409 411 414 416 417 419 419 421 422 424 425 426 428 429 431 432 433 435 435 436 438 439 440 441 442 444 445 447 447 448 450 451 453 454 455 456 457 458 459 460 461 462 462 463 463 464 465 465 465 466 467 469 470 471 472 473 475 475 475 475 476 477 479 479 480 481 480 480 480 481 481 481 482
394 396 399 402 405 408 411 413 415 417 419 421 422 423 424 426 427 428 430 431 432 434 435 436 437 438 439 441 442 442 444 445 447 448 449 450 451 452 454 455 456 457 458 459 460 460 461 462 463 463 464 465 465 466 466 466 467 468 469 471 471 472 474 474 475 476 475 476 477 479 481 481 480 480 480 481 482 483 484
395 399 401 403 407 410 412 414 416 419 420 422 424 425 426 428 429 430 431 433 434 435 437 437 438 440 441 442 443 444 445 447 448 449 450 451 452 454 455 456 457 458 459 460 461 461 462 463 464 464 465 465 466 466 466 467 468 468 469 471 472 472 473 474 474 475 476 476 477 479 480 479 479 480 481 482 482 484 485
398 401 404 406 408 411 414 416 419 421 422 424 426 427 428 430 431 432 433 434 436 437 438 439 440 441 442 443 444 445 447 448 449 450 451 452 453 455 456 457 457 458 460 461 461 462 462 463 464 464 465 465 465 466 466 467 468 468 470 472 472 472 472 473 473 475 476 477 478 478 478 479 479 480 481 482 483 484 485
401 403 406 408 411 413 416 418 420 422 424 426 427 428 430 431 433 434 435 436 437 438 439 440 441 443 444 445 446 447 448 449 450 451 452 453 454 455 456 457 458 459 460 461 462 462 463 463 464 465 465 465 465 466 467 468 469 470 471 472 472 472 472 473 474 475 477 478 477 477 478 478 479 480 481 481 482 483 484
403 406 408 410 413 415 417 419 421 424 425 427 429 430 432 433 434 435 436 437 438 439 440 441 443 444 445 446 447 448 449 450 451 452 453 454 455 456 457 458 459 460 461 462 462 463 463 463 464 465 465 465 466 467 467 468 469 470 471 472 472 472 472 473 475 476 476 476 477 477 478 479 479 480 480 482 482 481 482
404 407 409 412 414 417 419 421 422 423 425 428 430 431 433 434 435 436 437 438 439 440 442 443 444 445 446 447 448 449 450 451 452 453 453 454 456 457 458 459 460 460 461 462 463 464 464 464 464 465 465 466 466 467 468 469 469 470 471 472 472 472 473 474 475 475 475 476 477 478 478 479 479 480 481 482 482 481 481
406 408 410 412 415 417 420 422 424 426 427 428 430 432 434 436 436 437 439 439 441 442 443 444 445 446 447 448 449 450 451 452 453 454 454 455 456 458 459 460 461 461 462 463 463 464 464 464 464 465 466 466 466 467 468 469 470 470 471 472 472 473 474 474 474 475 476 477 477 478 480 481 481 481 480 480 480 481 481
407 409 411 413 416 418 420 423 425 427 429 430 431 432 434 436 438 438 440 441 442 443 444 445 447 447 448 449 450 451 452 453 454 454 455 456 457 458 460 461 461 461 462 463 463 464 465 465 465 466 466 466 466 467 469 469 470 470 471 472 473 474 474 474 475 476 477 479 479 479 480 480 480 480 479 480 480 480 480
408 410 413 415 417 419 421 424 425 428 430 432 433 433 435 437 439 440 441 442 443 444 445 446 447 448 449 450 451 451 453 454 454 455 456 457 458 459 460 461 462 462 463 463 463 465 465 465 466 466 466 466 466 467 468 469 470 470 471 473 474 474 474 475 476 476 478 479 478 478 479 480 480 480 480 480 480 480 480
409 411 414 416 418 421 422 424 426 428 430 432 434 436 436 438 439 441 442 443 444 445 445 446 447 448 449 450 451 452 453 455 455 456 456 457 458 459 460 461 462 463 463 464 464 465 465 465 465 465 466 466 466 467 467 469 469 470 472 473 473 473 475 476 475 476 477 477 476 476 478 479 480 478 478 479 479 479 479
410 412 415 418 420 422 424 425 427 429 431 432 434 436 438 439 440 441 442 443 444 445 446 447 448 449 450 451 452 453 454 455 456 456 457 458 458 459 460 461 463 463 464 464 465 465 465 465 466 466 466 466 467 467 468 468 469 471 472 472 472 474 475 475 475 475 475 475 476 477 477 478 477 478 478 479 479 479 479
411 414 416 418 421 422 424 426 428 430 431 433 435 437 439 439 441 442 443 444 445 446 447 448 448 449 450 451 452 453 455 456 456 457 457 458 459 460 461 462 463 464 464 464 465 465 465 466 466 466 466 467 467 468 468 469 471 471 471 472 473 474 474 474 475 475 476 475 476 477 477 478 478 478 478 478 478 478 479
412 414 417 419 421 423 425 427 429 430 432 434 436 437 439 440 442 443 444 444 445 446 447 448 449 450 451 452 452 453 455 456 457 457 458 458 459 460 461 462 463 464 465 465 465 465 465 465 466 466 467 467 468 468 469 471 471 471 472 473 472 473 473 474 475 475 474 475 475 476 476 478 478 478 477 478 479 478 478
413 416 418 420 422 424 426 427 430 431 433 435 437 439 440 441 442 443 445 445 446 447 448 449 450 451 451 452 453 454 455 456 457 458 459 459 460 461 461 462 463 464 464 465 465 465 465 466 466 466 466 467 468 469 470 470 470 471 471 472 472 472 473 473 475 474 474 475 475 476 476 476 476 477 477 477 478 477 477
416 417 419 421 423 425 426 429 431 432 434 436 438 439 440 441 442 444 445 446 446 447 448 449 450 451 452 453 453 454 455 456 457 458 459 460 461 461 462 462 463 464 464 465 464 465 466 466 466 466 466 467 468 469 469 469 470 470 471 473 473 472 472 473 473 474 474 474 475 475 475 476 476 476 476 477 477 477 477
