Part_1_SDMs/env_data/present_climate/bioclim_12.asc
NCOLS 888 
NROWS 876 
XLLCORNER -19 
YLLCORNER -35 
CELLSIZE 0.0833333333333333 
NODATA_value -32768 
[rows 272 to 305 of 876, columns 231 to 307 of 888]
288 291 294 295 297 291 286 276 266 257 248 241 234 232 231 232 233 233 235 236 240 242 247 254 262 269 274 276 277 278 276 276 272 269 265 263 257 253 252 250 249 249 251 250 252 254 258 260 264 266 268 274 278 282 283 288 291 299 304 308 311 309 312 312 308 306 302 296 290 283 279 273 269 265 263 261 261
294 296 298 302 304 302 293 283 271 260 249 241 235 231 232 234 236 235 238 239 240 244 249 260 268 276 284 289 288 287 286 285 280 274 270 266 264 257 256 253 253 252 254 255 255 258 261 263 269 271 274 279 285 288 291 296 301 308 315 320 321 323 325 323 324 320 314 310 304 299 292 284 278 275 271 270 267
299 301 305 306 309 309 300 286 275 262 250 241 234 232 234 237 239 241 243 244 245 248 255 266 276 285 296 298 300 297 296 295 289 283 277 273 267 262 258 257 256 256 257 258 261 263 265 269 274 277 281 286 290 294 301 303 309 315 325 330 334 336 340 338 337 333 331 326 319 311 304 297 288 283 280 274 272
302 305 307 309 309 306 300 290 277 266 253 244 238 236 239 243 246 249 250 252 254 255 265 276 286 295 306 310 309 305 304 303 299 292 285 279 272 265 262 260 261 262 261 263 265 267 270 275 278 282 288 292 295 301 306 312 315 323 332 341 347 349 351 350 351 350 347 342 336 326 318 309 299 291 284 279 277
307 308 311 312 310 307 300 291 281 269 258 250 247 245 247 251 254 257 260 263 266 270 278 288 296 307 316 320 319 317 316 313 308 303 294 287 280 272 266 267 269 268 268 268 270 272 277 280 284 289 295 299 301 307 312 320 326 331 339 350 358 364 363 364 366 366 363 359 350 342 333 324 308 297 288 281 278
308 311 313 314 314 311 301 293 284 275 265 259 256 256 259 262 266 270 271 278 283 288 294 300 308 319 327 330 331 327 327 325 318 314 305 297 289 282 277 277 274 275 274 274 275 277 282 287 291 296 301 307 309 312 316 327 333 337 344 355 366 371 372 376 379 381 378 372 366 354 343 331 316 302 289 280 278
312 313 315 317 316 314 306 296 289 278 273 266 265 266 271 273 278 283 288 294 298 304 308 316 319 330 336 339 340 340 340 336 330 325 317 309 302 295 291 287 285 282 282 280 279 283 288 293 297 302 307 312 316 320 323 330 336 341 348 354 363 368 376 381 388 392 392 389 380 365 352 337 321 305 290 278 276
314 319 321 322 324 319 312 301 292 284 279 275 278 280 283 289 293 298 303 307 312 319 325 327 332 339 346 351 352 352 353 350 342 337 329 321 313 308 304 301 296 293 287 285 286 290 296 300 304 308 314 319 322 325 330 334 339 344 351 354 357 365 372 383 393 399 400 399 390 377 362 345 327 311 294 279 273
323 325 328 331 333 331 322 310 298 289 285 284 287 291 297 303 308 312 315 319 326 331 336 338 345 351 356 362 366 366 367 366 357 347 341 334 326 323 318 314 310 304 299 295 295 300 303 307 313 317 320 323 329 331 335 339 344 348 355 356 359 367 376 388 399 407 405 402 394 385 371 353 337 318 301 288 281
330 333 336 341 343 341 332 319 305 295 290 293 298 305 314 318 322 327 329 332 338 342 347 348 354 359 365 372 377 381 381 377 371 362 352 345 337 336 335 330 324 316 311 308 307 309 313 317 322 325 330 335 336 341 340 344 347 354 360 367 370 372 377 385 400 410 411 410 403 393 379 361 345 329 315 304 299
341 343 347 350 351 346 339 326 316 304 299 302 312 323 329 334 338 340 341 344 349 352 354 357 360 366 373 382 390 396 396 389 381 372 365 357 351 353 352 342 335 329 324 320 322 322 325 329 334 336 340 343 344 346 348 349 352 360 369 379 382 377 379 391 403 413 416 416 410 401 389 374 358 342 328 317 309
355 359 360 361 359 354 349 338 327 316 311 316 328 340 349 352 352 353 352 354 358 359 363 362 366 372 379 387 395 405 403 396 389 383 374 368 365 362 361 353 346 342 335 333 335 336 338 342 345 346 351 353 354 353 355 356 356 362 371 381 385 385 391 400 410 419 421 420 415 407 396 384 370 357 341 330 318
377 377 377 374 371 366 357 350 341 333 330 335 346 358 369 371 368 364 363 361 364 369 366 364 368 375 382 388 397 402 401 397 393 387 385 379 367 359 358 355 352 349 348 345 346 348 353 356 359 361 363 365 363 364 363 364 359 362 372 383 387 392 399 410 420 423 427 422 417 411 405 396 385 370 356 342 329
401 396 393 387 383 377 371 361 355 352 350 354 363 374 388 388 380 371 367 365 363 364 359 362 369 377 383 388 395 398 397 393 391 389 388 384 362 352 356 357 356 359 359 358 359 364 366 369 372 376 379 377 376 376 374 371 371 375 378 385 390 400 408 419 426 430 430 424 418 414 414 410 400 388 370 355 341
423 415 409 404 399 393 385 379 374 370 369 371 377 382 388 388 382 374 370 367 364 360 355 361 372 378 383 389 391 396 391 388 385 381 379 369 344 345 352 360 364 367 369 370 373 378 379 384 391 393 393 393 391 391 389 388 386 386 388 393 395 406 417 427 431 437 433 427 421 420 423 425 415 399 383 369 355
443 434 427 419 414 407 401 396 388 385 385 383 384 387 386 381 378 375 372 371 368 366 366 369 376 379 385 390 393 391 388 384 379 372 367 360 349 351 361 369 372 377 381 383 386 392 396 401 404 408 409 409 408 404 405 404 404 406 407 408 405 415 426 437 444 445 440 433 429 427 429 430 425 407 392 381 369
461 454 443 436 429 424 416 410 405 400 398 395 392 391 388 377 374 375 377 377 377 377 378 381 384 389 393 392 394 393 390 382 379 373 370 368 366 369 373 377 382 389 392 394 400 405 408 414 418 423 423 423 425 422 421 421 424 425 428 427 426 430 439 447 450 452 448 442 435 432 432 432 424 412 400 390 380
478 470 459 454 446 439 432 426 422 415 410 405 402 397 395 387 377 382 387 388 391 394 395 396 398 398 400 400 397 397 393 385 382 382 382 383 385 384 387 391 394 400 404 408 411 417 425 430 434 436 438 438 439 439 440 441 444 447 451 451 452 453 457 461 462 462 457 449 445 440 436 430 422 413 405 397 392
491 483 476 470 460 452 448 445 441 431 426 420 417 411 408 402 390 393 399 404 410 411 413 414 411 409 407 408 405 406 402 398 397 401 405 405 405 404 403 405 409 414 418 421 424 434 441 444 448 450 452 452 456 458 459 462 464 466 471 478 486 483 479 477 475 471 465 458 452 446 438 433 423 414 407 403 403
500 496 490 483 478 471 467 462 453 448 442 440 432 427 422 418 412 413 418 424 431 433 436 433 429 423 418 418 417 417 415 417 417 420 426 430 428 425 422 422 424 425 431 436 439 448 454 456 463 463 469 471 475 477 479 480 483 489 495 498 503 502 498 492 489 483 477 468 461 453 444 433 425 416 410 411 414
511 506 503 499 494 488 485 476 471 464 461 453 449 442 439 436 435 439 440 444 449 460 465 458 449 437 431 430 430 434 436 437 438 444 450 454 452 444 439 436 437 439 442 450 453 459 467 471 476 480 485 488 494 496 498 499 502 509 514 515 516 516 512 507 504 496 488 480 472 464 453 442 430 422 418 418 423
521 517 517 512 510 505 496 491 486 483 479 472 466 461 460 459 460 461 462 465 471 482 497 489 471 452 447 445 446 450 453 459 462 464 464 466 465 459 453 450 449 452 455 461 467 472 482 485 490 496 502 507 509 513 515 518 523 528 530 531 529 530 526 523 518 509 500 492 484 474 463 453 441 434 429 430 434
532 533 531 528 520 516 511 504 502 499 493 488 482 483 480 482 478 481 485 488 494 509 517 513 496 478 469 463 463 466 471 479 485 482 473 470 470 468 465 462 460 463 468 474 481 485 494 500 509 515 521 526 528 530 535 539 541 544 545 546 546 545 542 538 529 525 515 507 500 490 480 468 459 451 447 447 447
541 542 544 540 534 530 525 521 516 512 508 504 503 505 500 501 499 500 503 507 515 526 532 526 516 504 490 481 480 483 489 497 503 497 485 482 482 481 476 473 471 472 475 485 492 500 507 518 525 533 540 543 546 551 555 559 560 564 564 562 560 561 556 551 544 540 534 525 516 506 498 487 480 473 469 465 465
552 551 550 550 546 542 535 534 529 526 523 525 525 525 521 517 515 516 520 524 531 540 546 543 537 526 510 498 497 501 506 511 517 514 509 502 496 492 487 481 481 479 486 494 504 512 526 535 544 552 557 561 568 573 576 576 580 581 582 579 578 575 571 567 561 557 550 543 535 526 518 509 500 494 490 486 483
559 560 560 558 558 554 554 550 548 543 541 544 545 543 540 537 534 536 538 538 544 550 556 556 552 543 532 521 516 517 521 526 532 533 530 522 515 508 500 494 487 487 492 506 517 528 540 554 564 571 578 584 590 594 597 596 600 601 603 600 595 592 592 586 580 574 570 562 555 547 540 533 525 519 513 511 508
570 570 570 571 567 567 568 566 562 558 558 558 558 555 554 550 546 545 548 549 554 559 566 569 567 557 550 543 537 535 534 535 547 555 551 543 536 524 513 503 492 491 496 514 527 547 561 573 580 591 599 606 612 616 615 619 622 624 622 615 612 612 609 604 599 595 590 581 575 568 563 557 551 545 541 537 536
580 580 579 579 578 580 577 576 576 577 575 571 571 569 563 558 555 555 558 562 563 568 574 579 580 572 566 560 558 555 553 553 564 576 575 564 556 545 530 512 496 490 497 517 538 560 580 593 606 615 624 629 634 635 637 641 644 645 640 638 632 632 630 626 620 614 609 602 599 593 585 583 578 572 566 564 562
590 588 587 588 588 588 591 592 590 592 590 588 584 581 578 572 568 566 568 568 572 579 588 591 590 584 581 578 575 571 573 573 582 588 592 584 574 565 545 523 499 485 496 522 551 576 597 616 629 639 650 656 657 658 662 666 669 671 667 664 659 656 652 648 641 636 631 628 622 617 611 608 605 600 595 593 590
598 603 599 600 604 604 605 607 606 607 608 606 602 597 593 586 580 576 578 581 587 597 604 608 606 597 593 592 591 592 591 591 595 600 601 597 589 583 567 542 511 493 508 537 569 597 624 642 657 668 675 679 681 685 687 690 693 694 695 689 683 680 675 668 664 660 654 652 648 642 638 634 633 630 625 625 623
610 610 610 614 616 618 623 625 626 624 623 621 618 616 612 605 597 589 595 602 609 618 624 621 620 610 606 607 606 605 608 607 607 610 610 604 597 595 584 565 541 528 538 565 593 625 652 674 688 699 703 706 707 709 711 711 714 717 711 709 705 700 696 695 688 683 679 673 671 670 666 662 662 661 658 655 655
623 623 624 627 633 635 639 640 641 643 642 642 639 638 635 627 619 616 622 625 633 638 642 640 632 625 617 619 620 621 618 615 616 617 616 612 607 602 597 587 571 566 579 597 626 657 687 707 725 730 733 733 735 735 734 731 734 735 732 727 723 720 716 712 707 707 702 698 696 693 692 691 692 691 687 685 685
638 638 639 643 650 653 657 659 661 659 659 663 662 662 657 653 648 647 647 650 655 659 659 652 645 637 629 626 629 630 628 623 622 623 621 620 613 610 609 606 600 602 611 628 657 691 721 746 758 762 761 760 760 760 757 754 751 750 749 745 743 739 735 733 730 729 728 723 719 716 716 720 722 722 722 718 716
656 657 660 662 666 673 674 677 679 680 682 686 686 688 687 683 676 669 670 669 672 674 671 666 657 649 639 637 635 635 637 632 629 628 625 622 619 621 620 620 622 624 641 658 686 723 760 790 797 791 789 785 784 781 778 775 771 771 771 769 761 761 756 753 752 752 752 750 747 745 745 747 749 753 756 752 749
