Part_1_SDMs/env_data/present_climate/bioclim_7.asc
NCOLS 888 
NROWS 876 
XLLCORNER -19 
YLLCORNER -35 
CELLSIZE 0.0833333333333333 
NODATA_value -32768 
[rows 140 to 174 of 876, columns 79 to 157 of 888]
243 246 248 250 253 257 260 262 263 266 268 270 273 276 279 282 285 289 293 296 298 301 305 308 310 314 317 320 324 327 330 334 337 340 344 348 351 354 357 360 363 367 370 372 375 378 381 384 386 388 390 393 395 397 399 401 402 404 405 406 407 408 410 410 411 413 414 414 414 415 416 416 418 417 418 419 419 420 420
246 249 252 254 257 260 264 266 267 270 271 275 277 280 283 285 289 292 295 299 302 305 307 310 313 315 319 322 325 329 331 335 339 342 345 348 351 355 358 360 364 367 369 372 375 378 381 383 385 388 391 392 395 397 398 400 402 403 404 405 406 408 409 410 411 412 413 413 414 415 415 416 416 417 418 418 419 419 420
249 252 255 258 261 264 267 269 270 272 275 278 280 284 287 289 293 295 299 301 304 307 310 312 315 318 320 324 326 330 333 337 340 343 345 349 352 356 358 361 364 367 370 372 376 377 381 382 386 388 390 392 394 396 398 400 401 403 404 405 406 407 409 410 411 412 412 413 414 414 415 415 416 416 417 417 418 418 419
253 256 258 261 263 266 269 272 274 275 279 282 284 289 291 292 295 298 301 304 307 310 312 315 317 320 322 325 328 331 334 337 341 344 346 350 352 356 358 361 364 367 370 372 375 378 380 382 385 387 389 391 394 396 397 399 401 402 404 405 406 407 407 408 410 411 411 412 414 414 414 415 415 415 417 417 417 417 418
255 258 261 263 266 269 273 275 277 279 282 285 288 291 294 296 298 300 304 306 308 311 314 316 319 321 324 327 329 333 336 339 342 345 348 350 354 356 359 362 365 368 370 372 375 377 380 383 385 387 389 390 393 395 397 398 401 402 403 404 405 406 407 408 409 410 412 412 413 413 414 414 415 416 415 416 416 416 417
258 261 263 267 270 273 275 278 280 283 286 288 291 293 296 298 301 303 306 308 311 313 315 317 320 323 325 329 331 334 337 340 342 346 348 351 353 357 360 362 365 367 369 372 375 377 380 382 385 386 389 390 392 395 396 398 399 401 403 404 405 406 407 408 408 409 411 412 412 413 413 414 415 415 415 415 415 416 416
260 263 266 269 274 276 278 280 283 286 289 292 294 296 298 301 303 306 308 310 313 314 317 320 322 325 327 330 333 335 337 340 343 346 349 352 354 358 360 363 365 367 370 373 375 378 379 382 384 386 388 390 391 394 396 397 399 400 402 403 404 406 407 407 408 409 409 411 412 412 413 413 414 414 414 414 415 415 415
264 266 269 273 276 278 281 284 286 289 292 294 297 299 301 303 305 307 310 311 314 316 319 321 324 326 329 331 333 336 339 342 345 347 350 352 355 357 361 362 365 368 371 372 375 378 379 382 384 385 388 389 391 392 395 396 397 399 401 403 403 404 406 407 408 409 409 410 411 411 412 413 414 414 414 414 414 414 415
266 269 272 275 278 280 283 287 289 292 295 297 299 301 303 305 306 309 311 314 315 318 321 323 325 328 330 333 335 337 340 343 345 348 350 353 355 358 360 362 365 368 371 373 375 378 379 382 383 385 388 389 391 392 394 396 397 398 400 401 403 404 404 406 407 408 409 409 410 410 411 413 413 413 413 414 414 414 414
269 271 274 278 280 283 286 289 292 294 298 299 301 303 305 307 309 310 313 315 317 320 322 324 327 329 332 333 336 338 341 343 346 348 351 353 355 358 360 363 366 368 371 373 376 377 379 381 384 385 387 389 390 391 393 395 397 398 399 400 401 403 404 406 406 408 408 409 409 410 411 411 412 412 412 412 413 413 414
271 275 278 280 283 286 289 292 295 298 300 302 304 305 307 308 311 313 314 317 319 321 324 326 328 330 332 335 337 340 343 344 346 349 351 354 356 359 360 363 365 368 370 372 375 376 378 381 383 385 386 389 389 391 393 395 396 396 398 399 401 402 403 404 406 406 407 408 409 410 410 410 411 411 411 412 412 413 413
274 277 280 284 286 289 292 295 298 301 302 305 307 308 309 311 312 314 317 319 320 322 325 327 330 331 333 336 338 340 343 345 348 349 352 355 357 359 361 364 366 368 370 373 375 377 379 380 382 384 386 388 389 390 392 394 395 396 397 399 400 401 402 403 404 405 406 407 407 409 409 410 409 410 410 411 411 412 411
277 279 282 285 287 291 294 296 300 303 305 306 308 310 310 313 314 316 318 319 321 324 326 328 330 332 335 337 339 341 343 346 349 350 353 355 357 360 361 364 366 368 370 373 375 377 379 381 383 384 386 387 389 390 391 394 395 396 397 399 399 400 401 402 403 404 405 405 406 407 408 408 409 409 409 410 410 411 411
278 281 283 286 290 293 295 299 301 305 306 308 310 311 312 313 315 318 320 321 323 325 327 330 331 334 336 338 340 342 344 347 349 351 353 355 357 360 361 363 367 368 370 373 374 377 379 381 382 384 385 388 389 390 391 393 394 395 396 397 398 400 400 401 402 403 404 405 406 406 407 407 408 409 409 409 410 410 411
279 282 285 288 291 293 296 300 303 305 307 309 310 312 314 315 317 319 321 323 325 327 329 330 332 334 337 339 340 343 344 347 349 351 354 356 358 360 361 364 367 368 370 373 374 376 378 380 382 383 385 386 388 389 390 392 392 395 396 397 397 399 400 401 402 402 403 404 404 405 406 407 408 407 408 408 408 408 410
279 283 286 289 292 295 298 301 303 306 308 309 312 313 315 317 318 320 322 323 325 327 329 331 334 335 338 339 341 344 346 348 350 352 354 355 358 360 362 365 366 368 370 372 374 375 378 379 381 383 385 386 388 389 390 391 393 394 396 396 396 398 399 400 400 401 402 403 403 404 406 406 406 407 407 407 407 408 409
281 284 287 289 292 296 299 301 304 307 309 311 312 313 316 317 319 321 323 325 326 329 330 333 334 337 338 341 343 344 347 348 350 352 354 356 359 360 362 365 366 367 370 372 373 375 377 379 381 383 383 386 388 388 390 390 391 394 395 396 396 397 399 400 401 401 401 402 403 402 403 405 405 405 406 406 407 408 408
282 285 288 291 294 297 299 302 305 307 308 312 312 315 316 319 321 323 324 326 327 330 331 333 335 337 340 341 343 346 347 349 351 353 355 356 359 361 363 365 366 367 370 372 373 375 377 378 380 382 384 386 387 388 389 390 391 392 394 394 396 396 397 398 400 401 400 401 401 401 402 404 404 404 406 406 406 407 407
282 286 289 292 295 297 301 303 306 308 310 312 314 316 317 320 321 324 326 327 329 331 332 335 337 338 340 341 344 346 347 349 351 353 356 357 359 360 363 365 366 367 370 372 373 375 377 378 380 381 383 384 386 388 389 389 391 391 393 394 395 396 396 398 399 400 400 400 400 401 402 402 402 404 405 405 406 406 406
284 287 290 293 295 299 301 303 306 308 310 313 315 317 318 321 322 324 327 328 330 331 333 336 337 338 341 342 345 346 348 350 351 354 355 357 358 361 363 364 366 367 369 371 373 374 376 378 379 381 382 384 386 387 388 390 390 391 392 393 395 395 396 396 398 398 400 400 400 400 401 401 403 403 404 404 405 405 405
285 288 291 294 296 299 302 304 307 309 311 314 316 318 319 321 323 325 327 329 330 333 334 335 337 339 341 344 345 346 349 350 352 354 356 357 359 360 362 364 366 367 369 371 373 374 375 377 379 380 382 384 384 386 388 389 389 390 391 393 393 394 395 395 396 398 398 399 399 400 400 401 401 402 402 403 404 403 404
286 289 292 294 297 300 302 305 307 310 312 314 316 319 320 322 324 326 327 330 331 333 335 336 338 340 342 344 345 347 349 351 352 354 356 357 359 361 362 364 366 367 369 371 372 373 375 377 378 379 382 383 385 385 387 388 390 390 390 392 393 394 395 395 395 396 397 398 399 399 400 400 400 402 402 401 401 402 403
287 290 293 295 297 300 303 305 308 310 312 315 317 319 320 323 324 326 328 330 332 334 335 337 339 340 342 344 345 347 349 351 352 354 356 357 359 361 363 364 365 366 369 371 372 373 374 376 378 379 381 382 383 384 385 387 388 389 390 392 392 394 393 394 395 396 396 397 398 399 399 400 400 400 400 400 401 401 402
288 290 293 296 299 301 304 306 308 310 313 315 317 319 322 323 325 327 329 330 333 334 336 338 339 341 343 345 346 348 349 351 352 354 356 357 359 361 362 363 365 366 368 370 371 372 374 375 377 379 380 382 382 383 384 386 388 389 389 390 392 393 393 394 395 395 396 397 397 398 399 398 399 398 400 399 400 400 401
289 292 294 296 299 301 304 307 309 312 314 315 318 320 322 324 326 328 329 331 333 335 336 338 340 341 343 345 346 348 349 351 353 354 356 357 359 360 362 363 365 366 368 370 371 372 373 375 377 378 379 381 382 383 383 385 386 388 388 389 390 391 392 393 394 394 394 395 397 396 397 398 397 398 398 398 399 399 400
289 293 295 298 300 303 305 308 310 313 314 317 319 320 322 324 327 328 330 331 333 334 337 339 340 342 343 345 346 348 349 351 352 354 355 357 359 360 361 363 365 365 367 369 371 372 373 375 376 378 378 381 382 382 384 384 385 386 387 388 389 390 391 391 392 393 393 394 395 395 396 396 397 397 397 398 398 399 399
291 294 296 298 302 303 306 308 311 313 316 318 320 322 323 325 327 328 331 332 334 335 337 339 340 342 343 344 347 348 349 351 353 354 355 357 358 360 361 363 365 365 367 369 370 371 372 374 375 377 378 379 381 382 382 383 385 385 386 387 388 389 389 390 391 392 393 393 393 394 395 396 396 397 397 398 397 397 398
292 294 297 300 303 305 307 310 312 313 315 318 321 322 324 325 327 329 331 332 334 336 337 339 341 342 343 345 347 348 350 351 353 353 355 357 358 359 361 363 364 364 366 368 369 370 372 373 374 376 377 378 380 381 382 382 384 385 386 387 387 388 389 390 391 391 391 392 393 393 394 394 394 396 396 396 396 397 397
293 295 299 302 303 306 308 311 312 316 317 319 320 323 325 326 328 330 332 333 334 336 337 339 341 343 344 345 347 348 350 351 352 354 355 356 358 360 361 362 364 364 366 367 369 370 371 372 375 375 376 378 379 380 381 382 383 384 385 386 386 387 388 389 389 390 391 391 391 392 393 393 393 394 395 395 396 396 396
294 297 300 302 304 307 309 311 314 316 318 319 321 324 325 326 328 330 332 333 335 337 337 339 341 342 344 345 346 348 349 351 352 354 354 356 358 359 360 362 363 364 365 367 368 369 370 372 373 375 376 377 378 379 380 382 382 382 384 385 385 386 387 388 388 389 390 390 391 391 392 392 393 393 394 395 395 395 395
296 298 301 304 306 308 311 313 315 317 319 320 322 324 326 326 329 330 332 333 334 336 338 340 342 343 344 346 347 348 349 351 352 353 355 356 357 358 360 361 363 364 365 366 368 369 370 371 373 374 375 376 377 378 380 380 380 381 383 384 384 385 385 386 388 388 389 389 390 390 390 391 391 392 392 394 394 395 395
297 300 302 304 307 309 311 313 316 317 319 321 323 325 326 327 330 331 332 334 335 337 339 341 341 342 344 345 347 348 349 351 352 354 354 355 357 358 360 361 362 364 364 365 368 368 369 371 372 373 374 376 376 378 378 379 380 381 381 382 384 384 385 386 386 386 388 388 389 389 390 391 390 391 392 393 393 394 394
298 301 304 306 308 310 313 315 317 318 320 322 324 325 326 328 330 331 333 334 336 337 339 340 342 343 344 346 346 347 349 351 352 353 355 356 357 358 359 360 362 363 364 366 367 368 368 369 372 372 374 375 376 377 377 379 379 380 380 382 383 384 383 384 385 386 386 388 388 388 389 389 390 391 391 391 392 392 393
299 303 305 307 310 312 314 315 318 319 320 322 324 326 327 329 330 331 334 334 336 337 339 341 342 343 344 346 347 348 349 351 351 352 355 355 356 358 358 359 361 362 363 364 366 367 368 369 370 372 373 374 375 376 377 377 378 380 380 381 382 383 383 383 385 385 386 387 388 388 388 388 388 389 390 390 391 391 391
301 303 306 308 311 313 314 316 318 319 321 323 325 326 327 328 330 332 333 335 335 337 339 340 342 343 345 346 346 347 349 350 351 352 353 356 357 357 358 359 360 361 362 364 365 367 368 369 369 370 372 373 373 374 375 376 377 378 378 380 381 382 382 383 383 384 385 385 386 387 387 388 388 388 388 389 390 390 390
