Part_1_SDMs/env_data/present_climate/bioclim_1.asc
NCOLS 888 
NROWS 876 
XLLCORNER -19 
YLLCORNER -35 
CELLSIZE 0.0833333333333333 
NODATA_value -32768 
[rows 140 to 174 of 876, columns 158 to 236 of 888]
260 260 259 258 258 258 259 259 260 260 259 258 259 260 261 262 262 262 262 262 261 259 260 261 262 262 262 262 262 262 263 263 263 263 264 264 264 264 264 265 265 266 266 266 265 265 265 266 265 265 265 265 265 265 265 265 265 266 266 267 267 267 268 268 268 269 269 269 269 269 269 269 269 269 268 268 270 272 273
260 260 259 259 259 259 260 259 260 261 260 258 259 261 262 262 262 263 263 263 263 260 261 262 263 263 263 264 263 263 263 263 263 265 264 264 265 265 265 266 266 266 266 266 266 266 266 266 266 266 266 266 266 265 266 266 266 267 267 267 268 268 268 269 269 270 270 270 269 270 270 270 270 269 269 268 269 271 273
260 260 260 260 260 259 260 260 261 261 261 260 260 261 263 263 263 264 263 264 264 263 263 263 263 264 264 264 264 263 264 264 264 265 265 265 265 266 266 267 267 267 267 267 267 267 267 267 267 267 267 267 266 267 266 266 267 267 267 268 268 269 269 269 270 270 270 270 270 270 270 270 270 269 269 268 270 272 272
260 261 261 262 260 260 260 260 261 262 262 261 261 262 263 263 264 264 265 265 264 264 264 265 265 265 265 265 265 264 265 265 265 265 265 266 266 267 267 267 267 267 268 268 268 268 268 268 268 267 267 268 267 267 267 268 268 268 269 269 269 270 270 270 271 271 271 270 270 271 271 270 270 270 270 269 270 272 271
261 262 262 262 262 262 261 261 262 262 263 262 261 262 263 264 264 264 266 267 266 266 266 266 266 266 266 265 266 266 266 265 266 266 267 267 268 268 268 268 267 268 269 269 268 268 268 268 268 268 268 268 268 268 268 268 269 269 270 270 270 271 270 271 271 271 271 271 271 271 271 270 270 270 270 270 270 271 270
262 262 263 263 263 263 263 263 263 264 264 263 263 263 264 264 265 264 265 267 268 266 267 268 268 267 266 266 266 266 267 267 267 267 267 267 268 268 268 269 269 269 269 269 269 269 269 269 269 269 269 269 269 269 269 269 270 270 270 271 271 271 271 271 271 272 272 271 271 271 271 271 271 270 270 270 270 270 271
263 263 264 264 264 264 264 264 264 265 265 265 264 265 264 265 265 266 266 266 268 269 269 268 269 269 268 268 267 268 268 267 268 268 268 269 268 269 269 269 270 269 269 270 270 270 269 270 270 270 270 270 270 270 270 270 271 271 271 272 272 271 272 272 272 272 272 272 272 272 272 271 271 271 271 271 271 271 271
264 264 264 265 265 264 264 264 265 266 266 266 266 266 266 266 266 266 267 266 268 270 271 271 271 272 271 269 269 269 269 268 269 268 268 268 269 269 270 270 270 270 271 271 270 270 271 270 271 271 271 271 271 271 271 271 272 272 272 272 272 272 272 273 273 273 273 272 272 272 272 272 271 271 271 271 272 273 272
265 264 264 264 264 265 265 266 266 266 267 267 267 267 267 267 267 267 267 267 268 270 271 272 272 273 273 273 271 271 270 270 270 269 270 269 269 269 270 271 271 270 271 271 271 271 271 271 271 271 272 272 272 272 272 272 272 272 273 273 273 273 273 273 273 273 273 273 272 273 272 272 272 272 272 272 272 272 272
265 265 264 264 265 267 268 268 266 266 268 268 269 269 268 268 268 268 268 268 269 271 271 271 272 273 273 274 274 273 271 272 271 271 271 270 270 270 270 271 271 272 271 271 272 272 272 272 272 272 272 272 272 273 273 273 273 274 274 273 273 273 273 273 273 273 273 273 273 273 273 272 272 272 272 272 272 271 273
266 265 264 264 265 268 268 268 268 267 268 270 270 270 270 269 269 269 269 269 270 271 272 272 273 274 273 274 275 274 275 275 274 273 273 272 271 271 271 271 271 272 272 272 272 273 272 272 272 273 273 273 273 273 273 274 274 274 274 274 274 274 274 274 274 273 274 273 273 273 273 273 272 272 272 272 272 272 273
266 264 264 265 267 268 269 270 271 270 269 270 272 271 269 270 270 270 270 271 271 272 272 273 275 276 275 275 275 276 276 276 276 277 274 273 273 272 272 272 272 273 273 273 273 273 273 273 273 273 273 274 274 274 274 274 274 275 275 275 274 274 274 274 274 273 274 274 273 274 273 273 273 273 273 272 272 273 274
264 264 265 267 269 270 271 272 272 271 272 273 273 273 272 270 270 271 272 272 273 273 273 274 276 277 276 276 276 276 276 276 275 276 276 274 274 274 273 273 273 273 273 273 273 273 273 274 274 274 274 274 274 274 275 275 275 275 275 275 275 274 274 274 274 274 274 274 274 274 273 273 273 273 273 273 273 274 275
264 265 267 269 270 271 272 272 272 273 273 273 274 274 273 273 273 273 273 274 274 275 275 275 276 277 277 276 276 276 276 276 276 276 276 275 276 275 274 274 273 274 274 274 274 274 274 274 275 275 275 275 275 275 275 275 275 275 275 275 275 275 275 275 275 275 275 274 274 274 274 274 273 274 274 273 273 275 274
265 267 269 270 270 271 273 273 274 274 273 273 274 274 275 275 275 275 275 275 275 275 274 275 276 276 276 276 276 276 276 277 276 276 276 275 276 275 274 274 274 274 274 275 274 274 275 275 275 275 276 276 276 276 276 276 276 276 276 276 275 276 275 275 275 275 275 275 274 275 275 274 274 274 274 274 274 274 274
267 268 270 269 268 271 273 272 272 275 275 275 276 276 276 277 276 276 277 276 277 277 276 276 276 276 276 276 276 276 276 276 276 276 275 276 275 275 275 275 275 275 275 275 275 275 276 276 276 276 276 276 276 276 276 276 276 276 276 276 276 276 275 276 275 275 275 275 275 275 275 275 275 274 274 274 274 274 274
268 270 271 269 270 271 272 272 271 273 276 277 278 278 277 277 278 279 278 278 278 278 278 277 277 277 276 276 277 277 276 276 275 275 276 275 275 275 275 275 275 275 275 275 275 275 276 276 276 277 276 277 276 277 277 277 277 276 277 276 276 276 276 276 276 276 275 275 275 275 275 275 275 275 275 275 274 275 275
269 270 271 273 274 275 275 274 274 274 276 277 278 278 277 277 278 278 278 278 278 278 278 278 277 277 277 277 277 277 276 275 275 275 275 275 275 275 275 275 275 275 275 276 276 276 277 277 277 277 277 277 277 277 277 277 277 277 277 277 277 277 276 276 276 276 276 276 275 275 276 276 275 275 275 275 275 275 275
270 272 274 275 276 276 276 276 275 276 278 276 278 279 278 277 277 278 278 278 278 277 277 277 276 276 276 276 276 276 275 275 275 275 275 275 275 275 276 276 276 276 276 277 276 277 277 277 277 277 278 278 277 278 277 277 278 277 277 277 277 277 277 277 277 276 276 276 276 276 276 276 276 276 275 275 275 275 275
273 274 276 277 278 278 278 278 277 277 279 279 279 277 278 277 278 278 278 277 277 276 276 276 276 276 276 276 276 275 275 276 276 276 276 276 276 276 276 276 276 277 277 277 277 278 278 278 278 278 278 278 278 278 278 278 278 278 278 277 277 277 277 277 277 277 276 276 277 276 276 276 276 276 276 276 276 275 275
274 276 278 278 279 279 278 279 279 279 279 278 278 278 278 278 277 277 276 276 276 276 277 278 277 278 277 276 276 275 276 276 276 276 276 276 276 277 277 277 277 277 277 277 278 278 278 278 278 278 278 278 278 278 278 278 278 278 278 278 278 278 277 277 277 277 277 277 277 277 277 276 277 276 276 276 276 276 276
275 275 277 279 280 279 278 280 278 279 279 277 277 277 276 276 276 276 275 276 277 277 277 279 277 277 277 277 276 275 276 276 276 277 276 276 277 277 277 277 278 278 278 278 278 278 278 279 279 279 278 279 278 278 278 278 278 278 278 278 278 278 278 278 278 278 277 277 277 277 277 277 277 277 277 277 277 276 276
276 276 277 278 280 278 278 278 278 278 276 275 276 275 275 275 275 275 275 276 276 277 276 277 276 276 276 276 276 276 276 276 277 277 277 277 277 277 278 279 278 278 278 278 279 279 279 279 279 279 279 279 279 279 279 279 278 278 279 278 278 278 278 278 278 278 278 277 278 278 277 277 277 277 277 277 277 277 276
276 275 275 277 277 277 276 276 276 275 275 275 275 275 276 276 276 276 276 276 277 277 276 277 276 276 276 276 277 277 277 277 277 277 277 277 277 278 279 279 279 279 280 279 279 279 279 279 279 279 279 279 279 279 279 279 279 279 279 278 279 279 279 278 278 278 278 278 278 278 278 277 278 277 277 277 277 277 277
274 274 275 276 276 276 276 276 275 275 275 275 276 276 276 276 276 276 276 277 278 277 277 277 276 276 276 276 277 277 277 277 277 278 278 279 278 279 278 279 279 280 280 280 280 279 280 280 279 279 280 279 280 280 279 279 279 279 279 279 279 279 279 279 279 279 278 278 278 278 278 278 278 278 278 277 277 277 277
274 275 276 276 276 276 276 275 275 275 276 276 276 276 276 276 276 277 277 277 278 277 277 278 276 276 277 277 277 277 278 277 279 279 279 279 279 279 280 279 280 281 281 280 280 280 280 280 280 279 280 279 280 280 280 279 279 279 279 279 279 279 279 279 279 279 279 279 278 279 279 278 278 278 278 278 278 278 277
275 276 275 276 276 276 275 275 275 275 275 276 276 276 276 276 276 277 277 277 277 278 279 277 276 277 278 277 278 279 278 278 279 279 280 280 281 281 280 280 281 282 282 281 280 280 280 280 280 280 280 280 281 280 280 280 280 280 280 279 279 280 280 279 280 279 279 279 279 279 278 279 278 278 278 278 278 278 278
275 275 275 275 276 275 276 276 276 276 275 275 275 275 275 275 276 277 277 277 277 278 278 276 277 277 278 279 279 279 280 279 279 279 279 280 280 280 282 282 281 281 282 282 281 281 279 279 280 280 280 281 281 280 280 280 280 280 280 280 280 279 280 279 279 280 280 279 279 279 279 279 279 278 279 279 278 278 278
275 276 275 275 275 275 275 274 275 276 274 274 275 275 275 275 275 275 276 276 277 278 277 277 277 277 278 278 279 279 279 279 279 280 279 280 280 281 282 283 283 282 284 284 282 281 279 279 280 280 280 281 281 281 280 280 280 280 280 280 280 280 280 280 280 280 280 280 280 279 279 279 279 279 279 278 278 278 278
275 274 274 274 274 274 274 274 274 275 275 275 275 275 275 276 276 276 276 276 277 277 277 277 277 277 277 278 278 279 279 279 279 280 280 280 281 281 282 283 284 284 285 286 284 282 280 280 280 281 281 281 281 281 281 280 280 280 280 281 280 280 280 280 280 280 280 280 280 280 279 279 279 279 279 279 279 278 278
274 274 275 275 275 275 275 275 276 276 276 276 276 276 277 277 277 277 277 277 277 277 277 278 278 278 279 279 278 279 279 278 279 280 280 281 281 281 282 283 284 285 286 287 285 283 280 280 280 281 281 281 281 281 281 281 281 281 281 281 280 280 280 280 280 280 280 280 280 280 280 280 280 279 279 279 279 279 278
275 275 275 276 276 276 277 277 277 277 278 278 279 278 279 278 278 278 278 279 279 278 279 280 279 278 278 279 279 279 278 279 279 280 281 282 281 281 283 283 283 285 288 288 287 285 280 280 281 281 281 281 281 281 281 281 281 281 281 281 281 281 281 281 281 281 280 280 280 280 280 280 280 280 279 279 279 279 279
276 276 277 277 277 278 278 279 279 279 280 280 279 279 279 278 278 278 279 279 280 279 279 280 280 279 278 279 279 280 280 280 280 281 281 282 282 282 284 284 285 286 288 288 287 285 283 280 281 281 281 281 282 281 281 281 281 281 281 281 281 281 281 281 281 281 281 280 280 280 280 280 280 280 280 279 279 279 279
277 277 278 279 279 279 280 280 279 279 279 279 279 279 278 278 278 279 280 280 280 280 280 281 281 280 280 280 280 280 280 280 280 281 282 283 282 282 284 283 284 285 286 289 288 285 282 281 281 282 281 282 282 281 281 281 281 281 281 281 281 281 281 281 281 281 281 281 281 281 280 280 280 280 280 279 280 279 279
277 278 278 278 278 279 279 279 278 278 279 278 278 278 279 279 280 280 280 280 280 280 280 280 280 281 281 281 281 281 281 280 281 280 282 283 283 283 282 282 282 284 286 287 288 286 281 281 281 282 282 282 282 282 281 282 282 282 281 282 281 281 281 281 281 281 281 281 281 281 281 281 281 280 280 280 280 280 280
