Part_1_SDMs/env_data/present_climate/bioclim_6.asc
NCOLS 888 
NROWS 876 
XLLCORNER -19 
YLLCORNER -35 
CELLSIZE 0.0833333333333333 
NODATA_value -32768 
[rows 525 to 559 of 876, columns 474 to 552 of 888]
168 169 171 169 170 169 168 166 168 169 168 170 172 171 172 172 172 173 175 179 180 179 180 179 178 178 177 175 173 173 174 174 175 179 180 178 176 172 179 175 173 173 172 169 169 168 169 169 169 170 171 170 170 169 169 170 171 172 173 174 173 173 174 174 174 172 169 166 168 167 167 166 164 163 162 162 162 161 160
168 170 168 165 167 168 167 166 166 167 166 168 170 170 170 170 170 171 174 176 179 180 179 179 178 176 175 174 173 172 173 176 176 179 179 178 172 172 178 179 177 174 172 169 168 167 167 169 169 169 169 170 168 168 170 171 172 172 171 171 171 171 172 172 171 172 169 165 164 165 165 164 162 162 162 162 162 160 160
167 167 164 162 165 165 166 165 164 165 164 167 168 170 170 169 169 170 172 173 176 176 178 175 175 173 172 171 169 170 172 174 177 178 177 176 172 172 176 180 176 174 172 169 166 166 165 167 169 167 167 167 168 170 170 169 169 170 168 168 169 170 169 169 169 171 168 164 161 162 163 163 162 162 162 162 162 160 159
165 166 163 160 162 163 163 164 163 162 163 165 167 168 168 168 167 169 170 172 173 172 176 174 172 171 169 169 167 167 170 173 175 175 175 174 173 177 179 178 177 176 172 167 165 165 165 165 167 165 166 167 169 169 169 166 165 166 166 167 166 167 167 169 168 169 165 163 161 159 160 161 162 161 161 161 162 160 159
164 165 162 162 162 161 160 161 161 161 162 163 165 167 166 166 165 167 169 171 171 169 172 173 171 169 167 166 165 166 168 170 173 173 172 169 172 177 177 178 176 171 167 165 164 166 164 163 165 166 167 167 168 166 166 166 162 163 165 166 166 167 166 166 168 165 162 158 156 156 157 160 161 161 161 160 161 160 159
162 161 163 160 159 158 158 159 160 160 160 161 164 165 165 164 163 165 167 167 169 166 168 171 170 168 166 164 163 164 165 167 170 169 169 169 173 175 174 176 174 164 164 165 164 166 164 163 164 164 164 166 165 164 162 162 163 164 165 163 160 163 165 167 165 161 159 156 156 157 158 159 160 160 160 160 160 160 159
158 159 162 159 159 157 155 157 160 160 161 160 162 164 162 163 162 164 164 165 165 164 164 168 165 163 163 162 161 162 163 164 164 165 168 170 173 171 169 173 172 165 165 166 166 166 165 163 162 163 164 163 162 161 162 163 162 162 162 159 157 159 165 163 162 158 157 154 155 157 158 158 159 159 159 159 160 158 159
158 156 158 160 157 156 156 156 160 160 160 159 160 162 161 160 161 162 161 163 162 161 163 164 162 161 160 160 158 160 159 162 161 162 166 170 171 169 167 170 172 171 171 167 168 166 164 163 161 161 161 161 160 159 159 160 160 158 158 157 156 152 160 161 157 156 154 152 154 156 158 158 158 158 158 158 159 160 158
157 155 157 159 158 157 157 157 159 159 159 158 159 161 160 159 160 160 159 161 159 160 161 161 158 157 157 156 156 156 157 160 158 159 163 167 169 165 166 169 168 170 169 168 169 167 165 163 161 160 159 158 157 157 157 158 157 157 157 155 153 152 156 157 153 152 151 155 157 157 157 157 157 157 158 159 159 160 159
156 155 158 157 157 159 159 158 158 159 159 158 158 160 158 157 157 156 157 159 157 157 158 158 156 154 154 153 152 153 156 157 157 158 161 164 163 162 165 168 164 168 168 166 168 167 166 164 160 162 161 157 156 155 155 155 154 155 156 152 151 150 151 153 151 148 150 154 156 155 157 157 157 158 158 158 158 159 159
155 155 157 155 155 158 159 159 158 158 157 157 157 157 156 156 156 154 156 157 156 155 154 155 154 152 151 150 149 149 152 153 154 155 158 160 158 162 164 164 162 164 166 167 167 166 166 162 161 164 163 161 157 155 155 156 155 154 154 154 151 149 148 150 147 146 147 150 155 155 156 156 158 158 156 155 157 159 158
154 155 157 155 154 157 157 158 158 158 158 158 157 156 156 155 154 154 155 155 154 154 152 153 153 152 151 150 148 148 151 150 151 153 155 156 156 158 161 162 160 160 163 165 167 165 163 162 164 164 163 161 157 153 153 154 153 151 151 153 152 149 146 146 145 146 147 149 153 155 156 157 158 156 153 155 155 159 158
152 155 157 155 155 158 157 157 156 158 159 157 155 154 155 154 153 152 153 153 153 152 150 150 151 151 148 145 146 147 149 149 148 151 152 153 152 154 157 159 159 159 162 165 164 165 164 163 164 163 162 159 155 154 153 152 150 151 151 151 150 148 143 143 144 142 143 150 152 152 155 156 155 155 147 155 154 157 159
153 156 155 153 154 157 156 157 155 156 157 158 156 154 152 152 152 150 151 151 151 151 149 149 149 149 147 145 144 146 145 147 147 149 148 148 149 152 153 155 157 158 159 162 162 162 164 164 162 163 161 160 153 151 151 150 150 149 148 147 149 149 146 141 140 139 140 149 152 152 154 155 151 154 151 154 153 157 158
153 155 153 152 155 157 155 157 156 155 154 155 156 152 151 150 150 150 151 150 149 148 149 150 149 148 146 144 144 144 145 146 146 148 147 146 149 151 151 152 154 158 160 162 162 160 160 161 159 159 160 157 151 149 149 148 148 146 147 146 147 148 146 142 138 138 140 147 148 151 154 154 151 151 150 148 152 156 159
154 155 151 153 156 156 154 155 157 155 153 152 154 154 154 152 153 152 152 150 149 148 147 148 149 147 145 144 144 143 145 145 146 147 146 145 149 151 150 152 154 157 159 161 161 161 159 157 155 155 156 153 148 147 146 146 145 145 146 145 144 147 146 141 139 139 139 145 149 150 153 152 150 147 145 146 152 156 159
154 154 152 153 156 155 153 153 156 155 153 151 152 151 154 153 150 151 150 149 150 149 147 147 148 148 147 145 143 143 143 144 146 145 145 148 149 150 150 152 153 155 158 160 161 159 158 155 150 151 151 151 148 145 145 145 146 145 147 147 145 144 145 142 140 140 138 142 147 151 152 151 148 144 142 148 153 156 159
154 151 151 155 157 156 153 154 155 155 153 152 150 150 153 152 151 148 148 149 149 147 145 146 147 146 147 145 142 142 143 143 146 145 145 147 149 150 150 151 154 156 156 158 158 156 155 154 150 148 148 149 146 145 145 147 146 147 145 144 142 141 144 142 141 139 136 140 147 151 151 150 146 145 145 147 149 156 158
154 152 153 155 156 155 152 153 154 154 153 151 150 149 150 152 150 149 146 145 147 147 145 144 146 145 146 144 142 142 142 143 145 145 144 145 148 149 150 150 153 156 156 156 155 153 151 150 149 147 143 144 144 146 145 144 145 146 144 142 139 139 141 143 144 139 139 145 146 146 149 147 145 144 143 149 152 156 157
154 153 153 155 155 153 152 153 154 154 152 151 149 149 149 150 150 149 147 144 145 146 145 144 145 145 146 144 142 140 141 142 145 145 144 144 147 148 149 149 149 154 155 154 153 152 149 145 147 147 143 142 142 143 142 144 145 144 142 140 138 138 140 142 145 144 145 147 148 149 148 145 145 145 142 149 152 156 155
153 152 151 153 155 152 149 152 154 153 153 150 147 147 147 149 150 148 146 143 144 146 144 142 144 144 146 145 143 141 141 143 145 145 143 144 147 148 148 149 150 153 153 151 152 151 148 144 146 146 142 141 141 143 143 143 145 143 142 141 139 137 144 144 145 143 145 146 147 147 146 142 147 148 146 148 154 154 153
152 150 149 152 153 151 151 154 153 151 153 150 146 145 146 148 149 146 146 144 143 145 144 142 143 145 146 145 144 142 141 143 144 144 142 145 145 148 147 148 151 152 151 149 150 148 145 142 144 145 142 139 140 141 143 144 144 143 142 143 143 141 146 147 145 143 144 141 142 145 145 145 146 148 149 151 153 151 151
152 150 148 151 153 151 151 154 151 150 153 150 146 145 146 148 148 145 146 144 142 144 142 142 144 146 145 143 142 140 140 142 143 143 142 144 144 146 145 146 149 151 148 148 148 147 145 141 142 144 142 141 138 139 142 144 144 143 144 145 143 144 147 149 146 146 146 140 143 141 143 138 145 143 145 150 152 148 148
151 149 147 149 151 149 150 151 149 149 153 150 149 146 147 149 147 145 144 143 141 143 142 142 144 145 143 141 139 139 139 142 143 142 141 143 143 145 144 143 145 148 146 146 145 146 143 141 140 142 142 140 138 139 142 144 143 141 145 146 146 144 147 149 144 142 146 144 144 142 140 138 141 141 145 150 150 147 145
150 149 147 150 150 148 150 150 147 148 152 151 148 146 147 148 145 142 142 140 141 143 142 141 142 144 143 141 139 138 139 142 143 142 141 141 142 145 143 144 145 148 145 144 144 144 142 139 139 142 140 139 138 139 142 143 142 140 144 145 147 148 149 150 148 148 149 147 145 144 143 141 142 140 141 146 149 149 147
147 147 146 148 148 146 149 149 146 147 151 150 147 144 146 147 144 142 142 140 140 142 141 139 140 143 143 142 140 137 139 141 142 141 140 140 142 144 142 142 144 147 145 142 143 143 140 138 140 140 140 137 137 140 139 141 142 144 146 149 150 150 150 151 150 148 148 146 147 148 143 144 143 141 140 144 148 149 151
147 144 145 148 147 146 148 148 146 146 150 149 145 145 146 147 144 141 140 139 139 142 141 139 140 143 142 141 140 139 139 141 142 141 139 138 142 141 141 141 143 146 145 141 141 142 139 138 138 137 137 136 138 140 138 140 142 146 147 150 150 151 151 151 150 149 149 143 145 148 145 142 144 144 143 145 149 150 150
145 141 143 146 147 146 147 147 145 146 148 150 147 144 144 146 144 142 141 138 139 142 141 139 140 143 142 142 140 139 139 141 141 140 139 139 141 139 139 139 142 145 144 141 139 141 138 138 137 135 135 137 138 138 138 140 140 143 145 149 145 150 151 152 152 151 151 148 144 147 147 145 145 146 145 148 149 149 149
141 138 142 144 144 143 144 144 145 144 144 148 146 143 143 144 145 143 140 137 138 141 140 138 141 143 141 141 140 138 138 140 140 139 139 140 140 139 139 139 140 143 143 138 137 139 138 137 136 136 135 137 137 138 138 139 140 140 140 145 146 144 149 151 151 150 150 150 149 149 148 149 149 148 148 148 148 148 148
140 137 141 142 140 141 144 143 143 140 144 148 146 143 141 141 144 140 138 136 137 140 138 137 141 142 141 139 139 136 137 140 139 138 137 140 139 137 137 137 136 140 142 140 137 138 137 136 136 135 135 138 136 138 138 139 140 139 139 138 139 142 147 151 151 150 150 149 147 148 147 149 149 148 148 148 148 147 145
139 136 140 141 137 139 143 141 142 140 143 144 145 142 140 140 143 142 137 136 136 138 137 140 142 141 141 139 137 135 136 139 138 136 136 139 139 136 136 135 138 139 140 139 136 136 136 135 135 134 135 137 137 138 139 139 140 140 139 139 138 141 148 151 150 148 148 148 146 148 150 149 148 148 148 147 146 143 137
137 135 138 141 137 139 142 140 142 138 142 139 142 141 137 139 142 142 138 134 135 138 137 140 141 140 139 138 135 134 136 138 138 137 137 138 137 135 135 135 139 139 137 135 135 134 135 133 134 133 135 136 137 138 139 139 140 140 141 144 146 148 149 150 147 148 145 149 148 150 149 148 148 147 147 146 144 137 132
137 134 135 141 137 137 141 138 140 136 138 140 139 143 137 136 140 142 137 134 134 137 133 138 140 138 134 135 133 134 136 136 136 135 135 138 136 134 134 136 138 140 136 133 134 133 134 133 132 134 134 135 137 138 139 140 141 141 140 141 140 142 148 143 144 145 145 149 150 150 149 148 147 147 146 143 133 129 127
139 135 135 140 138 134 139 139 138 136 134 136 138 140 138 134 136 141 138 133 134 136 135 138 140 137 134 134 134 134 133 134 134 135 136 135 136 132 132 136 138 139 136 132 132 133 133 132 132 133 134 135 137 138 140 141 142 141 141 141 142 141 146 141 139 139 145 149 150 149 148 147 146 145 143 140 129 125 115
138 135 134 138 138 136 137 138 136 137 133 133 135 138 137 134 137 138 137 132 131 134 133 137 139 136 132 132 132 134 132 132 132 134 134 133 134 131 132 136 137 138 135 131 131 132 132 132 132 132 133 134 136 138 140 140 141 141 141 145 146 145 143 138 136 136 145 149 149 148 147 146 144 142 141 139 129 113 111
