Part_1_SDMs/env_data/present_climate/bioclim_18.asc
NCOLS 888 
NROWS 876 
XLLCORNER -19 
YLLCORNER -35 
CELLSIZE 0.0833333333333333 
NODATA_value -32768 
[rows 385 to 419 of 876, columns 711 to 789 of 888]
207 203 187 181 176 172 175 191 175 167 180 181 165 166 166 156 143 140 141 145 152 187 187 175 162 154 149 146 143 138 135 133 132 130 132 130 127 125 124 125 184 123 124 132 134 133 129 124 121 118 118 117 111 108 106 106 105 104 165 161 156 150 146 141 138 134 131 128 124 121 118 115 113 110 107 105 102 100 98
238 243 238 223 222 213 171 163 173 168 156 169 162 168 165 158 150 139 140 141 145 159 171 166 159 155 150 147 143 140 137 136 135 134 140 138 135 132 127 126 124 122 122 125 122 125 127 124 122 121 117 113 108 106 104 104 103 102 162 159 156 151 146 142 137 134 132 127 124 122 118 115 113 110 108 106 102 100 98
265 261 244 227 232 215 193 168 151 152 156 146 169 169 160 155 151 137 137 138 142 145 159 168 161 155 152 151 145 144 142 142 142 140 143 141 138 133 131 128 128 125 123 121 119 118 119 122 123 122 115 110 107 104 102 101 100 159 159 159 154 149 146 142 138 133 130 128 124 121 119 115 112 110 108 105 103 102 99
266 266 249 219 194 184 164 167 172 160 146 149 170 168 160 154 149 141 135 138 139 140 145 155 164 159 159 152 150 150 148 148 147 145 145 143 143 139 137 136 134 133 130 126 125 117 114 114 113 119 116 108 104 102 100 98 96 96 155 156 153 150 146 142 138 133 130 128 125 121 119 116 113 110 107 105 104 102 99
243 246 246 219 177 166 178 191 178 162 153 143 155 166 160 153 149 142 134 136 137 138 141 144 154 160 160 157 157 154 152 151 149 147 147 146 144 144 142 142 141 141 138 137 127 122 116 117 109 107 109 109 106 101 99 95 94 96 159 157 153 149 145 141 137 133 129 127 125 122 119 116 113 111 107 106 104 101 100
230 210 212 177 178 196 193 208 191 171 152 142 149 160 158 150 144 142 134 132 135 135 137 139 145 149 155 159 157 156 155 155 152 150 150 149 147 147 147 147 146 146 138 131 123 118 115 112 109 106 103 105 108 102 96 95 92 95 97 157 155 151 147 144 139 134 130 127 124 122 119 116 113 111 109 107 104 102 100
187 183 178 181 195 206 211 211 195 178 159 143 137 151 156 148 141 139 134 130 133 134 135 137 141 145 159 161 157 157 159 157 154 154 152 151 150 151 151 151 148 144 132 125 121 117 115 112 108 106 102 100 102 104 96 93 92 93 150 156 155 151 148 144 139 136 131 128 124 122 119 117 114 112 109 107 105 103 101
217 207 201 199 207 216 225 213 198 180 156 143 133 137 149 148 142 139 135 129 133 132 133 137 139 141 148 158 155 158 159 157 155 155 154 154 150 150 147 145 140 135 130 125 121 119 115 112 109 105 102 98 96 98 97 91 90 90 149 146 152 152 147 143 141 137 132 128 125 123 120 117 115 112 109 107 105 103 102
224 220 217 211 212 209 202 193 170 157 148 148 133 133 143 146 138 135 131 128 131 131 133 135 137 141 145 148 159 161 159 158 157 159 156 153 150 147 146 143 138 133 129 126 122 119 116 112 108 105 101 98 97 95 95 92 88 86 146 144 147 151 148 145 141 138 133 130 125 123 121 117 115 112 111 108 107 104 101
224 218 217 221 215 200 183 174 162 158 164 161 132 126 137 143 137 136 132 128 129 131 130 133 135 141 144 146 151 154 158 158 155 156 154 152 149 147 145 143 140 136 132 128 124 120 117 112 109 105 102 99 100 95 89 92 85 83 141 143 144 148 150 146 143 139 134 130 126 124 121 119 115 113 110 109 106 104 103
204 203 205 208 201 196 183 171 173 170 175 153 132 124 129 138 136 133 130 128 126 128 129 131 135 139 141 145 147 150 152 155 156 156 154 154 151 148 146 143 141 138 135 130 125 122 118 114 110 107 103 99 95 92 88 85 84 81 138 144 144 149 149 146 144 141 136 132 127 125 121 119 116 114 112 108 107 105 103
44 49 191 191 189 186 184 177 173 169 169 162 146 132 125 131 135 133 131 128 127 127 130 134 139 142 142 144 147 150 153 155 157 156 156 155 152 150 147 145 142 139 137 132 129 124 120 115 112 109 104 100 96 91 88 85 86 80 139 141 142 145 150 149 145 142 137 134 128 125 122 119 117 114 112 110 108 107 105
40 42 173 44 175 174 176 166 157 151 154 152 149 142 136 129 132 131 129 127 127 127 129 134 138 143 142 144 147 151 153 158 161 160 159 156 154 151 149 146 144 141 138 135 131 126 121 117 113 110 106 102 96 92 89 86 85 80 140 139 142 143 149 149 147 143 139 134 130 126 122 120 118 116 113 110 108 107 106
40 34 38 40 39 160 165 159 151 142 139 139 140 138 132 127 128 129 127 126 126 126 128 133 136 143 143 145 148 154 157 161 164 163 160 160 157 155 153 149 146 142 139 138 135 129 125 120 115 109 106 102 97 93 89 87 84 145 143 140 146 145 147 148 148 144 139 136 131 127 125 122 118 116 114 112 110 108 107
49 43 36 33 32 32 147 154 147 143 143 145 145 140 134 126 121 122 124 123 125 124 128 132 134 139 141 147 154 159 162 165 165 167 166 163 161 159 157 153 149 145 144 140 136 130 125 120 115 110 106 101 98 94 91 89 84 145 144 143 145 145 145 147 147 145 141 137 133 128 125 123 121 119 115 112 110 109 107
47 43 40 33 30 32 137 141 33 145 146 148 143 138 132 123 117 118 120 122 123 123 128 132 134 136 140 146 154 161 164 167 167 169 169 168 167 164 161 156 154 150 146 141 136 131 126 120 115 111 106 103 98 96 94 91 85 81 146 144 143 144 146 149 151 148 144 140 134 130 127 125 122 119 117 115 112 110 110
42 41 38 33 28 27 28 131 134 135 134 139 140 134 127 121 118 115 117 119 121 123 127 131 132 137 146 146 155 161 165 167 170 171 173 173 172 170 166 162 157 153 147 142 137 131 126 120 115 111 107 104 100 96 94 92 87 82 80 78 144 146 148 150 151 149 146 141 135 130 128 126 124 122 119 118 114 112 111
42 39 36 33 30 27 27 28 29 128 128 131 131 129 125 121 118 115 116 117 120 121 126 129 131 136 142 150 157 161 166 169 173 175 178 179 179 175 172 167 159 152 146 141 135 130 125 121 116 114 109 104 101 98 95 93 91 85 81 80 77 78 79 81 82 150 146 142 138 134 130 128 126 124 121 118 116 114 113
40 38 35 31 29 27 26 120 121 125 123 130 132 131 125 120 117 117 118 116 118 120 125 128 130 133 139 149 154 161 166 170 175 180 184 186 186 182 177 168 159 151 143 137 133 126 122 120 116 114 112 107 104 100 96 92 90 86 83 83 80 78 80 81 82 83 149 144 139 136 132 130 128 125 123 120 119 117 115
40 37 34 32 30 26 24 114 119 120 118 122 132 130 121 118 117 118 117 116 117 119 123 126 128 130 136 143 153 160 164 172 176 183 190 195 195 191 183 172 161 150 139 132 126 120 117 116 114 113 112 110 105 102 98 93 91 88 85 82 82 80 80 80 80 82 82 79 143 138 136 133 129 127 125 123 121 119 117
39 36 33 31 30 27 26 110 112 113 116 117 130 124 119 117 116 118 118 117 117 118 120 123 127 128 133 139 147 155 162 169 179 189 197 205 207 202 189 176 162 148 135 124 118 116 115 113 113 113 112 111 108 103 100 95 92 91 88 85 83 81 80 80 79 81 82 81 148 142 138 134 132 130 127 125 123 120 119
37 36 32 31 29 28 27 113 107 107 113 112 119 118 114 113 114 115 117 116 115 116 118 120 123 125 131 136 140 146 156 169 181 193 200 213 220 211 195 180 164 149 135 194 118 116 115 115 113 112 113 112 110 107 103 98 96 92 90 87 85 83 81 80 80 82 85 84 82 145 141 136 134 133 130 127 125 123 121
38 37 34 32 30 28 27 26 110 106 108 107 110 111 109 109 110 110 112 116 114 115 118 118 120 122 128 132 137 147 156 168 180 193 202 214 218 211 196 181 167 153 141 132 125 122 120 118 117 114 113 111 110 109 106 102 99 95 92 89 87 85 83 82 82 84 86 85 83 80 143 140 137 135 132 129 128 125 123
38 37 34 33 31 29 28 27 111 106 106 105 105 106 106 106 106 108 108 110 113 114 117 119 119 121 124 128 136 144 154 166 179 190 199 205 207 204 195 183 171 159 150 141 133 130 127 125 122 118 117 115 112 110 108 105 102 99 95 92 90 87 85 84 84 85 88 87 84 81 147 143 141 138 135 132 130 126 128
37 36 34 33 31 30 30 29 115 112 109 107 109 109 108 108 109 109 108 109 110 112 114 117 118 118 121 125 131 141 155 167 176 187 193 199 201 198 192 183 174 164 157 150 143 137 134 132 127 125 122 118 115 112 111 108 105 102 99 96 93 90 87 86 86 87 90 88 86 82 81 147 143 140 137 134 133 131 132
37 37 35 34 33 32 30 120 116 114 112 112 113 118 110 111 111 110 109 111 113 112 112 114 118 122 122 124 131 143 155 165 173 181 187 192 194 194 189 183 176 170 163 157 151 147 144 139 134 131 127 123 120 117 114 111 108 105 102 99 97 94 91 89 89 89 90 89 86 85 82 150 146 144 140 138 137 137 136
37 36 35 35 34 33 32 121 118 116 114 117 119 117 114 113 111 112 113 113 115 113 111 112 116 119 118 124 137 146 151 161 170 176 182 188 191 190 187 183 179 174 167 163 159 156 151 145 141 138 132 129 125 121 117 114 111 108 105 102 101 97 93 92 91 90 91 90 88 86 83 151 149 146 143 142 143 142 137
36 36 35 35 34 34 32 122 121 119 119 119 121 117 115 114 114 116 117 117 117 114 112 110 110 118 115 122 132 138 147 157 166 173 180 184 187 188 186 183 180 175 173 170 167 162 157 152 148 143 139 134 132 127 121 118 114 112 108 105 102 100 97 95 94 92 93 92 89 88 84 82 152 150 148 149 147 143 136
36 36 34 35 35 34 33 126 33 130 128 121 119 117 115 118 124 124 121 121 119 114 111 108 112 114 111 118 127 136 147 156 164 172 178 182 184 186 185 183 181 179 177 175 172 168 164 160 154 149 144 141 136 132 127 123 119 114 111 108 105 102 100 97 96 95 95 95 91 88 86 83 155 154 155 153 149 140 134
36 36 35 35 36 36 35 34 34 36 130 121 119 119 121 128 131 128 127 124 119 116 113 110 112 117 114 117 126 138 148 155 162 170 175 180 183 183 184 184 183 182 181 179 176 174 169 165 161 155 150 146 142 137 132 128 123 118 115 111 108 105 102 100 98 98 97 95 93 89 88 85 160 158 159 154 145 139 134
36 36 36 37 35 36 35 36 134 129 127 123 121 122 127 130 130 132 130 126 122 119 116 116 113 115 117 119 127 137 147 155 163 169 174 180 182 183 184 184 184 184 183 182 180 178 174 170 167 162 156 151 146 142 138 132 127 124 118 114 111 108 105 103 101 99 100 96 94 91 90 87 163 163 162 153 144 137 136
37 36 37 39 35 36 36 37 137 133 128 125 124 125 131 130 132 133 135 133 128 123 122 120 121 121 119 123 131 138 149 159 164 169 173 178 183 184 185 186 187 187 187 186 183 180 177 175 172 167 163 158 153 148 143 138 132 127 122 118 114 110 108 106 103 102 99 96 95 94 92 90 168 165 159 149 142 140 138
38 38 38 40 37 36 36 130 135 134 128 126 125 127 131 133 134 133 136 138 138 127 125 129 127 122 121 125 135 142 152 160 164 169 174 178 182 185 187 188 188 188 188 186 183 182 180 178 175 171 168 163 158 153 148 142 136 131 126 122 117 115 112 109 106 103 100 98 97 96 95 92 170 164 155 147 143 141 140
39 38 38 40 38 37 37 37 131 131 129 127 126 127 131 134 136 135 134 136 144 136 131 132 127 126 126 131 136 147 155 160 162 168 176 180 183 185 187 189 189 188 187 187 187 186 185 182 179 176 173 167 163 158 152 146 140 134 129 126 121 118 115 111 108 105 100 98 97 96 180 176 170 161 152 148 145 142 140
40 39 39 40 38 38 131 131 131 131 129 129 128 127 131 134 138 138 137 137 139 136 133 130 129 128 132 136 141 146 152 157 162 170 176 181 184 187 189 190 189 189 189 190 192 191 190 189 184 180 176 171 166 162 156 150 144 139 134 129 125 121 116 113 110 105 102 99 96 97 96 175 165 156 152 149 146 144 -32768
