Part_1_SDMs/env_data/present_climate/bioclim_9.asc
NCOLS 888 
NROWS 876 
XLLCORNER -19 
YLLCORNER -35 
CELLSIZE 0.0833333333333333 
NODATA_value -32768 
[rows 560 to 594 of 876, columns 395 to 473 of 888]
229 230 231 231 229 224 222 219 228 215 211 212 213 210 210 203 204 201 188 180 185 190 191 193 195 194 195 193 194 198 203 207 211 215 218 217 218 214 211 212 221 223 222 223 224 219 219 221 220 219 218 218 215 212 210 210 210 211 210 210 206 207 206 208 209 211 211 212 214 215 216 217 218 219 221 222 221 223 226
228 230 230 228 229 227 225 221 227 216 217 216 213 209 207 203 203 203 193 181 183 187 190 193 195 194 195 194 194 197 203 206 210 215 217 218 218 217 212 218 222 223 223 223 224 220 219 218 220 218 215 213 214 213 211 209 209 210 210 209 207 206 207 208 208 211 211 211 213 214 216 216 218 219 219 221 221 222 225
228 230 230 230 229 229 228 228 225 221 218 214 207 207 207 204 206 203 192 184 188 190 192 194 195 195 197 195 194 194 200 205 209 213 215 218 218 219 219 221 222 223 223 224 223 222 220 216 218 218 215 212 210 210 210 210 208 210 210 209 207 206 206 207 207 210 210 211 213 214 216 216 218 218 219 220 220 221 225
229 230 229 227 227 227 226 225 223 215 207 209 206 206 208 208 206 199 191 191 192 192 192 194 195 196 197 197 197 197 197 203 209 212 215 217 216 218 219 221 222 222 223 224 223 222 221 215 217 217 214 211 210 210 211 210 210 211 209 209 209 208 209 207 207 210 209 211 212 213 215 216 217 217 218 219 221 224 226
226 227 228 226 226 225 224 219 215 211 209 210 209 207 207 204 200 194 196 199 195 197 198 196 197 199 198 199 198 198 199 200 207 211 214 213 211 215 218 221 222 222 223 224 223 221 220 215 216 217 211 210 211 211 211 210 211 209 209 210 210 209 208 207 207 208 209 210 210 212 215 215 216 216 217 218 220 224 223
224 227 227 225 224 223 221 216 218 211 207 204 202 203 202 201 202 199 201 203 205 206 206 205 204 204 203 202 201 201 201 200 202 207 211 212 204 208 218 221 221 221 220 223 223 222 219 217 216 217 213 212 213 212 210 211 210 211 211 210 210 209 209 207 205 207 209 209 211 212 214 214 215 216 216 217 220 222 220
222 224 225 224 223 222 221 220 218 213 207 200 198 198 200 205 206 205 204 205 207 207 207 206 202 201 200 198 200 201 200 200 200 202 205 205 204 207 213 220 220 221 220 223 223 221 219 216 217 217 215 214 214 212 212 211 210 210 209 210 211 209 209 208 206 207 209 209 210 212 213 215 214 215 216 217 219 222 219
221 222 224 226 225 222 220 218 212 210 204 199 198 200 203 207 209 208 208 205 206 207 205 205 201 200 197 195 198 200 201 200 200 200 201 205 206 210 215 219 221 223 223 223 222 220 218 216 216 216 215 216 215 213 212 211 210 210 210 210 210 210 210 208 205 205 208 208 209 210 212 213 214 215 216 216 219 221 218
223 222 224 225 223 223 222 221 219 217 210 207 204 209 210 209 209 209 209 208 206 206 206 203 201 199 196 197 197 199 200 199 200 199 200 202 205 208 215 221 222 221 221 222 220 216 215 214 215 215 215 215 215 214 213 212 210 210 209 209 210 210 209 208 205 205 207 208 208 210 211 213 213 214 214 215 218 220 217
223 223 223 224 225 224 222 219 218 217 217 215 211 209 207 206 206 206 207 204 203 205 204 202 198 196 197 198 196 196 196 198 199 200 199 200 202 204 204 218 221 221 219 218 219 215 212 214 214 213 214 214 214 214 213 212 210 208 209 208 208 209 209 207 207 204 205 207 208 209 211 211 213 212 213 214 215 219 216
220 222 223 224 225 225 221 217 218 216 215 213 210 207 208 209 207 200 201 205 205 205 204 202 197 195 197 194 193 193 196 198 200 200 200 202 203 203 203 206 219 220 220 217 217 215 211 212 212 212 213 213 213 214 212 211 210 207 209 209 207 207 209 208 207 206 205 207 207 208 210 209 211 211 213 213 214 216 214
215 220 221 223 224 224 221 219 215 210 210 209 206 206 205 206 205 205 200 199 197 196 198 198 195 198 197 195 195 197 198 198 199 200 201 203 203 203 204 202 211 219 220 218 217 215 215 212 210 212 213 213 213 213 213 210 209 206 208 209 207 206 207 207 205 203 205 206 205 206 208 208 210 210 211 211 213 215 212
212 217 219 221 223 224 220 218 216 214 212 209 209 205 202 202 203 202 199 200 197 198 201 200 198 198 197 197 197 197 196 194 196 198 200 200 201 202 202 203 207 217 218 218 217 217 215 210 209 210 211 211 212 212 213 212 210 208 207 208 208 207 205 205 203 201 202 205 204 205 207 207 208 208 209 210 211 213 211
210 216 216 219 221 220 217 218 217 214 211 203 201 190 193 201 203 201 199 201 201 201 202 199 197 197 196 197 195 195 195 195 197 198 198 200 200 199 197 200 200 209 215 214 214 214 211 206 207 208 208 210 211 211 211 212 212 211 207 206 208 207 204 202 201 201 201 203 203 205 205 206 206 207 208 208 211 213 211
212 215 215 217 219 218 215 213 212 212 205 199 196 186 189 194 201 198 190 193 194 196 196 198 196 194 194 196 196 194 194 196 197 198 199 200 200 199 197 198 200 203 204 208 211 212 207 198 198 202 206 208 209 210 210 210 212 211 209 206 206 206 206 200 199 199 200 201 201 203 203 204 205 206 206 206 210 210 210
213 214 214 217 217 215 212 211 204 206 199 196 195 189 187 180 200 199 186 183 191 194 192 196 196 195 192 195 195 196 196 197 198 198 199 200 199 199 197 197 198 199 202 199 197 198 200 199 197 193 198 205 208 209 210 211 211 211 208 208 207 205 202 194 195 197 198 199 200 201 201 202 204 204 205 208 209 208 207
212 213 214 217 217 211 210 210 211 207 199 192 194 190 189 185 193 198 193 189 193 193 193 193 192 192 193 193 194 196 196 197 198 199 198 199 199 199 199 198 198 197 198 198 196 195 195 198 193 192 197 201 204 204 209 209 209 209 207 206 205 204 200 196 194 195 196 198 198 199 200 201 202 206 207 207 205 204 205
211 211 215 217 216 211 211 204 205 204 200 193 190 191 189 191 190 196 194 188 191 191 193 191 188 186 191 193 194 196 195 196 197 197 197 198 198 198 198 198 198 200 200 200 197 195 193 196 194 192 195 199 200 203 206 205 206 205 201 201 205 202 198 196 192 194 195 197 197 198 199 200 204 206 203 203 203 202 203
211 212 216 216 213 211 209 200 198 200 196 195 192 191 189 190 190 194 193 185 184 189 191 190 181 185 188 193 195 196 196 195 196 197 198 198 198 199 199 199 199 198 199 198 198 197 194 194 192 190 191 196 198 202 203 204 200 199 199 201 202 203 200 196 194 193 194 196 195 197 197 198 200 204 200 201 202 201 202
210 212 215 216 213 208 204 205 202 193 194 192 191 190 188 189 189 191 190 181 178 184 191 190 185 185 188 190 193 196 196 195 197 197 198 199 199 199 198 198 199 199 199 199 199 198 196 193 192 191 190 192 198 200 202 201 198 195 196 199 200 199 201 197 196 192 192 195 194 195 196 196 197 198 199 199 201 200 201
212 213 214 214 210 206 202 203 197 193 191 189 191 191 188 187 186 187 186 183 174 174 186 188 188 186 187 188 192 194 196 195 196 197 197 197 197 198 198 197 197 197 198 198 198 198 198 196 192 195 194 196 198 199 200 199 195 194 195 197 198 199 198 198 196 189 192 194 193 194 194 195 195 196 197 197 199 199 199
211 211 214 214 209 201 202 202 200 195 191 189 189 192 191 189 183 186 185 182 176 173 177 185 182 182 181 187 189 193 195 195 194 195 195 196 196 197 198 198 198 198 198 198 198 198 197 197 196 192 190 195 193 196 199 194 192 194 193 194 195 197 198 199 196 189 190 191 192 192 193 194 195 195 195 196 196 197 198
209 210 212 212 208 201 200 201 197 193 191 191 190 192 192 192 188 189 187 185 185 178 174 180 179 177 175 181 186 190 192 195 195 195 195 196 197 197 196 197 198 198 198 198 198 198 198 195 195 194 191 189 193 196 197 198 196 193 193 192 193 195 197 196 192 188 188 189 190 191 192 192 193 194 194 194 195 196 197
209 210 211 211 204 200 199 201 198 194 192 192 191 190 193 192 189 188 188 188 185 182 177 175 175 174 171 175 185 190 189 193 196 196 196 197 197 197 196 196 197 197 197 196 196 197 197 196 193 192 194 191 189 189 189 195 196 195 192 193 192 195 196 194 190 186 187 188 188 189 190 191 191 192 193 194 193 194 195
208 210 211 211 204 202 201 200 198 199 198 197 195 190 193 192 190 185 187 187 184 182 176 172 172 172 170 174 184 189 191 193 193 196 196 197 197 197 197 196 195 196 197 197 196 196 196 195 194 191 190 191 191 188 189 191 194 195 193 192 191 192 194 191 188 185 186 187 188 188 189 190 191 191 192 193 193 193 193
210 211 211 211 207 202 201 200 198 199 199 195 196 194 193 191 187 189 185 186 183 177 174 172 173 171 170 172 182 191 192 192 190 195 195 196 195 196 196 196 195 194 194 195 196 196 195 194 191 189 189 188 190 187 188 191 192 192 192 191 191 191 189 186 184 184 185 186 187 188 188 189 190 190 191 191 192 192 192
210 211 211 211 206 202 199 197 196 201 200 193 196 196 194 189 184 185 186 185 182 175 172 171 174 171 170 173 181 189 191 193 190 192 193 195 194 192 194 195 196 195 194 194 195 195 194 193 190 187 186 185 188 187 187 189 191 191 190 190 189 191 188 185 183 183 184 185 186 187 188 189 189 189 190 190 190 190 191
211 212 211 211 208 204 201 196 198 201 199 198 198 196 193 190 186 185 183 177 176 175 171 172 173 173 169 171 176 181 190 190 189 191 190 191 192 193 192 193 193 194 193 192 195 194 194 193 191 188 186 184 185 187 186 188 190 190 191 187 186 186 185 183 181 182 184 184 185 186 187 187 189 190 190 189 191 192 192
211 212 211 211 207 206 206 203 202 202 201 199 197 195 192 185 184 183 184 179 175 173 171 173 172 173 170 170 172 176 185 187 186 190 192 189 189 189 190 189 187 190 192 191 194 194 194 191 189 187 189 186 183 186 185 186 187 188 190 187 185 184 184 182 181 182 182 183 184 185 186 186 187 188 189 190 189 190 190
210 211 211 210 205 206 206 206 206 205 203 200 197 193 190 187 185 181 182 181 180 171 171 172 171 172 171 170 170 173 178 184 182 186 191 191 189 185 186 186 185 185 190 190 192 193 193 192 189 189 188 187 182 182 182 183 184 187 187 184 185 184 181 181 180 180 182 182 183 184 185 186 187 187 188 188 188 189 189
210 211 211 210 206 207 206 207 205 203 204 200 197 193 187 187 185 183 183 180 175 170 171 170 171 171 170 170 170 172 179 182 180 181 189 189 185 177 178 181 187 189 189 188 191 193 193 191 190 188 184 182 182 182 180 180 181 182 184 182 182 182 181 179 181 180 182 185 184 183 186 186 187 187 189 189 188 188 188
211 211 210 209 207 208 208 209 209 205 205 200 196 191 187 184 183 181 181 180 176 170 169 170 170 169 168 169 171 176 179 180 179 177 183 190 180 175 179 181 184 187 190 188 191 192 192 190 188 185 181 180 180 179 180 181 180 181 181 181 181 181 180 180 181 183 183 185 184 186 186 188 187 188 187 187 188 189 189
210 211 211 207 207 208 209 209 211 196 204 202 196 190 185 184 184 183 182 182 179 175 172 169 169 169 167 171 174 177 180 178 178 176 180 184 181 176 181 183 184 185 188 190 191 192 191 190 188 184 184 179 178 178 181 181 181 181 180 180 180 180 180 182 183 183 185 182 184 185 183 184 185 186 187 187 187 187 187
210 212 212 207 207 208 209 209 210 205 211 204 197 190 186 184 184 183 183 183 180 182 175 169 168 168 171 175 177 179 179 178 176 174 174 177 177 173 180 184 186 188 189 189 190 191 190 189 187 186 185 180 180 179 182 180 179 178 177 177 179 178 180 181 182 183 181 183 183 183 183 184 184 185 186 185 186 186 186
209 211 211 208 207 208 209 209 210 210 209 204 198 193 189 186 186 185 185 184 184 182 176 170 168 169 173 176 178 177 178 178 175 172 172 175 173 171 178 183 185 187 189 189 189 189 189 188 187 186 184 182 182 182 180 176 175 176 176 177 177 177 178 179 180 179 181 182 180 181 183 183 183 184 185 186 186 186 186
