Part_1_SDMs/env_data/present_climate/bioclim_15.asc
NCOLS 888 
NROWS 876 
XLLCORNER -19 
YLLCORNER -35 
CELLSIZE 0.0833333333333333 
NODATA_value -32768 
[rows 756 to 791 of 876, columns 567 to 647 of 888]
80 80 80 80 80 79 81 79 79 80 79 79 78 79 76 75 76 76 75 76 75 76 75 76 75 76 76 76 76 76 75 74 73 72 72 72 70 72 72 73 72 72 70 70 68 68 67 66 66 65 64 64 64 64 64 62 60 58 57 54 52 50 48 45 43 44 44 44 45 46 -32768 -32768 -32768 -32768 -32768 -32768 -32768 -32768 -32768 -32768 -32768
80 79 80 79 79 80 79 79 79 80 78 79 80 79 78 75 75 75 75 74 76 76 75 75 75 76 75 76 75 75 75 75 74 73 71 69 69 71 71 72 71 71 71 70 69 67 67 65 66 65 65 64 63 63 62 60 59 56 55 53 50 48 46 43 42 42 43 -32768 -32768 -32768 -32768 -32768 -32768 -32768 -32768 -32768 -32768 -32768 -32768 -32768 -32768
79 78 79 79 79 79 78 79 77 78 79 80 80 79 77 75 76 75 74 74 74 76 76 76 75 75 75 75 75 74 75 74 73 73 71 69 69 69 71 72 72 71 70 69 68 68 68 67 66 65 64 64 63 61 60 58 56 55 53 51 49 47 45 43 42 -32768 -32768 -32768 -32768 -32768 -32768 -32768 -32768 -32768 -32768 -32768 -32768 -32768 -32768 -32768 -32768
78 78 78 77 78 76 77 78 77 78 78 79 77 77 77 75 75 74 75 74 75 76 76 75 75 74 74 74 74 73 73 72 73 72 71 69 68 69 70 72 73 72 71 69 68 66 67 67 66 65 64 63 62 60 58 56 55 53 51 49 48 46 -32768 -32768 -32768 -32768 -32768 -32768 -32768 -32768 -32768 -32768 -32768 -32768 -32768 -32768 -32768 -32768 -32768 -32768 -32768
77 76 76 77 77 76 76 76 77 76 76 76 77 77 76 75 75 74 74 74 75 76 76 75 73 73 72 72 72 72 72 72 72 71 70 69 70 69 71 74 74 72 71 70 68 67 67 67 66 65 63 63 61 59 56 55 54 52 50 49 -32768 -32768 -32768 -32768 -32768 -32768 -32768 -32768 -32768 -32768 -32768 -32768 -32768 -32768 -32768 -32768 -32768 -32768 -32768 -32768 -32768
77 77 77 76 76 77 76 76 77 76 75 75 76 75 75 75 73 74 74 74 75 76 76 73 72 72 72 72 72 71 71 70 69 69 69 70 69 70 71 73 73 71 70 70 67 68 68 67 67 66 64 63 61 58 56 55 53 52 -32768 -32768 -32768 -32768 -32768 -32768 -32768 -32768 -32768 -32768 -32768 -32768 -32768 -32768 -32768 -32768 -32768 -32768 -32768 -32768 -32768 -32768 -32768
76 76 76 76 75 76 75 76 76 76 76 76 73 74 74 73 73 74 74 74 76 76 75 75 73 73 72 71 71 71 71 71 70 70 69 69 70 71 71 69 71 71 70 69 67 67 67 68 67 66 65 64 61 59 56 54 53 -32768 -32768 -32768 -32768 -32768 -32768 -32768 -32768 -32768 -32768 -32768 -32768 -32768 -32768 -32768 -32768 -32768 -32768 -32768 -32768 -32768 -32768 -32768 -32768
77 75 76 76 76 77 76 76 75 75 75 75 74 73 73 72 72 73 74 73 75 76 75 73 72 71 71 70 71 71 70 70 68 69 69 69 70 69 69 70 73 72 71 69 67 65 68 69 68 67 66 64 62 60 57 55 -32768 -32768 -32768 -32768 -32768 -32768 -32768 -32768 -32768 -32768 -32768 -32768 -32768 -32768 -32768 -32768 -32768 -32768 -32768 -32768 -32768 -32768 -32768 -32768 -32768
76 76 76 77 77 76 77 75 76 75 75 74 73 73 73 73 73 73 73 74 74 75 74 72 72 72 72 71 70 70 69 69 68 68 69 68 69 71 70 72 71 72 71 69 65 65 68 69 69 68 67 65 64 60 58 -32768 -32768 -32768 -32768 -32768 -32768 -32768 -32768 -32768 -32768 -32768 -32768 -32768 -32768 -32768 -32768 -32768 -32768 -32768 -32768 -32768 -32768 -32768 -32768 -32768 -32768
75 76 77 78 77 76 76 76 75 75 75 74 74 73 74 73 73 74 73 74 75 75 73 73 72 71 70 70 69 70 70 69 68 69 70 71 70 69 70 70 70 71 71 69 63 64 69 69 69 68 68 68 64 61 59 -32768 -32768 -32768 -32768 -32768 -32768 -32768 -32768 -32768 -32768 -32768 -32768 -32768 -32768 -32768 -32768 -32768 -32768 -32768 -32768 -32768 -32768 -32768 -32768 -32768 -32768
76 79 78 77 78 77 76 76 75 74 74 74 74 73 73 73 74 73 74 75 74 74 74 72 71 70 70 69 69 69 70 70 70 70 70 69 68 69 68 70 70 71 72 69 63 62 67 69 69 69 69 69 66 62 -32768 -32768 -32768 -32768 -32768 -32768 -32768 -32768 -32768 -32768 -32768 -32768 -32768 -32768 -32768 -32768 -32768 -32768 -32768 -32768 -32768 -32768 -32768 -32768 -32768 -32768 -32768
78 78 78 78 78 76 76 76 75 75 74 74 74 73 73 73 74 74 74 75 74 74 74 72 72 71 70 70 70 69 69 68 69 69 69 69 69 68 68 70 71 73 71 66 63 63 67 69 70 70 69 68 67 62 -32768 -32768 47 -32768 -32768 -32768 -32768 -32768 -32768 -32768 -32768 -32768 -32768 -32768 -32768 -32768 -32768 -32768 -32768 -32768 -32768 -32768 -32768 -32768 -32768 -32768 -32768
76 77 77 78 77 77 76 75 76 75 75 74 74 74 73 74 75 74 75 75 75 75 75 73 72 70 69 69 69 69 69 69 69 68 68 68 68 68 69 71 70 72 71 68 65 64 69 69 71 69 68 67 64 -32768 -32768 48 47 -32768 -32768 -32768 -32768 -32768 -32768 -32768 -32768 -32768 -32768 -32768 -32768 -32768 -32768 -32768 -32768 -32768 -32768 -32768 -32768 -32768 -32768 -32768 -32768
76 75 77 77 78 77 76 75 76 75 75 74 74 73 74 75 74 75 75 75 75 75 74 73 71 70 69 69 68 68 68 69 68 69 69 69 67 67 69 70 70 71 72 71 70 65 68 71 70 69 67 65 62 59 -32768 49 47 -32768 -32768 -32768 -32768 -32768 -32768 -32768 -32768 -32768 -32768 -32768 -32768 -32768 -32768 -32768 -32768 -32768 -32768 -32768 -32768 -32768 -32768 -32768 -32768
74 75 76 76 77 76 76 75 75 74 75 75 75 74 75 74 76 76 76 76 76 75 75 73 71 69 68 67 67 68 68 69 69 69 69 68 67 66 67 70 71 71 71 70 70 66 69 71 70 67 65 62 60 57 53 49 47 -32768 -32768 -32768 -32768 -32768 -32768 -32768 -32768 -32768 -32768 -32768 -32768 -32768 -32768 -32768 -32768 -32768 -32768 -32768 -32768 -32768 -32768 -32768 -32768
73 74 76 76 75 76 76 75 75 75 75 75 75 75 75 74 76 75 76 77 77 76 74 74 71 70 67 67 67 68 68 68 68 69 69 68 67 65 66 68 71 70 70 69 67 63 68 71 69 67 64 61 58 55 52 49 48 -32768 -32768 -32768 -32768 -32768 -32768 -32768 -32768 -32768 -32768 -32768 -32768 -32768 -32768 -32768 -32768 -32768 -32768 -32768 -32768 -32768 -32768 -32768 -32768
74 75 75 75 76 74 75 74 74 74 75 74 75 74 74 74 76 76 76 77 78 77 75 73 72 70 68 67 67 68 69 69 69 68 68 67 66 65 66 66 66 68 69 67 63 63 67 70 68 66 63 60 56 53 51 49 47 -32768 -32768 -32768 -32768 -32768 -32768 -32768 -32768 -32768 -32768 -32768 -32768 -32768 -32768 -32768 -32768 -32768 -32768 -32768 -32768 -32768 -32768 -32768 -32768
73 75 74 74 75 75 74 74 75 75 75 75 74 74 74 75 75 76 77 77 78 77 74 74 72 70 68 68 67 68 68 69 69 69 67 67 66 65 64 65 65 66 68 67 63 63 67 69 67 65 62 59 56 53 51 48 47 -32768 -32768 -32768 -32768 -32768 -32768 -32768 -32768 -32768 -32768 -32768 -32768 -32768 -32768 -32768 -32768 -32768 -32768 -32768 -32768 -32768 -32768 -32768 -32768
73 74 74 73 74 74 73 75 74 75 74 75 75 74 75 74 76 76 76 78 77 76 75 73 71 70 69 68 68 68 68 69 69 68 68 68 66 65 65 64 65 65 68 68 66 63 65 68 67 63 61 59 56 53 50 48 -32768 -32768 -32768 -32768 -32768 -32768 -32768 -32768 -32768 -32768 -32768 -32768 -32768 -32768 -32768 -32768 -32768 -32768 -32768 -32768 -32768 -32768 -32768 -32768 -32768
72 72 73 73 73 73 74 74 74 75 76 75 75 76 74 75 75 76 76 77 76 76 74 73 71 70 70 69 69 69 68 69 69 68 68 67 66 65 65 63 64 66 68 68 68 63 65 66 64 62 60 58 55 52 49 48 -32768 -32768 -32768 -32768 -32768 -32768 -32768 -32768 -32768 -32768 -32768 -32768 -32768 -32768 -32768 -32768 -32768 -32768 -32768 -32768 -32768 -32768 -32768 -32768 -32768
72 72 72 73 72 73 73 73 75 75 75 76 76 75 75 76 76 75 76 76 76 75 73 73 71 70 70 69 69 69 70 70 69 69 67 66 66 65 65 64 66 67 67 67 65 63 63 64 64 62 59 56 54 52 49 47 -32768 -32768 -32768 -32768 -32768 -32768 -32768 -32768 -32768 -32768 -32768 -32768 -32768 -32768 -32768 -32768 -32768 -32768 -32768 -32768 -32768 -32768 -32768 -32768 -32768
70 70 71 71 72 71 72 74 74 74 76 76 76 76 75 76 75 74 75 75 74 74 73 72 71 71 70 69 69 69 70 70 70 69 68 67 65 65 64 64 65 66 66 64 65 62 63 63 62 61 59 56 54 51 49 48 -32768 -32768 -32768 -32768 -32768 -32768 -32768 -32768 -32768 -32768 -32768 -32768 -32768 -32768 -32768 -32768 -32768 -32768 -32768 -32768 -32768 -32768 -32768 -32768 -32768
70 69 70 71 70 71 72 73 74 75 77 77 77 76 76 75 74 75 74 74 73 72 72 71 70 71 70 69 69 69 69 70 70 70 68 67 66 65 64 64 65 66 64 64 64 60 63 63 62 60 57 56 53 51 49 47 -32768 -32768 -32768 -32768 -32768 -32768 -32768 -32768 -32768 -32768 -32768 -32768 -32768 -32768 -32768 -32768 -32768 -32768 -32768 -32768 -32768 -32768 -32768 -32768 -32768
68 69 69 69 70 71 71 73 73 75 76 76 76 75 75 74 74 73 73 73 73 72 72 71 70 70 70 69 69 69 69 69 70 70 69 67 66 65 63 64 64 64 64 64 63 61 61 61 59 59 57 55 53 51 48 47 -32768 -32768 -32768 -32768 -32768 -32768 -32768 -32768 -32768 -32768 -32768 -32768 -32768 -32768 -32768 -32768 -32768 -32768 -32768 -32768 -32768 -32768 -32768 -32768 -32768
68 67 68 69 69 69 70 72 72 74 75 75 76 75 74 73 73 73 72 72 71 72 71 70 70 70 69 70 69 69 69 70 70 70 68 66 65 64 63 63 64 64 63 63 63 60 60 60 59 57 55 54 52 50 48 47 -32768 -32768 -32768 -32768 -32768 -32768 -32768 -32768 -32768 -32768 -32768 -32768 -32768 -32768 -32768 -32768 -32768 -32768 -32768 -32768 -32768 -32768 -32768 -32768 -32768
67 67 68 68 68 69 69 70 72 72 74 74 74 74 73 73 72 72 71 71 71 71 70 70 70 70 69 69 69 69 69 70 69 70 67 65 65 64 64 64 63 63 62 62 60 60 60 59 58 56 55 54 52 49 48 47 -32768 -32768 -32768 -32768 -32768 -32768 -32768 -32768 -32768 -32768 -32768 -32768 -32768 -32768 -32768 -32768 -32768 -32768 -32768 -32768 -32768 -32768 -32768 -32768 -32768
66 66 67 68 67 68 69 70 70 71 71 72 72 72 72 72 71 71 71 70 71 71 70 70 70 69 69 68 68 69 68 69 69 68 67 66 66 64 64 63 63 61 61 59 59 58 59 59 57 56 54 53 51 49 48 -32768 -32768 -32768 -32768 -32768 -32768 -32768 -32768 -32768 -32768 -32768 -32768 -32768 -32768 -32768 -32768 -32768 -32768 -32768 -32768 -32768 -32768 -32768 -32768 -32768 -32768
66 66 67 67 67 68 69 68 69 70 70 71 71 71 71 70 70 70 70 70 71 70 70 70 70 70 68 68 69 69 69 69 68 68 67 67 66 64 64 63 62 61 60 57 58 58 58 58 57 55 54 52 51 49 48 -32768 -32768 -32768 -32768 -32768 -32768 -32768 -32768 -32768 -32768 -32768 -32768 -32768 -32768 -32768 -32768 -32768 -32768 -32768 -32768 -32768 -32768 -32768 -32768 -32768 -32768
66 66 65 66 67 67 68 68 68 68 69 69 69 70 69 70 70 70 70 70 70 70 70 70 69 69 69 69 69 69 69 68 68 67 66 66 64 65 63 62 61 59 58 56 57 58 59 57 55 55 53 52 50 48 48 -32768 -32768 -32768 -32768 -32768 -32768 -32768 -32768 -32768 -32768 -32768 -32768 -32768 -32768 -32768 -32768 -32768 -32768 -32768 -32768 -32768 -32768 -32768 -32768 -32768 -32768
66 66 66 66 66 67 67 67 67 68 68 68 68 69 69 69 69 70 69 69 69 69 69 69 69 68 68 69 69 68 68 68 67 67 66 65 64 64 62 61 60 59 59 57 56 56 58 56 55 54 52 51 50 48 -32768 -32768 -32768 -32768 -32768 -32768 -32768 -32768 -32768 -32768 -32768 -32768 -32768 -32768 -32768 -32768 -32768 -32768 -32768 -32768 -32768 -32768 -32768 -32768 -32768 -32768 -32768
65 65 65 65 66 66 66 67 67 67 67 68 67 68 69 69 69 69 69 69 68 69 69 70 69 69 68 68 69 69 69 68 68 66 66 65 63 63 62 61 59 58 57 57 55 55 55 54 53 51 50 49 49 48 -32768 -32768 -32768 -32768 -32768 -32768 -32768 -32768 -32768 -32768 -32768 -32768 -32768 -32768 -32768 -32768 -32768 -32768 -32768 -32768 -32768 -32768 -32768 -32768 -32768 -32768 -32768
65 65 66 65 65 65 65 65 66 66 67 67 67 68 68 68 69 69 69 68 69 70 70 69 70 69 69 68 69 68 68 68 67 65 64 64 63 62 62 60 59 57 56 56 54 54 53 52 50 50 48 47 47 -32768 -32768 -32768 -32768 -32768 -32768 -32768 -32768 -32768 -32768 -32768 -32768 -32768 -32768 -32768 -32768 -32768 -32768 -32768 -32768 -32768 -32768 -32768 -32768 -32768 -32768 -32768 -32768
66 65 65 65 65 65 64 64 65 65 66 67 67 67 67 68 68 69 69 69 70 70 69 70 69 70 69 69 68 69 67 67 65 64 63 64 62 61 60 60 58 57 56 56 54 53 51 50 49 47 46 45 45 -32768 -32768 -32768 -32768 -32768 -32768 -32768 -32768 -32768 -32768 -32768 -32768 -32768 -32768 -32768 -32768 -32768 -32768 -32768 -32768 -32768 -32768 -32768 -32768 -32768 -32768 -32768 -32768
65 65 65 64 65 64 65 65 65 65 66 66 67 67 68 68 69 68 68 69 69 70 69 69 70 70 69 70 69 69 69 67 66 65 64 62 62 61 60 59 58 56 55 54 52 51 49 48 46 46 44 43 43 -32768 -32768 -32768 -32768 -32768 -32768 -32768 -32768 -32768 -32768 -32768 -32768 -32768 -32768 -32768 -32768 -32768 -32768 -32768 -32768 -32768 -32768 -32768 -32768 -32768 -32768 -32768 -32768
65 64 64 65 64 63 64 64 64 65 65 66 67 67 67 67 69 69 69 69 70 70 70 70 71 70 70 70 69 70 69 67 65 64 63 62 61 60 59 58 57 56 55 53 51 50 48 46 44 43 42 41 41 -32768 -32768 -32768 -32768 -32768 -32768 -32768 -32768 -32768 -32768 -32768 -32768 -32768 -32768 -32768 -32768 -32768 -32768 -32768 -32768 -32768 -32768 -32768 -32768 -32768 -32768 -32768 -32768
64 63 64 62 63 62 64 64 64 64 65 66 66 66 67 68 68 68 69 69 69 70 70 70 70 70 70 69 69 68 68 67 65 64 63 61 60 59 58 56 56 55 55 53 51 50 47 44 43 41 40 40 39 -32768 -32768 -32768 -32768 -32768 -32768 -32768 -32768 -32768 -32768 -32768 -32768 -32768 -32768 -32768 -32768 -32768 -32768 -32768 -32768 -32768 -32768 -32768 -32768 -32768 -32768 -32768 -32768
