Part_1_SDMs/env_data/present_climate/bioclim_12.asc
NCOLS 888 
NROWS 876 
XLLCORNER -19 
YLLCORNER -35 
CELLSIZE 0.0833333333333333 
NODATA_value -32768 
[rows 102 to 135 of 876, columns 539 to 615 of 888]
18 20 20 20 20 20 20 19 18 17 17 17 18 19 19 20 20 20 20 20 20 20 22 22 24 24 22 23 24 25 25 24 23 23 23 23 23 23 23 23 23 23 23 23 23 24 24 25 24 23 21 17 14 13 12 11 10 10 10 9 8 8 11 11 11 11 15 20 25 27 30 30 34 39 39 45 36
15 19 19 20 20 20 19 18 17 15 16 16 16 17 17 16 17 17 18 19 18 18 18 20 21 21 21 20 20 20 20 22 22 22 22 22 22 22 22 22 22 22 22 22 21 20 21 21 21 15 14 14 12 11 11 11 10 10 9 8 8 9 9 10 10 11 13 19 22 23 25 30 33 33 42 45 51
12 14 17 18 18 18 17 17 15 15 15 15 16 16 16 16 16 15 15 15 15 15 16 17 17 18 17 17 17 18 18 18 17 17 18 17 17 17 17 17 19 19 19 19 19 19 19 19 18 13 12 12 11 11 11 10 10 8 7 7 6 7 8 7 10 11 13 17 19 22 24 26 31 33 36 42 45
12 12 12 17 17 18 14 12 12 13 14 12 12 12 13 15 15 14 14 15 14 15 15 16 14 15 16 15 15 16 15 15 15 16 16 16 16 16 16 16 16 16 16 16 16 16 18 18 12 12 12 10 10 8 8 8 8 8 6 6 7 7 8 8 10 10 13 16 16 17 21 23 24 26 33 33 22
11 11 12 12 13 13 11 11 11 11 11 11 11 11 11 12 12 12 13 13 13 13 13 13 13 13 14 14 14 15 15 15 15 15 14 14 14 14 14 14 14 14 14 13 12 12 12 12 12 10 8 8 8 8 8 8 8 7 6 6 6 7 8 9 10 10 12 13 13 16 16 17 19 22 16 11 11
10 11 11 12 12 12 13 13 11 11 11 11 11 11 11 11 11 11 11 12 12 12 12 12 13 13 13 13 13 13 13 13 12 12 12 11 12 12 12 12 12 12 11 11 11 11 11 11 9 8 8 9 8 8 7 7 7 7 7 6 6 6 7 9 10 10 11 12 12 12 12 13 16 11 11 11 11
8 9 11 12 11 8 9 12 11 10 10 10 11 11 11 11 11 11 11 10 10 11 11 11 11 11 11 11 11 11 11 11 11 11 10 10 10 9 9 10 10 9 9 9 9 9 9 9 8 8 8 8 8 8 7 7 7 7 7 5 5 6 7 7 10 10 10 10 10 11 11 11 11 11 11 11 11
8 9 9 9 11 9 9 9 8 9 10 10 10 10 10 10 10 10 10 10 9 10 10 11 11 11 11 11 11 11 11 11 10 9 7 7 7 7 8 8 9 9 9 9 8 8 8 8 8 8 8 8 6 6 6 6 7 6 4 4 5 6 6 6 8 9 10 10 10 10 10 10 9 11 11 13 19
7 7 9 9 9 9 8 8 8 8 10 10 10 10 9 9 9 9 10 10 9 10 10 10 11 11 11 11 10 9 8 8 8 6 5 6 5 5 5 5 6 7 7 7 6 6 6 6 6 6 6 6 6 6 6 6 6 5 3 3 5 5 6 6 7 7 8 9 9 9 9 9 9 12 17 25 32
7 7 7 7 7 7 6 7 7 6 7 6 6 6 8 8 8 9 9 10 10 10 10 8 7 9 7 7 8 6 7 6 5 5 5 5 5 5 5 5 5 6 6 6 6 6 6 6 6 6 6 6 6 6 6 6 5 3 3 3 4 7 7 7 7 7 8 8 8 9 10 11 11 12 13 20 34
6 7 7 7 6 6 5 6 6 7 7 6 6 6 6 8 8 8 10 7 7 7 7 7 6 6 6 6 6 6 6 5 5 5 5 5 5 5 5 5 5 5 5 5 5 6 6 6 6 6 6 6 6 6 6 5 3 3 3 3 4 6 6 8 7 7 7 8 8 8 9 11 11 12 19 25 30
6 6 6 5 5 5 5 5 5 7 8 5 5 5 5 5 5 7 6 6 6 6 6 6 6 6 6 6 6 6 5 5 5 5 5 4 4 4 4 4 4 4 3 4 4 4 5 5 5 6 6 6 6 6 5 4 3 3 3 3 4 5 6 6 7 8 7 8 8 8 9 11 12 17 19 27 26
4 4 4 4 5 5 5 5 5 5 6 4 4 4 4 4 4 4 6 6 6 6 6 6 6 6 6 6 6 5 5 5 5 3 3 3 2 3 3 3 3 3 2 3 3 3 3 5 5 5 5 5 5 5 3 2 2 2 3 3 3 4 5 7 7 8 8 8 8 9 11 12 12 18 19 18 16
4 4 4 4 4 4 4 4 4 4 4 4 4 4 4 4 4 4 5 6 6 6 6 6 6 6 6 5 5 5 5 4 3 3 2 1 1 1 2 2 2 2 1 1 3 3 3 2 3 3 3 3 3 3 2 2 2 2 1 2 3 4 5 5 7 8 8 8 8 8 11 12 12 12 12 12 13
3 4 4 4 4 4 4 4 4 4 4 4 4 4 4 4 4 4 4 5 6 6 6 6 6 6 5 5 4 4 3 3 3 1 1 1 1 1 1 2 1 1 1 1 1 1 1 1 1 2 2 2 2 3 2 2 2 1 2 2 4 5 5 5 5 5 6 8 8 8 8 8 9 11 11 11 11
3 3 4 4 4 4 4 4 4 4 4 4 4 4 4 4 4 4 4 4 4 5 5 5 5 5 4 4 4 3 3 2 2 1 1 1 1 1 2 1 1 1 1 1 1 1 1 1 1 2 2 2 2 2 2 2 2 1 2 4 4 5 4 4 4 5 5 6 6 7 8 8 9 11 12 12 11
3 3 3 3 4 4 4 4 4 4 4 4 4 4 4 4 4 4 4 4 4 4 4 3 3 3 3 2 2 3 2 2 1 1 1 1 1 1 1 1 1 1 1 1 1 1 1 1 1 2 2 2 2 2 2 2 2 1 1 2 4 4 4 4 4 4 5 6 6 7 8 8 9 11 11 13 11
3 3 3 3 3 3 4 4 4 4 4 4 4 4 4 4 4 4 4 4 4 3 3 3 3 3 2 2 2 1 1 1 1 1 1 1 1 1 1 1 1 1 1 1 1 1 1 1 1 2 2 2 2 2 2 2 2 1 1 2 4 4 4 4 4 4 4 6 7 7 8 8 9 9 11 12 13
3 3 3 3 3 3 3 3 4 4 4 4 4 4 4 4 4 3 3 3 3 3 3 3 3 2 2 1 1 1 1 1 1 1 1 1 1 1 1 1 1 1 1 1 1 1 1 1 1 1 2 2 2 2 2 2 2 2 1 1 3 4 4 4 4 4 4 4 6 7 8 8 8 9 11 11 13
2 2 2 2 2 2 2 2 2 2 2 3 3 3 3 3 3 3 3 3 3 3 3 3 2 2 2 1 1 1 1 1 1 1 1 1 1 1 1 1 1 1 1 1 1 1 1 1 1 1 2 2 2 2 2 2 2 2 2 3 3 3 4 4 4 4 4 4 5 6 7 8 8 8 9 11 12
2 2 2 2 2 2 2 2 2 2 2 2 2 3 3 3 3 3 3 3 3 3 3 3 2 2 1 1 1 1 1 1 1 1 1 1 1 1 1 1 1 1 1 1 1 1 1 1 1 1 2 2 2 2 2 2 3 3 3 3 3 3 3 4 4 4 4 4 5 6 6 6 8 8 8 9 9
2 2 2 2 2 2 2 2 2 2 2 2 2 2 2 3 3 3 3 3 3 3 3 4 3 2 1 1 1 1 1 1 1 1 1 1 1 1 1 1 1 1 1 1 1 1 1 1 1 1 1 2 2 2 2 2 3 3 3 3 3 3 4 4 4 5 5 5 5 5 6 6 7 8 8 9 9
2 2 2 2 2 2 2 2 2 2 2 2 2 2 2 2 3 3 3 3 3 4 4 4 3 2 2 2 2 1 1 1 1 1 1 1 1 1 1 1 1 1 1 1 1 1 1 1 1 1 1 1 2 2 2 2 3 3 3 3 3 3 3 4 5 5 5 5 5 5 6 6 6 7 8 9 9
2 2 2 2 2 2 2 2 2 2 2 2 2 2 2 2 2 3 3 3 3 4 4 3 2 2 2 2 2 1 1 1 1 1 1 1 1 1 1 1 1 1 1 1 1 1 1 1 1 1 1 1 1 2 2 2 3 3 3 3 3 3 3 5 5 5 4 4 5 5 5 6 6 7 7 8 8
2 2 2 2 2 2 2 2 2 2 2 2 2 2 2 2 2 2 3 3 3 4 4 3 2 2 2 1 1 1 1 2 1 1 1 1 1 1 1 1 1 1 1 1 1 1 1 1 1 1 1 1 1 1 2 2 2 2 1 2 2 2 2 3 4 4 4 4 4 5 5 5 6 6 7 7 7
2 2 2 2 2 2 2 2 2 2 2 2 2 2 2 2 2 2 2 3 3 3 2 2 2 2 2 1 1 1 1 2 2 1 1 1 1 1 1 1 1 1 1 1 1 1 1 1 1 1 1 1 1 1 1 2 2 1 0 0 0 2 2 3 4 4 4 4 4 4 5 5 5 5 7 7 7
2 2 2 2 2 2 2 2 2 2 2 2 2 2 2 2 2 2 2 2 2 2 4 3 2 2 2 1 1 1 1 1 1 1 1 1 1 1 1 1 1 1 1 1 1 1 1 1 1 1 1 1 1 1 1 1 1 0 0 0 0 0 0 2 3 3 3 4 4 4 5 5 5 5 5 6 7
2 2 2 2 2 2 2 2 2 2 2 2 2 2 2 2 2 2 2 2 2 4 4 3 2 2 2 2 2 1 1 1 1 1 1 1 1 1 1 1 1 1 1 1 1 1 1 1 1 1 1 1 1 1 1 1 0 0 0 0 0 0 0 2 3 3 4 4 4 4 4 5 5 5 5 6 6
1 2 2 2 2 2 2 2 2 2 2 2 2 2 2 2 2 2 2 2 4 4 4 2 2 2 2 2 2 2 1 1 1 1 1 1 1 1 1 1 1 1 1 1 1 1 1 1 1 1 0 0 0 0 0 0 0 0 0 0 0 1 2 4 4 4 4 4 4 4 4 5 5 5 5 5 6
1 2 2 2 2 2 2 2 2 2 2 2 2 2 2 2 2 2 2 3 4 4 2 2 2 2 2 2 2 2 2 1 1 1 1 1 1 1 1 1 1 1 1 1 1 1 1 1 0 0 0 0 0 0 0 0 0 0 0 0 0 2 2 4 2 2 4 4 4 4 4 4 5 5 5 5 5
1 1 2 2 2 2 2 2 2 2 2 2 2 2 2 2 2 2 2 2 4 4 0 2 2 2 2 2 2 2 2 1 1 1 1 1 1 1 1 1 1 1 1 1 1 1 1 0 0 0 0 0 0 0 0 0 0 0 0 0 0 2 2 2 2 2 2 4 4 4 4 4 4 5 5 5 5
1 1 2 2 2 2 2 2 2 2 2 2 2 2 2 2 2 2 2 2 3 0 0 1 2 2 2 2 2 2 2 1 1 1 1 1 1 1 1 1 1 1 1 1 1 1 1 0 0 0 0 0 0 0 0 0 0 0 0 0 0 2 2 2 2 2 1 1 1 4 4 4 4 5 5 5 5
1 1 1 2 2 2 2 2 2 2 2 2 2 2 2 2 2 2 2 2 0 0 0 0 1 2 2 2 2 2 1 1 1 1 1 1 1 1 1 1 1 1 1 1 1 1 1 0 0 0 0 0 0 0 0 0 0 0 0 0 0 1 2 2 2 1 1 1 2 4 4 2 3 5 3 5 4
1 1 1 1 2 2 2 2 2 2 2 2 2 2 2 2 2 2 2 2 1 0 0 0 0 1 2 2 1 1 1 1 1 1 0 0 1 1 1 1 1 1 1 1 1 0 1 0 0 0 0 0 0 0 0 0 0 0 0 0 0 1 2 2 2 1 1 0 0 1 1 1 1 1 2 3 4
