Part_1_SDMs/env_data/present_climate/bioclim_13.asc
NCOLS 888 
NROWS 876 
XLLCORNER -19 
YLLCORNER -35 
CELLSIZE 0.0833333333333333 
NODATA_value -32768 
[rows 805 to 839 of 876, columns 553 to 631 of 888]
101 105 107 112 112 110 111 115 119 123 124 124 127 134 138 135 125 122 121 118 114 113 112 111 112 119 132 153 177 176 167 155 145 144 145 142 136 132 133 134 134 133 133 133 135 131 131 134 131 129 129 130 135 138 140 -32768 -32768 -32768 -32768 -32768 -32768 -32768 -32768 -32768 -32768 -32768 -32768 -32768 -32768 -32768 -32768 -32768 -32768 -32768 -32768 -32768 -32768 -32768 -32768
100 101 104 108 109 109 114 120 126 129 130 129 129 135 134 126 116 116 115 113 110 109 108 111 112 116 158 145 169 177 165 160 154 149 141 140 142 143 138 137 136 137 139 135 132 131 130 126 134 134 129 131 134 137 -32768 -32768 -32768 -32768 -32768 -32768 -32768 -32768 -32768 -32768 -32768 -32768 -32768 -32768 -32768 -32768 -32768 -32768 -32768 -32768 -32768 -32768 -32768 -32768 -32768
98 100 103 103 105 108 113 120 124 128 131 135 130 127 126 115 108 109 109 110 106 106 109 112 114 115 119 128 159 181 177 163 153 147 142 144 140 141 140 136 136 138 141 139 138 135 131 122 124 126 126 129 133 -32768 -32768 -32768 -32768 -32768 -32768 -32768 -32768 -32768 -32768 -32768 -32768 -32768 -32768 -32768 -32768 -32768 -32768 -32768 -32768 -32768 -32768 -32768 -32768 -32768 -32768
98 101 103 103 104 110 113 118 125 126 136 125 121 119 126 117 107 104 102 106 105 105 106 110 109 113 118 131 157 182 185 170 160 151 145 140 136 134 134 135 136 138 142 143 142 142 136 134 128 120 125 128 -32768 -32768 -32768 -32768 -32768 -32768 -32768 -32768 -32768 -32768 -32768 -32768 -32768 -32768 -32768 -32768 -32768 -32768 -32768 -32768 -32768 -32768 -32768 -32768 -32768 -32768 -32768
98 101 104 106 108 110 112 116 118 122 136 120 117 123 117 117 115 109 100 104 104 106 109 109 114 126 134 145 182 181 184 177 173 157 144 140 133 134 136 138 138 141 143 143 142 139 136 129 121 121 124 -32768 -32768 -32768 -32768 -32768 -32768 -32768 -32768 -32768 -32768 -32768 -32768 -32768 -32768 -32768 -32768 -32768 -32768 -32768 -32768 -32768 -32768 -32768 -32768 -32768 -32768 -32768 -32768
98 101 104 109 110 110 111 115 120 119 128 125 116 110 102 109 115 109 101 101 105 110 113 114 123 125 134 186 185 174 163 172 170 168 153 141 135 135 137 140 141 141 140 140 141 134 134 120 117 121 -32768 -32768 -32768 -32768 -32768 -32768 -32768 -32768 -32768 -32768 -32768 -32768 -32768 -32768 -32768 -32768 -32768 -32768 -32768 -32768 -32768 -32768 -32768 -32768 -32768 -32768 -32768 -32768 -32768
101 104 107 110 112 114 114 113 116 117 121 119 111 104 106 115 117 115 110 102 104 113 117 118 122 126 150 190 186 169 164 153 155 160 156 150 145 138 138 140 141 140 137 136 136 137 130 115 118 121 -32768 -32768 -32768 -32768 -32768 -32768 -32768 -32768 -32768 -32768 -32768 -32768 -32768 -32768 -32768 -32768 -32768 -32768 -32768 -32768 -32768 -32768 -32768 -32768 -32768 -32768 -32768 -32768 -32768
103 106 109 112 112 112 110 110 113 118 126 119 107 103 102 101 104 114 116 102 105 116 121 127 131 167 192 196 186 177 183 172 145 147 148 144 144 140 138 140 143 143 144 143 141 133 127 118 120 -32768 -32768 -32768 -32768 -32768 -32768 -32768 -32768 -32768 -32768 -32768 -32768 -32768 -32768 -32768 -32768 -32768 -32768 -32768 -32768 -32768 -32768 -32768 -32768 -32768 -32768 -32768 -32768 -32768 -32768
102 107 111 113 112 111 109 110 119 124 117 107 105 100 99 106 116 121 116 111 110 123 128 131 142 180 200 197 183 178 172 184 156 138 132 135 142 141 138 139 142 144 146 148 150 145 127 122 -32768 -32768 -32768 -32768 -32768 -32768 -32768 -32768 -32768 -32768 -32768 -32768 -32768 -32768 -32768 -32768 -32768 -32768 -32768 -32768 -32768 -32768 -32768 -32768 -32768 -32768 -32768 -32768 -32768 -32768 -32768
104 108 112 113 112 108 104 110 120 114 115 106 105 100 96 105 116 116 110 109 121 130 133 141 150 185 202 200 196 177 170 167 165 151 140 126 134 133 135 138 142 145 146 147 146 142 130 126 -32768 -32768 -32768 -32768 -32768 -32768 -32768 -32768 -32768 -32768 -32768 -32768 -32768 -32768 -32768 -32768 -32768 -32768 -32768 -32768 -32768 -32768 -32768 -32768 -32768 -32768 -32768 -32768 -32768 -32768 -32768
106 110 111 110 109 104 104 117 119 108 109 103 106 97 96 101 108 119 115 118 133 137 149 153 164 188 197 191 186 183 170 148 145 140 136 132 125 128 132 137 141 144 148 149 145 135 129 128 -32768 -32768 -32768 -32768 -32768 -32768 -32768 -32768 -32768 -32768 -32768 -32768 -32768 -32768 -32768 -32768 -32768 -32768 -32768 -32768 -32768 -32768 -32768 -32768 -32768 -32768 -32768 -32768 -32768 -32768 -32768
106 109 110 108 107 104 116 117 108 102 100 98 98 94 96 94 101 104 109 128 141 154 162 166 176 185 192 194 191 163 147 136 125 126 140 130 122 125 129 134 138 142 144 146 141 133 131 -32768 -32768 -32768 -32768 -32768 -32768 -32768 -32768 -32768 -32768 -32768 -32768 -32768 -32768 -32768 -32768 -32768 -32768 -32768 -32768 -32768 -32768 -32768 -32768 -32768 -32768 -32768 -32768 -32768 -32768 -32768 -32768
106 109 110 109 109 105 108 114 106 97 98 99 100 107 114 118 113 120 122 132 146 148 156 159 167 177 185 192 191 168 135 142 138 121 131 126 121 125 131 134 136 135 137 137 135 132 -32768 -32768 -32768 -32768 -32768 -32768 -32768 -32768 -32768 -32768 -32768 -32768 -32768 -32768 -32768 -32768 -32768 -32768 -32768 -32768 -32768 -32768 -32768 -32768 -32768 -32768 -32768 -32768 -32768 -32768 -32768 -32768 -32768
106 109 110 110 111 107 105 100 98 98 100 108 112 114 117 112 100 101 107 114 125 140 145 152 159 167 171 179 182 161 147 139 135 120 115 125 125 129 132 135 138 139 142 137 133 -32768 -32768 -32768 -32768 -32768 -32768 -32768 -32768 -32768 -32768 -32768 -32768 -32768 -32768 -32768 -32768 -32768 -32768 -32768 -32768 -32768 -32768 -32768 -32768 -32768 -32768 -32768 -32768 -32768 -32768 -32768 -32768 -32768 -32768
106 108 109 108 108 105 102 97 96 99 105 107 114 122 114 99 101 105 109 115 121 137 141 145 150 153 163 165 162 164 144 136 136 127 114 119 125 130 134 137 140 142 138 134 135 -32768 -32768 -32768 -32768 -32768 -32768 -32768 -32768 -32768 -32768 -32768 -32768 -32768 -32768 -32768 -32768 -32768 -32768 -32768 -32768 -32768 -32768 -32768 -32768 -32768 -32768 -32768 -32768 -32768 -32768 -32768 -32768 -32768 -32768
105 107 107 107 106 101 96 95 99 100 104 118 121 125 118 105 107 109 113 122 139 135 136 141 143 151 172 161 153 158 134 129 123 120 119 120 125 131 135 138 139 137 136 137 -32768 -32768 -32768 -32768 -32768 -32768 -32768 -32768 -32768 -32768 -32768 -32768 -32768 -32768 -32768 -32768 -32768 -32768 -32768 -32768 -32768 -32768 -32768 -32768 -32768 -32768 -32768 -32768 -32768 -32768 -32768 -32768 -32768 -32768 -32768
103 104 106 106 103 100 97 99 102 112 111 115 126 126 114 111 111 115 116 126 147 144 148 144 146 153 150 160 143 152 145 136 124 117 119 122 127 132 135 138 136 138 139 139 -32768 -32768 -32768 -32768 -32768 -32768 -32768 -32768 -32768 -32768 -32768 -32768 -32768 -32768 -32768 -32768 -32768 -32768 -32768 -32768 -32768 -32768 -32768 -32768 -32768 -32768 -32768 -32768 -32768 -32768 -32768 -32768 -32768 -32768 -32768
101 102 104 104 102 100 97 98 108 121 123 115 126 115 111 112 114 118 120 125 134 145 143 138 137 137 137 128 126 140 149 138 136 124 125 127 129 135 137 136 139 141 141 -32768 -32768 -32768 -32768 -32768 -32768 -32768 -32768 -32768 -32768 -32768 -32768 -32768 -32768 -32768 -32768 -32768 -32768 -32768 -32768 -32768 -32768 -32768 -32768 -32768 -32768 -32768 -32768 -32768 -32768 -32768 -32768 -32768 -32768 -32768 -32768
99 100 101 101 100 98 97 102 106 122 126 124 127 112 112 116 117 121 128 131 126 131 132 131 136 131 140 125 140 152 147 136 131 129 128 131 132 135 138 140 142 143 -32768 -32768 -32768 -32768 -32768 -32768 -32768 -32768 -32768 -32768 -32768 -32768 -32768 -32768 -32768 -32768 -32768 -32768 -32768 -32768 -32768 -32768 -32768 -32768 -32768 -32768 -32768 -32768 -32768 -32768 -32768 -32768 -32768 -32768 -32768 -32768 -32768
97 98 100 100 105 103 104 103 104 118 119 121 127 117 118 121 122 124 129 133 127 126 126 124 124 136 136 122 131 134 131 129 125 130 131 136 140 145 144 143 145 145 -32768 -32768 -32768 -32768 -32768 -32768 -32768 -32768 -32768 -32768 -32768 -32768 -32768 -32768 -32768 -32768 -32768 -32768 -32768 -32768 -32768 -32768 -32768 -32768 -32768 -32768 -32768 -32768 -32768 -32768 -32768 -32768 -32768 -32768 -32768 -32768 -32768
95 96 97 99 99 96 95 96 104 108 109 119 125 117 120 122 127 127 127 128 133 135 127 119 120 139 129 123 131 131 133 129 130 130 133 138 144 149 144 145 146 -32768 -32768 -32768 -32768 -32768 -32768 -32768 -32768 -32768 -32768 -32768 -32768 -32768 -32768 -32768 -32768 -32768 -32768 -32768 -32768 -32768 -32768 -32768 -32768 -32768 -32768 -32768 -32768 -32768 -32768 -32768 -32768 -32768 -32768 -32768 -32768 -32768 -32768
93 94 95 95 95 93 94 97 98 102 112 121 120 116 121 125 128 130 131 127 125 132 128 118 118 122 121 127 126 124 129 130 133 134 136 138 143 143 144 145 -32768 -32768 -32768 -32768 -32768 -32768 -32768 -32768 -32768 -32768 -32768 -32768 -32768 -32768 -32768 -32768 -32768 -32768 -32768 -32768 -32768 -32768 -32768 -32768 -32768 -32768 -32768 -32768 -32768 -32768 -32768 -32768 -32768 -32768 -32768 -32768 -32768 -32768 -32768
92 93 94 94 93 93 95 103 103 112 114 122 114 119 124 128 128 130 132 130 123 120 126 117 113 119 123 122 119 123 124 126 131 134 136 139 142 144 145 -32768 -32768 -32768 -32768 -32768 -32768 -32768 -32768 -32768 -32768 -32768 -32768 -32768 -32768 -32768 -32768 -32768 -32768 -32768 -32768 -32768 -32768 -32768 -32768 -32768 -32768 -32768 -32768 -32768 -32768 -32768 -32768 -32768 -32768 -32768 -32768 -32768 -32768 -32768 -32768
92 92 93 94 94 96 96 102 106 111 123 117 115 121 125 129 128 130 126 127 122 115 115 120 116 114 117 121 119 123 123 127 130 134 138 141 143 144 144 -32768 -32768 -32768 -32768 -32768 -32768 -32768 -32768 -32768 -32768 -32768 -32768 -32768 -32768 -32768 -32768 -32768 -32768 -32768 -32768 -32768 -32768 -32768 -32768 -32768 -32768 -32768 -32768 -32768 -32768 -32768 -32768 -32768 -32768 -32768 -32768 -32768 -32768 -32768 -32768
91 93 93 96 96 99 104 100 108 108 119 112 116 121 126 128 130 120 117 116 115 117 114 113 121 118 116 118 121 122 126 130 134 136 140 142 143 143 -32768 -32768 -32768 -32768 -32768 -32768 -32768 -32768 -32768 -32768 -32768 -32768 -32768 -32768 -32768 -32768 -32768 -32768 -32768 -32768 -32768 -32768 -32768 -32768 -32768 -32768 -32768 -32768 -32768 -32768 -32768 -32768 -32768 -32768 -32768 -32768 -32768 -32768 -32768 -32768 -32768
92 93 94 96 100 100 102 103 103 110 113 112 116 120 123 125 127 123 115 110 108 112 113 111 113 115 118 120 123 126 131 133 136 139 141 142 142 -32768 -32768 -32768 -32768 -32768 -32768 -32768 -32768 -32768 -32768 -32768 -32768 -32768 -32768 -32768 -32768 -32768 -32768 -32768 -32768 -32768 -32768 -32768 -32768 -32768 -32768 -32768 -32768 -32768 -32768 -32768 -32768 -32768 -32768 -32768 -32768 -32768 -32768 -32768 -32768 -32768 -32768
93 94 95 97 101 95 95 96 98 105 108 111 115 118 122 124 121 119 114 111 109 111 109 112 114 118 119 122 126 131 134 136 138 139 140 141 -32768 -32768 -32768 -32768 -32768 -32768 -32768 -32768 -32768 -32768 -32768 -32768 -32768 -32768 -32768 -32768 -32768 -32768 -32768 -32768 -32768 -32768 -32768 -32768 -32768 -32768 -32768 -32768 -32768 -32768 -32768 -32768 -32768 -32768 -32768 -32768 -32768 -32768 -32768 -32768 -32768 -32768 -32768
94 94 95 96 97 95 94 95 99 103 105 111 114 116 121 123 126 125 106 109 114 113 114 112 115 120 123 125 130 135 137 139 139 139 139 -32768 -32768 -32768 -32768 -32768 -32768 -32768 -32768 -32768 -32768 -32768 -32768 -32768 -32768 -32768 -32768 -32768 -32768 -32768 -32768 -32768 -32768 -32768 -32768 -32768 -32768 -32768 -32768 -32768 -32768 -32768 -32768 -32768 -32768 -32768 -32768 -32768 -32768 -32768 -32768 -32768 -32768 -32768 -32768
94 94 94 95 96 96 96 96 99 99 102 109 112 113 118 123 113 100 99 98 103 110 111 113 116 120 125 129 132 134 136 136 137 137 -32768 -32768 -32768 -32768 -32768 -32768 -32768 -32768 -32768 -32768 -32768 -32768 -32768 -32768 -32768 -32768 -32768 -32768 -32768 -32768 -32768 -32768 -32768 -32768 -32768 -32768 -32768 -32768 -32768 -32768 -32768 -32768 -32768 -32768 -32768 -32768 -32768 -32768 -32768 -32768 -32768 -32768 -32768 -32768 -32768
93 94 95 94 96 98 94 96 98 96 95 104 106 101 101 115 102 98 97 97 100 105 110 113 117 123 128 131 133 135 134 134 -32768 -32768 -32768 -32768 -32768 -32768 -32768 -32768 -32768 -32768 -32768 -32768 -32768 -32768 -32768 -32768 -32768 -32768 -32768 -32768 -32768 -32768 -32768 -32768 -32768 -32768 -32768 -32768 -32768 -32768 -32768 -32768 -32768 -32768 -32768 -32768 -32768 -32768 -32768 -32768 -32768 -32768 -32768 -32768 -32768 -32768 -32768
93 95 97 95 95 100 97 97 93 91 95 91 96 97 98 99 100 100 98 98 101 105 109 114 119 125 131 134 136 136 133 -32768 -32768 -32768 -32768 -32768 -32768 -32768 -32768 -32768 -32768 -32768 -32768 -32768 -32768 -32768 -32768 -32768 -32768 -32768 -32768 -32768 -32768 -32768 -32768 -32768 -32768 -32768 -32768 -32768 -32768 -32768 -32768 -32768 -32768 -32768 -32768 -32768 -32768 -32768 -32768 -32768 -32768 -32768 -32768 -32768 -32768 -32768 -32768
93 93 95 94 96 99 96 95 89 87 86 93 94 98 100 101 101 102 99 102 103 108 111 116 123 127 133 136 137 -32768 -32768 -32768 -32768 -32768 -32768 -32768 -32768 -32768 -32768 -32768 -32768 -32768 -32768 -32768 -32768 -32768 -32768 -32768 -32768 -32768 -32768 -32768 -32768 -32768 -32768 -32768 -32768 -32768 -32768 -32768 -32768 -32768 -32768 -32768 -32768 -32768 -32768 -32768 -32768 -32768 -32768 -32768 -32768 -32768 -32768 -32768 -32768 -32768 -32768
90 92 96 95 96 97 93 90 87 87 85 90 93 97 100 101 100 100 100 102 104 112 117 120 128 134 137 138 -32768 -32768 -32768 -32768 -32768 -32768 -32768 -32768 -32768 -32768 -32768 -32768 -32768 -32768 -32768 -32768 -32768 -32768 -32768 -32768 -32768 -32768 -32768 -32768 -32768 -32768 -32768 -32768 -32768 -32768 -32768 -32768 -32768 -32768 -32768 -32768 -32768 -32768 -32768 -32768 -32768 -32768 -32768 -32768 -32768 -32768 -32768 -32768 -32768 -32768 -32768
90 88 93 93 96 99 96 92 91 88 88 97 92 96 99 100 101 100 101 102 106 114 121 130 134 138 138 -32768 -32768 -32768 -32768 -32768 -32768 -32768 -32768 -32768 -32768 -32768 -32768 -32768 -32768 -32768 -32768 -32768 -32768 -32768 -32768 -32768 -32768 -32768 -32768 -32768 -32768 -32768 -32768 -32768 -32768 -32768 -32768 -32768 -32768 -32768 -32768 -32768 -32768 -32768 -32768 -32768 -32768 -32768 -32768 -32768 -32768 -32768 -32768 -32768 -32768 -32768 -32768
91 90 88 88 93 96 94 91 89 90 91 88 90 94 96 100 104 106 104 104 113 121 128 132 138 140 -32768 -32768 -32768 -32768 -32768 -32768 -32768 -32768 -32768 -32768 -32768 -32768 -32768 -32768 -32768 -32768 -32768 -32768 -32768 -32768 -32768 -32768 -32768 -32768 -32768 -32768 -32768 -32768 -32768 -32768 -32768 -32768 -32768 -32768 -32768 -32768 -32768 -32768 -32768 -32768 -32768 -32768 -32768 -32768 -32768 -32768 -32768 -32768 -32768 -32768 -32768 -32768 -32768
