Part_1_SDMs/env_data/present_climate/bioclim_12.asc
NCOLS 888 
NROWS 876 
XLLCORNER -19 
YLLCORNER -35 
CELLSIZE 0.0833333333333333 
NODATA_value -32768 
[rows 374 to 407 of 876, columns 154 to 230 of 888]
1306 1302 1295 1294 1289 1280 1264 1238 1204 1167 1131 1107 1084 1085 1076 1085 1093 1102 1110 1109 1106 1108 1109 1118 1141 1157 1176 1192 1208 1224 1248 1264 1282 1288 1291 1293 1300 1311 1311 1303 1305 1305 1299 1282 1282 1299 1316 1330 1382 1379 1352 1361 1381 1402 1415 1417 1425 1431 1436 1444 1455 1463 1443 1407 1374 1357 1356 1363 1371 1368 1372 1367 1358 1347 1343 1336 1345
1311 1300 1289 1284 1281 1273 1261 1239 1205 1168 1135 1106 1090 1083 1079 1091 1105 1121 1123 1124 1121 1127 1131 1139 1159 1183 1200 1222 1235 1257 1276 1293 1312 1314 1319 1322 1332 1339 1342 1335 1335 1353 1341 1327 1324 1331 1346 1385 1414 1367 1366 1383 1398 1426 1444 1460 1475 1480 1481 1487 1497 1504 1495 1480 1448 1472 1432 1430 1403 1378 1371 1359 1367 1346 1331 1339 1329
1314 1298 1288 1282 1275 1271 1265 1253 1220 1182 1150 1123 1084 1080 1085 1100 1116 1132 1138 1141 1143 1151 1167 1191 1204 1210 1229 1250 1262 1279 1298 1324 1336 1346 1347 1352 1361 1373 1376 1374 1380 1400 1388 1378 1371 1371 1393 1427 1390 1381 1395 1407 1418 1441 1463 1500 1530 1532 1520 1516 1535 1539 1523 1504 1559 1568 1551 1527 1507 1437 1392 1366 1353 1331 1312 1299 1309
1322 1309 1297 1291 1286 1280 1270 1261 1238 1209 1175 1155 1123 1097 1099 1117 1124 1141 1149 1153 1163 1174 1197 1217 1228 1241 1258 1274 1296 1309 1326 1346 1363 1368 1379 1390 1402 1407 1404 1441 1432 1432 1430 1427 1418 1409 1412 1413 1407 1394 1413 1432 1419 1439 1464 1519 1572 1566 1561 1557 1564 1567 1559 1557 1577 1585 1596 1581 1563 1543 1497 1400 1350 1319 1295 1295 1335
1334 1321 1315 1309 1300 1294 1286 1273 1258 1236 1202 1181 1147 1125 1124 1133 1139 1146 1156 1165 1179 1193 1215 1233 1245 1268 1289 1307 1325 1339 1353 1370 1390 1398 1412 1425 1435 1442 1439 1481 1467 1463 1469 1470 1456 1468 1451 1437 1427 1412 1423 1425 1419 1437 1447 1503 1572 1588 1591 1593 1588 1590 1591 1602 1622 1598 1585 1590 1585 1561 1532 1490 1402 1313 1283 1282 1268
1349 1341 1331 1326 1320 1315 1306 1296 1292 1270 1231 1201 1180 1157 1148 1173 1156 1160 1169 1180 1194 1212 1229 1250 1269 1290 1312 1327 1351 1370 1383 1395 1417 1427 1440 1456 1464 1475 1478 1495 1501 1505 1508 1521 1498 1508 1465 1445 1447 1424 1427 1422 1421 1429 1449 1497 1576 1604 1608 1613 1612 1610 1619 1630 1628 1616 1601 1592 1584 1568 1537 1497 1426 1304 1300 1251 1211
1367 1358 1353 1344 1333 1333 1322 1316 1312 1293 1266 1235 1207 1187 1171 1169 1173 1178 1188 1197 1216 1234 1253 1273 1291 1313 1331 1357 1380 1399 1421 1432 1442 1460 1479 1488 1497 1503 1511 1520 1526 1548 1548 1536 1522 1528 1488 1461 1461 1439 1435 1430 1430 1435 1466 1517 1583 1611 1629 1621 1617 1615 1632 1642 1633 1631 1637 1640 1597 1574 1542 1496 1389 1291 1258 1228 1173
1385 1381 1374 1358 1350 1347 1339 1331 1323 1317 1300 1272 1244 1212 1202 1197 1197 1204 1215 1227 1249 1264 1281 1301 1320 1347 1363 1389 1412 1424 1448 1465 1474 1496 1509 1518 1532 1539 1545 1551 1563 1596 1556 1538 1540 1509 1486 1456 1450 1445 1447 1445 1445 1450 1475 1528 1569 1623 1643 1622 1615 1622 1641 1644 1640 1650 1659 1655 1611 1567 1526 1466 1342 1317 1253 1154 1131
1401 1403 1389 1371 1361 1352 1348 1348 1347 1344 1337 1317 1282 1255 1235 1232 1226 1230 1240 1262 1278 1298 1316 1329 1353 1376 1391 1415 1441 1453 1474 1498 1509 1521 1542 1554 1567 1576 1587 1591 1600 1609 1573 1565 1558 1507 1487 1462 1456 1455 1458 1471 1467 1484 1496 1526 1563 1612 1622 1610 1609 1624 1636 1640 1648 1661 1670 1644 1581 1514 1448 1407 1278 1281 1141 1107 1077
1413 1410 1398 1387 1369 1356 1364 1377 1382 1377 1370 1349 1320 1294 1275 1266 1255 1258 1274 1295 1313 1330 1352 1367 1388 1410 1428 1450 1470 1483 1502 1526 1543 1559 1576 1588 1603 1621 1629 1635 1637 1642 1604 1586 1556 1517 1498 1467 1461 1469 1469 1483 1500 1515 1522 1533 1564 1584 1603 1593 1600 1600 1615 1631 1646 1655 1658 1599 1532 1446 1348 1318 1245 1209 1093 1060 1034
1424 1414 1407 1394 1381 1365 1379 1401 1411 1413 1409 1389 1358 1329 1310 1288 1275 1291 1314 1329 1347 1369 1391 1407 1433 1450 1465 1477 1497 1508 1529 1552 1573 1592 1613 1629 1645 1662 1666 1670 1667 1664 1641 1599 1569 1545 1520 1483 1462 1467 1482 1505 1523 1532 1530 1542 1554 1558 1574 1576 1577 1576 1589 1626 1640 1641 1606 1511 1425 1320 1242 1236 1240 1152 1029 1010 978
1431 1422 1418 1416 1401 1402 1424 1425 1427 1448 1459 1424 1388 1361 1334 1314 1306 1325 1352 1367 1389 1410 1434 1456 1480 1492 1504 1508 1519 1539 1557 1583 1601 1628 1649 1663 1684 1699 1707 1704 1687 1677 1655 1629 1594 1568 1550 1501 1463 1462 1498 1512 1555 1548 1546 1540 1542 1550 1555 1566 1582 1581 1601 1627 1630 1594 1512 1462 1354 1225 1174 1212 1130 976 961 942 925
1439 1436 1436 1431 1437 1460 1475 1455 1438 1464 1488 1447 1406 1378 1365 1348 1349 1366 1389 1416 1439 1460 1482 1510 1534 1540 1539 1542 1551 1564 1577 1611 1629 1656 1683 1701 1724 1747 1754 1746 1720 1700 1681 1657 1632 1613 1582 1527 1479 1478 1510 1561 1562 1565 1549 1541 1545 1550 1554 1562 1570 1602 1624 1616 1584 1528 1437 1344 1228 1142 1103 1098 964 907 882 874 869
1449 1445 1447 1449 1461 1475 1485 1473 1461 1472 1468 1441 1413 1394 1389 1385 1391 1411 1436 1465 1491 1511 1534 1568 1593 1597 1582 1576 1581 1584 1600 1632 1658 1691 1719 1739 1766 1783 1795 1787 1765 1743 1723 1696 1674 1653 1620 1579 1545 1550 1545 1589 1585 1582 1550 1540 1537 1533 1537 1554 1560 1554 1574 1536 1503 1445 1340 1263 1143 1040 989 945 874 840 825 832 839
1456 1459 1462 1470 1475 1484 1489 1486 1475 1461 1445 1423 1412 1408 1412 1422 1435 1460 1487 1514 1537 1561 1583 1613 1644 1644 1615 1605 1600 1600 1623 1652 1695 1727 1755 1779 1798 1820 1825 1819 1801 1786 1772 1736 1716 1692 1669 1634 1616 1612 1623 1621 1623 1596 1558 1531 1516 1505 1503 1494 1500 1481 1468 1464 1424 1355 1238 1186 1063 971 917 855 813 783 781 -32768 -32768
1456 1470 1476 1490 1498 1498 1498 1498 1481 1457 1425 1407 1416 1429 1446 1462 1484 1508 1535 1563 1585 1611 1631 1654 1676 1677 1656 1633 1635 1622 1645 1702 1740 1767 1799 1823 1834 1851 1864 1859 1846 1828 1811 1786 1771 1752 1721 1692 1672 1690 1695 1672 1638 1607 1554 1517 1497 1486 1465 1433 1425 1416 1391 1389 1353 1254 1146 1087 993 928 861 812 785 -32768 -32768 -32768 -32768
1474 1481 1490 1505 1516 1517 1516 1513 1492 1495 1456 1427 1446 1467 1491 1511 1529 1557 1582 1612 1643 1661 1674 1692 1712 1726 1714 1711 1701 1688 1706 1749 1787 1815 1847 1859 1878 1900 1902 1895 1889 1874 1856 1835 1819 1793 1761 1741 1703 1707 1713 1687 1647 1602 1542 1503 1475 1457 1429 1385 1345 1331 1334 1311 1296 1197 1057 1011 952 910 -32768 -32768 -32768 -32768 -32768 -32768 -32768
1478 1484 1499 1522 1531 1539 1542 1540 1528 1511 1495 1488 1500 1520 1542 1563 1586 1609 1634 1667 1692 1711 1719 1732 1744 1765 1790 1799 1789 1772 1782 1814 1854 1881 1904 1920 1931 1952 1949 1944 1932 1921 1902 1883 1861 1828 1793 1752 1696 1685 1699 1684 1643 1590 1520 1477 1455 1423 1363 1322 1280 1250 1275 1251 1230 1146 1040 985 951 -32768 -32768 -32768 -32768 -32768 -32768 -32768 -32768
1491 1501 1517 1537 1550 1568 1579 1576 1572 1561 1552 1553 1567 1588 1606 1627 1643 1660 1683 1702 1731 1749 1753 1762 1769 1790 1838 1877 1862 1853 1860 1885 1919 1950 1981 1988 1996 2005 2007 1993 1980 1976 1959 1935 1898 1857 1806 1725 1645 1625 1675 1668 1631 1587 1503 1445 1409 1351 1285 1244 1209 1174 1184 1185 1178 1127 1059 -32768 -32768 -32768 -32768 -32768 -32768 -32768 -32768 -32768 -32768
1500 1517 1536 1558 1581 1602 1621 1623 1621 1614 1614 1619 1636 1656 1674 1683 1693 1707 1719 1736 1752 1766 1780 1787 1797 1820 1874 1905 1906 1908 1919 1940 1967 2004 2035 2046 2052 2053 2051 2045 2036 2018 2006 1982 1943 1890 1826 1733 1641 1598 1645 1655 1618 1559 1472 1409 1356 1287 1229 1179 1141 1123 1127 1139 1142 -32768 -32768 -32768 -32768 -32768 -32768 -32768 -32768 -32768 -32768 -32768 -32768
1511 1531 1551 1581 1609 1639 1666 1672 1664 1659 1658 1668 1684 1709 1721 1723 1728 1733 -32768 -32768 -32768 -32768 -32768 -32768 -32768 -32768 -32768 -32768 -32768 -32768 -32768 1971 1999 2032 2058 2073 2079 2085 2088 2089 2086 2071 2048 2022 1990 1934 1861 1773 1695 1669 1640 1628 1578 1510 1431 1375 1305 1240 1186 1152 1120 -32768 -32768 -32768 -32768 -32768 -32768 -32768 -32768 -32768 -32768 -32768 -32768 -32768 -32768 -32768 -32768
1519 1546 1572 1601 1627 1660 1686 1696 -32768 -32768 -32768 -32768 -32768 -32768 -32768 -32768 -32768 -32768 -32768 -32768 -32768 -32768 -32768 -32768 -32768 -32768 -32768 -32768 -32768 -32768 -32768 -32768 -32768 -32768 -32768 -32768 -32768 2107 2114 2124 2127 2111 2087 2063 2037 1991 1924 1820 1740 1680 1606 1576 1539 1480 1398 1337 1280 1230 -32768 -32768 -32768 -32768 -32768 -32768 -32768 -32768 -32768 -32768 -32768 -32768 -32768 -32768 -32768 -32768 -32768 -32768 -32768
1529 1553 1576 -32768 -32768 -32768 -32768 -32768 -32768 -32768 -32768 -32768 -32768 -32768 -32768 -32768 -32768 -32768 -32768 -32768 -32768 -32768 -32768 -32768 -32768 -32768 -32768 -32768 -32768 -32768 -32768 -32768 -32768 -32768 -32768 -32768 -32768 -32768 -32768 -32768 -32768 -32768 2101 2089 2071 2048 1994 1874 1756 1647 1568 1500 1444 1414 1376 -32768 -32768 -32768 -32768 -32768 -32768 -32768 -32768 -32768 -32768 -32768 -32768 -32768 -32768 -32768 -32768 -32768 -32768 -32768 -32768 -32768 -32768
1524 -32768 -32768 -32768 -32768 -32768 -32768 -32768 -32768 -32768 -32768 -32768 -32768 -32768 -32768 -32768 -32768 -32768 -32768 -32768 -32768 -32768 -32768 -32768 -32768 -32768 -32768 -32768 -32768 -32768 -32768 -32768 -32768 -32768 -32768 -32768 -32768 -32768 -32768 -32768 -32768 -32768 -32768 -32768 -32768 -32768 2003 1919 1771 1661 1538 1450 1374 1348 -32768 -32768 -32768 -32768 -32768 -32768 -32768 -32768 -32768 -32768 -32768 -32768 -32768 -32768 -32768 -32768 -32768 -32768 -32768 -32768 -32768 -32768 -32768
-32768 -32768 -32768 -32768 -32768 -32768 -32768 -32768 -32768 -32768 -32768 -32768 -32768 -32768 -32768 -32768 -32768 -32768 -32768 -32768 -32768 -32768 -32768 -32768 -32768 -32768 -32768 -32768 -32768 -32768 -32768 -32768 -32768 -32768 -32768 -32768 -32768 -32768 -32768 -32768 -32768 -32768 -32768 -32768 -32768 -32768 -32768 1872 1766 1660 1546 1462 -32768 -32768 -32768 -32768 -32768 -32768 -32768 -32768 -32768 -32768 -32768 -32768 -32768 -32768 -32768 -32768 -32768 -32768 -32768 -32768 -32768 -32768 -32768 -32768 -32768
-32768 -32768 -32768 -32768 -32768 -32768 -32768 -32768 -32768 -32768 -32768 -32768 -32768 -32768 -32768 -32768 -32768 -32768 -32768 -32768 -32768 -32768 -32768 -32768 -32768 -32768 -32768 -32768 -32768 -32768 -32768 -32768 -32768 -32768 -32768 -32768 -32768 -32768 -32768 -32768 -32768 -32768 -32768 -32768 -32768 -32768 -32768 -32768 1715 1683 -32768 -32768 -32768 -32768 -32768 -32768 -32768 -32768 -32768 -32768 -32768 -32768 -32768 -32768 -32768 -32768 -32768 -32768 -32768 -32768 -32768 -32768 -32768 -32768 -32768 -32768 -32768
-32768 -32768 -32768 -32768 -32768 -32768 -32768 -32768 -32768 -32768 -32768 -32768 -32768 -32768 -32768 -32768 -32768 -32768 -32768 -32768 -32768 -32768 -32768 -32768 -32768 -32768 -32768 -32768 -32768 -32768 -32768 -32768 -32768 -32768 -32768 -32768 -32768 -32768 -32768 -32768 -32768 -32768 -32768 -32768 -32768 -32768 -32768 -32768 -32768 -32768 -32768 -32768 -32768 -32768 -32768 -32768 -32768 -32768 -32768 -32768 -32768 -32768 -32768 -32768 -32768 -32768 -32768 -32768 -32768 -32768 -32768 -32768 -32768 -32768 -32768 -32768 -32768
-32768 -32768 -32768 -32768 -32768 -32768 -32768 -32768 -32768 -32768 -32768 -32768 -32768 -32768 -32768 -32768 -32768 -32768 -32768 -32768 -32768 -32768 -32768 -32768 -32768 -32768 -32768 -32768 -32768 -32768 -32768 -32768 -32768 -32768 -32768 -32768 -32768 -32768 -32768 -32768 -32768 -32768 -32768 -32768 -32768 -32768 -32768 -32768 -32768 -32768 -32768 -32768 -32768 -32768 -32768 -32768 -32768 -32768 -32768 -32768 -32768 -32768 -32768 -32768 -32768 -32768 -32768 -32768 -32768 -32768 -32768 -32768 -32768 -32768 -32768 -32768 -32768
-32768 -32768 -32768 -32768 -32768 -32768 -32768 -32768 -32768 -32768 -32768 -32768 -32768 -32768 -32768 -32768 -32768 -32768 -32768 -32768 -32768 -32768 -32768 -32768 -32768 -32768 -32768 -32768 -32768 -32768 -32768 -32768 -32768 -32768 -32768 -32768 -32768 -32768 -32768 -32768 -32768 -32768 -32768 -32768 -32768 -32768 -32768 -32768 -32768 -32768 -32768 -32768 -32768 -32768 -32768 -32768 -32768 -32768 -32768 -32768 -32768 -32768 -32768 -32768 -32768 -32768 -32768 -32768 -32768 -32768 -32768 -32768 -32768 -32768 -32768 -32768 -32768
-32768 -32768 -32768 -32768 -32768 -32768 -32768 -32768 -32768 -32768 -32768 -32768 -32768 -32768 -32768 -32768 -32768 -32768 -32768 -32768 -32768 -32768 -32768 -32768 -32768 -32768 -32768 -32768 -32768 -32768 -32768 -32768 -32768 -32768 -32768 -32768 -32768 -32768 -32768 -32768 -32768 -32768 -32768 -32768 -32768 -32768 -32768 -32768 -32768 -32768 -32768 -32768 -32768 -32768 -32768 -32768 -32768 -32768 -32768 -32768 -32768 -32768 -32768 -32768 -32768 -32768 -32768 -32768 -32768 -32768 -32768 -32768 -32768 -32768 -32768 -32768 -32768
-32768 -32768 -32768 -32768 -32768 -32768 -32768 -32768 -32768 -32768 -32768 -32768 -32768 -32768 -32768 -32768 -32768 -32768 -32768 -32768 -32768 -32768 -32768 -32768 -32768 -32768 -32768 -32768 -32768 -32768 -32768 -32768 -32768 -32768 -32768 -32768 -32768 -32768 -32768 -32768 -32768 -32768 -32768 -32768 -32768 -32768 -32768 -32768 -32768 -32768 -32768 -32768 -32768 -32768 -32768 -32768 -32768 -32768 -32768 -32768 -32768 -32768 -32768 -32768 -32768 -32768 -32768 -32768 -32768 -32768 -32768 -32768 -32768 -32768 -32768 -32768 -32768
-32768 -32768 -32768 -32768 -32768 -32768 -32768 -32768 -32768 -32768 -32768 -32768 -32768 -32768 -32768 -32768 -32768 -32768 -32768 -32768 -32768 -32768 -32768 -32768 -32768 -32768 -32768 -32768 -32768 -32768 -32768 -32768 -32768 -32768 -32768 -32768 -32768 -32768 -32768 -32768 -32768 -32768 -32768 -32768 -32768 -32768 -32768 -32768 -32768 -32768 -32768 -32768 -32768 -32768 -32768 -32768 -32768 -32768 -32768 -32768 -32768 -32768 -32768 -32768 -32768 -32768 -32768 -32768 -32768 -32768 -32768 -32768 -32768 -32768 -32768 -32768 -32768
-32768 -32768 -32768 -32768 -32768 -32768 -32768 -32768 -32768 -32768 -32768 -32768 -32768 -32768 -32768 -32768 -32768 -32768 -32768 -32768 -32768 -32768 -32768 -32768 -32768 -32768 -32768 -32768 -32768 -32768 -32768 -32768 -32768 -32768 -32768 -32768 -32768 -32768 -32768 -32768 -32768 -32768 -32768 -32768 -32768 -32768 -32768 -32768 -32768 -32768 -32768 -32768 -32768 -32768 -32768 -32768 -32768 -32768 -32768 -32768 -32768 -32768 -32768 -32768 -32768 -32768 -32768 -32768 -32768 -32768 -32768 -32768 -32768 -32768 -32768 -32768 -32768
-32768 -32768 -32768 -32768 -32768 -32768 -32768 -32768 -32768 -32768 -32768 -32768 -32768 -32768 -32768 -32768 -32768 -32768 -32768 -32768 -32768 -32768 -32768 -32768 -32768 -32768 -32768 -32768 -32768 -32768 -32768 -32768 -32768 -32768 -32768 -32768 -32768 -32768 -32768 -32768 -32768 -32768 -32768 -32768 -32768 -32768 -32768 -32768 -32768 -32768 -32768 -32768 -32768 -32768 -32768 -32768 -32768 -32768 -32768 -32768 -32768 -32768 -32768 -32768 -32768 -32768 -32768 -32768 -32768 -32768 -32768 -32768 -32768 -32768 -32768 -32768 -32768
