Part_1_SDMs/env_data/present_climate/bioclim_11.asc
NCOLS 888 
NROWS 876 
XLLCORNER -19 
YLLCORNER -35 
CELLSIZE 0.0833333333333333 
NODATA_value -32768 
[rows 210 to 244 of 876, columns 316 to 394 of 888]
186 186 184 182 181 181 182 181 180 178 176 176 175 175 173 170 171 169 169 170 172 172 173 174 175 175 177 177 178 178 179 179 180 180 180 181 181 181 181 180 180 180 179 179 179 179 178 178 177 177 177 177 176 176 176 175 175 173 173 173 172 172 171 171 170 170 170 169 168 167 167 168 169 169 169 168 168 169 170
187 186 184 182 183 181 181 180 179 179 178 176 174 175 169 168 168 165 168 169 167 171 172 174 175 175 176 177 178 178 179 179 180 180 181 181 181 181 180 180 180 180 180 180 179 179 179 179 179 178 178 177 177 177 176 175 175 174 173 173 173 172 172 172 172 171 171 170 169 168 168 167 168 169 169 168 168 169 171
187 186 184 184 184 182 181 182 179 179 178 176 174 173 169 165 164 165 168 169 169 170 172 173 175 176 176 178 178 179 179 179 181 180 181 181 182 181 182 181 181 181 180 180 181 180 180 180 179 178 178 177 177 176 176 175 175 174 174 174 173 173 173 172 172 172 172 172 169 167 167 167 168 169 169 169 169 169 172
186 187 186 186 184 184 184 182 181 179 177 174 173 172 158 149 159 163 165 167 169 171 173 174 175 176 177 178 178 179 179 180 180 181 181 182 182 182 182 182 182 182 182 181 181 180 180 179 179 178 178 178 177 178 177 176 176 175 175 175 174 174 174 174 173 173 173 172 168 168 169 169 171 172 171 171 169 170 171
188 189 186 185 186 185 182 179 180 179 175 169 171 168 157 146 155 161 165 168 170 172 173 174 175 176 177 178 178 179 180 180 181 181 182 182 182 182 182 183 182 182 182 181 181 181 180 180 180 179 179 179 178 178 178 177 177 176 175 175 174 174 174 174 174 173 172 172 169 169 171 171 171 172 173 172 172 171 171
189 189 187 186 187 186 183 181 181 179 174 169 166 164 152 145 156 161 165 168 171 172 173 174 175 176 177 178 179 179 180 181 181 182 182 182 182 182 182 183 183 182 182 182 182 182 181 181 180 180 180 179 179 179 178 177 177 176 176 175 175 175 175 174 173 173 171 170 170 169 170 172 172 172 173 172 172 172 171
190 190 190 189 188 187 180 181 183 180 176 169 170 162 155 144 154 162 166 168 170 172 173 175 176 177 178 179 180 180 181 181 181 182 182 182 182 182 183 183 183 183 183 183 183 182 182 181 181 181 180 180 179 178 178 177 177 177 177 176 176 176 176 175 175 174 171 169 170 169 170 171 172 172 173 173 172 172 172
193 191 191 190 188 186 182 184 183 180 178 177 175 173 168 156 158 164 167 169 171 172 174 175 176 177 178 179 180 180 181 181 181 182 182 182 183 183 183 183 184 184 184 183 183 183 182 182 182 181 180 180 180 179 178 179 178 178 177 177 176 176 176 175 174 174 173 170 170 171 170 171 172 173 173 173 173 172 172
194 193 191 189 189 188 185 186 182 177 181 180 179 176 173 169 159 164 166 169 172 173 174 175 176 177 178 179 180 180 181 181 182 183 183 183 184 184 184 184 184 184 184 184 183 183 183 183 182 182 181 181 180 180 179 179 178 178 178 177 177 177 177 176 175 174 173 172 171 172 172 172 173 173 174 173 173 173 173
194 193 192 191 190 189 186 186 185 184 183 182 180 176 173 172 167 168 169 171 173 175 175 175 177 178 179 180 180 181 181 182 183 183 184 184 184 184 184 184 184 185 184 185 184 184 184 183 182 182 182 181 181 181 180 180 179 178 178 178 178 177 177 177 177 175 173 172 172 172 173 172 173 174 174 174 174 174 174
194 192 193 193 191 188 189 187 187 186 183 181 179 177 175 173 169 169 172 174 175 177 176 176 177 178 179 180 180 181 182 183 183 184 184 184 184 185 185 185 185 185 185 185 185 184 184 184 183 183 182 182 182 181 180 180 179 178 178 178 178 177 177 176 177 176 175 172 173 173 174 173 174 174 174 174 174 175 175
194 193 193 193 192 189 190 188 188 187 184 181 179 178 175 175 171 168 172 175 176 178 178 178 178 179 179 180 181 182 183 183 184 184 184 185 185 185 185 185 185 185 185 186 185 185 185 184 184 183 183 182 181 181 180 180 179 179 178 179 179 178 178 177 177 176 176 172 172 172 173 174 175 175 175 175 175 175 175
196 196 195 193 192 192 188 189 187 183 184 181 180 179 177 174 171 170 171 174 176 178 179 180 179 179 180 181 182 182 182 184 184 185 185 185 185 186 186 186 186 186 186 186 186 186 185 185 184 183 183 182 182 181 182 181 181 180 179 179 179 178 178 177 177 178 177 172 173 172 173 174 175 175 176 176 176 176 176
198 197 195 193 193 192 190 189 184 185 185 184 182 181 179 176 172 170 174 175 177 179 180 181 181 181 181 181 182 183 183 184 184 185 185 186 186 186 186 187 187 187 187 186 186 186 186 185 184 184 183 183 182 183 182 182 181 180 180 179 179 179 178 177 178 178 178 174 173 173 173 174 175 176 176 176 176 176 176
198 197 196 194 194 193 192 188 186 188 186 185 183 181 175 165 151 156 169 177 179 173 176 180 182 183 182 182 183 183 184 184 185 185 186 186 187 187 187 187 187 187 187 187 187 186 185 185 185 185 185 184 184 183 183 182 181 180 180 180 180 179 178 177 178 178 179 175 173 173 173 174 175 177 177 176 177 177 177
199 198 197 195 193 194 190 190 190 189 187 184 184 179 169 150 141 140 138 171 179 176 177 179 181 183 184 184 184 184 184 185 186 186 187 187 187 188 188 188 188 188 188 187 187 186 186 186 186 186 185 185 183 183 183 182 182 181 180 180 180 179 178 177 177 178 179 175 173 173 174 175 176 176 177 177 177 177 178
200 199 198 196 194 194 192 189 191 188 188 188 186 181 156 143 137 139 146 172 176 176 177 177 181 183 184 183 185 185 185 186 186 187 187 188 188 188 188 188 188 188 187 188 187 187 187 187 187 186 186 185 183 183 183 183 182 182 182 181 180 179 178 178 178 178 179 175 173 173 174 176 176 177 177 177 177 177 178
201 200 199 197 196 196 195 191 190 189 187 187 186 184 169 133 131 139 153 173 166 152 170 177 182 179 181 184 186 186 186 187 187 188 188 188 189 189 189 189 189 188 188 188 188 188 188 188 187 186 186 185 184 183 183 183 183 182 182 181 180 179 179 179 178 178 180 176 174 173 174 176 177 177 177 177 177 177 177
201 201 201 198 196 196 193 193 191 190 189 188 185 183 175 155 156 155 140 157 148 144 161 180 180 173 178 184 187 188 188 188 188 188 189 189 189 189 189 188 189 189 189 189 189 189 188 188 187 187 186 186 185 184 184 183 183 182 182 181 180 179 179 178 178 178 180 174 174 175 175 176 177 177 177 177 177 177 177
203 202 202 199 198 196 194 194 193 191 191 189 185 183 182 174 154 159 159 166 155 151 167 178 168 164 173 182 187 188 189 189 189 189 189 189 189 189 189 189 189 189 189 189 190 189 189 188 188 187 186 186 186 185 184 184 183 182 182 181 180 180 179 179 178 179 181 174 174 175 176 177 177 177 178 178 178 178 178
203 203 202 200 201 197 194 192 192 191 189 188 179 180 179 173 160 168 168 169 167 174 178 176 164 164 168 180 187 188 189 189 189 190 190 190 190 188 189 190 190 190 191 190 190 189 189 188 188 187 187 187 187 185 184 183 183 182 182 181 181 181 180 180 179 179 181 175 174 176 177 177 177 177 178 178 178 178 178
204 204 203 202 201 198 195 194 194 193 177 171 178 182 181 177 176 168 173 171 170 176 176 168 163 164 170 175 184 189 190 190 191 191 191 190 189 187 190 191 191 191 191 191 191 190 189 189 188 188 188 187 187 186 185 184 183 183 182 182 181 181 181 180 179 179 182 179 178 177 177 178 178 178 178 178 178 178 178
204 204 203 202 201 199 197 196 195 193 189 189 189 187 184 181 169 172 175 173 172 171 170 165 166 165 164 167 180 188 190 191 191 192 192 192 192 190 191 191 191 192 192 191 190 190 189 189 189 189 188 187 187 186 185 184 184 183 183 182 182 182 181 180 180 179 179 180 179 177 177 179 179 178 178 179 179 179 179
203 204 203 202 201 199 196 196 195 193 191 190 188 187 186 183 180 177 176 175 171 165 172 178 173 171 167 169 179 188 190 191 192 192 192 193 192 192 192 193 193 192 192 191 191 190 190 190 189 189 188 188 187 186 185 185 184 184 183 183 182 182 181 181 180 179 179 180 179 178 178 179 179 179 179 179 180 180 180
204 203 203 202 201 200 196 195 193 193 192 190 190 188 187 184 180 174 160 172 172 169 176 182 180 178 173 171 179 189 190 193 193 193 193 193 193 193 193 193 193 193 193 192 191 191 190 190 190 189 189 188 187 187 186 185 185 184 184 184 183 183 182 181 180 180 180 181 179 178 179 180 180 180 180 180 180 181 181
204 203 202 203 202 200 197 196 195 194 193 191 189 187 184 182 179 172 159 167 170 169 177 181 185 185 178 174 177 189 191 193 194 194 194 194 193 193 194 194 194 193 192 192 192 191 191 191 191 190 190 189 188 187 187 186 185 185 185 184 184 183 182 182 181 181 182 181 182 179 180 180 180 180 181 181 181 182 182
206 205 203 203 202 201 198 197 195 195 192 184 188 182 178 177 176 173 169 169 171 171 175 180 183 188 185 183 187 191 193 194 194 194 194 194 194 195 195 194 194 193 193 192 192 192 192 192 191 191 191 188 188 188 187 187 186 186 186 185 184 184 183 183 182 183 182 182 182 182 181 181 181 181 182 182 182 182 183
208 207 205 202 203 202 199 196 195 194 193 191 190 184 180 176 153 167 165 173 176 177 181 184 184 189 189 190 191 193 194 194 194 195 195 195 195 195 195 195 195 194 193 193 193 193 193 192 192 192 191 190 188 188 188 187 187 187 186 186 186 185 184 184 183 183 183 183 183 183 183 182 182 182 183 182 183 183 183
208 207 206 204 203 202 200 197 198 197 196 194 192 185 185 181 153 162 160 173 179 181 183 186 185 187 191 192 193 193 194 195 195 195 195 195 196 196 196 195 195 194 194 194 194 193 193 193 193 192 192 191 189 189 189 188 188 188 187 187 187 186 185 185 184 184 184 183 183 184 184 183 183 183 184 183 184 183 184
208 207 206 204 203 203 201 197 197 196 195 192 185 187 184 181 176 161 155 169 175 181 185 187 188 189 189 194 194 195 195 196 195 195 196 196 196 196 196 195 195 195 194 195 194 194 194 194 193 192 192 192 191 190 190 189 189 189 188 188 187 187 186 186 185 185 185 184 184 185 185 184 184 184 184 184 184 184 185
209 208 208 206 204 205 202 200 198 197 195 189 175 184 183 178 170 167 167 170 174 179 183 187 190 191 192 194 195 195 195 195 195 196 196 196 196 197 197 196 195 195 195 195 195 195 194 194 194 193 193 193 192 191 191 190 190 190 189 189 188 188 187 187 186 186 186 186 185 186 185 185 185 185 185 185 185 185 185
210 209 208 207 205 205 203 200 199 198 194 184 180 179 176 173 151 147 170 172 176 178 181 186 189 191 193 194 194 195 195 196 196 196 197 197 197 197 197 196 196 196 196 196 196 196 195 195 195 194 193 193 193 192 192 191 191 190 190 189 189 189 188 188 187 187 187 187 186 186 186 186 186 186 186 186 185 186 186
210 210 209 208 206 204 203 201 200 198 195 191 179 175 165 160 137 139 167 177 178 179 180 182 185 189 191 193 195 195 196 196 197 197 197 197 198 197 197 197 197 196 196 197 196 196 196 196 195 195 194 194 194 193 193 192 191 191 190 190 190 189 189 189 188 188 188 188 187 187 187 187 187 187 187 186 187 187 187
211 211 210 209 207 205 205 203 201 199 195 191 183 171 163 156 143 148 177 180 181 182 182 185 186 185 187 191 194 196 197 197 198 198 198 198 198 198 198 197 198 197 198 198 197 197 197 196 196 196 195 195 195 194 194 193 192 192 191 191 191 190 190 190 189 189 189 189 188 188 188 188 188 188 187 187 188 188 188
211 211 210 209 208 207 206 204 200 197 194 190 188 182 176 173 151 165 182 182 184 185 185 188 190 191 191 191 194 197 197 198 198 199 199 199 199 199 199 199 198 198 198 198 198 198 198 197 197 196 196 196 195 195 194 194 193 193 192 192 191 191 191 190 190 190 189 189 189 189 189 189 189 188 188 188 189 189 189
