Part_1_SDMs/env_data/present_climate/bioclim_9.asc
NCOLS 888 
NROWS 876 
XLLCORNER -19 
YLLCORNER -35 
CELLSIZE 0.0833333333333333 
NODATA_value -32768 
[rows 560 to 594 of 876, columns 553 to 631 of 888]
187 194 194 196 197 195 194 197 202 206 209 209 209 212 211 208 207 199 199 208 215 216 216 217 216 208 207 208 214 219 222 222 223 219 218 218 220 220 216 215 219 224 225 219 194 196 228 228 227 217 189 181 180 175 171 175 174 177 188 190 189 190 198 218 217 208 203 203 202 205 205 218 217 212 211 196 173 156 195
184 191 191 194 194 193 197 202 205 206 200 196 198 209 208 209 202 199 208 214 214 215 216 216 212 207 204 209 213 219 220 220 220 218 218 218 217 214 215 217 218 209 207 198 190 189 196 223 220 206 186 180 177 177 173 175 180 181 186 192 195 194 195 205 219 216 202 195 191 189 183 187 209 187 164 155 148 150 196
183 184 191 195 196 201 203 204 205 200 192 190 197 205 206 205 205 207 213 214 214 214 215 215 208 206 208 211 214 219 219 219 220 219 217 217 215 214 213 207 200 197 197 191 189 191 191 189 193 192 179 176 174 174 177 179 183 184 184 188 194 197 198 195 211 225 209 194 187 184 179 174 181 201 176 150 142 147 172
178 182 194 198 205 207 207 205 199 193 188 185 202 205 205 205 208 212 213 213 214 214 214 213 209 209 211 210 217 218 216 214 214 214 214 212 210 210 210 205 198 192 191 190 190 195 194 185 177 178 172 172 170 177 179 181 182 180 184 182 189 197 199 196 200 216 213 203 190 183 177 175 173 183 188 167 151 148 146
184 196 201 206 209 209 203 191 188 187 184 184 200 203 206 207 212 212 212 212 213 213 213 212 212 211 212 214 215 213 211 211 211 211 209 208 206 203 208 204 197 191 191 197 197 199 193 188 176 175 172 171 171 176 177 180 180 181 182 181 184 194 199 198 193 201 221 207 196 186 178 173 165 168 161 151 155 154 145
197 203 205 208 209 197 186 182 182 182 182 183 196 207 210 211 211 212 212 212 212 211 209 209 212 213 213 211 207 209 210 208 204 203 204 202 200 198 204 204 200 198 199 200 200 198 192 186 174 170 173 174 173 173 174 178 182 186 187 188 193 197 200 200 196 196 207 207 199 189 179 172 161 152 148 152 158 174 145
202 205 206 208 203 185 178 177 178 180 183 189 199 209 210 211 211 210 211 212 211 207 206 207 209 211 209 207 205 206 205 203 199 195 196 193 192 195 201 200 201 198 198 193 197 196 191 177 171 168 174 175 170 172 174 181 185 188 191 195 199 201 203 203 202 197 197 201 200 190 183 171 164 153 149 151 161 204 195
203 206 208 208 198 183 179 177 175 177 180 186 199 207 208 209 209 210 210 211 209 207 205 205 208 207 207 206 204 203 201 195 192 189 188 189 187 190 195 194 193 189 192 190 193 194 188 175 171 171 175 175 173 173 177 180 184 188 192 195 199 202 205 206 211 207 196 192 200 202 199 191 173 166 162 149 163 212 206
205 206 207 207 196 185 178 177 176 178 177 184 200 206 208 209 209 209 210 210 208 206 200 200 203 204 205 205 203 202 198 191 190 189 189 189 188 186 187 185 182 181 181 184 186 181 185 173 171 171 173 175 175 174 178 182 182 185 189 194 199 201 204 213 213 211 206 200 191 188 185 197 184 185 181 156 152 207 219
206 205 206 201 183 184 177 175 177 182 186 184 197 205 207 207 208 208 209 209 208 207 199 197 192 196 201 199 196 196 194 192 189 189 188 187 189 189 186 184 183 183 181 177 180 179 182 180 174 170 169 171 175 177 179 183 182 184 190 194 198 201 203 213 213 211 208 198 204 199 180 189 195 195 191 177 162 201 228
205 204 205 201 182 182 177 174 178 180 186 187 188 201 206 206 206 207 207 208 207 206 197 192 190 191 196 199 198 196 196 196 193 193 191 189 190 189 186 184 182 183 180 175 176 179 183 175 173 172 172 170 177 180 182 184 181 182 189 204 207 200 201 203 212 211 208 197 204 201 196 191 194 195 194 212 202 215 224
203 203 203 202 186 180 176 171 176 174 183 194 192 201 204 205 205 206 206 206 205 204 196 192 189 191 194 196 197 197 196 195 194 191 191 189 186 184 182 180 177 177 176 177 179 179 177 171 173 173 173 175 177 181 182 185 186 185 189 204 207 208 209 210 211 210 208 207 205 202 199 197 192 190 195 207 203 211 231
202 202 202 201 187 178 176 171 172 173 180 195 198 201 203 204 204 205 205 205 205 201 194 191 189 193 195 196 196 195 195 195 193 189 187 183 180 183 178 178 177 175 174 174 175 175 175 173 173 170 171 175 178 180 182 184 186 189 191 193 206 207 208 209 209 208 207 206 204 191 189 201 199 197 196 210 174 205 219
200 201 201 197 181 178 172 170 168 174 181 193 197 200 201 202 203 203 204 204 202 200 192 191 190 193 195 195 194 193 192 189 185 185 181 178 178 176 175 173 172 172 173 174 173 175 175 173 172 172 173 174 177 179 182 184 186 189 190 192 194 195 196 196 194 196 195 194 191 190 205 206 204 201 197 194 210 218 221
198 199 200 200 198 192 181 172 168 172 185 191 196 199 200 201 201 202 203 203 201 197 191 190 188 190 193 194 193 191 185 181 179 181 182 181 178 175 174 174 173 176 175 175 176 175 174 173 171 170 172 174 175 176 180 182 185 187 189 191 192 193 192 190 190 205 205 203 193 206 207 210 209 204 197 187 188 217 220
197 198 199 198 194 184 192 172 166 170 180 192 196 196 197 199 200 201 201 201 198 193 188 186 190 192 192 192 189 186 182 179 178 180 178 178 176 175 173 175 177 178 178 176 176 175 174 172 171 170 171 172 174 176 179 182 184 186 188 189 190 201 188 189 191 192 192 188 203 208 209 211 209 201 178 165 183 185 217
195 196 197 197 189 177 178 167 165 171 176 191 192 194 196 198 198 199 200 198 195 189 186 184 189 191 190 188 184 181 180 179 178 176 177 177 178 177 178 180 180 180 180 180 178 176 174 175 170 169 167 171 174 177 179 180 182 182 199 201 201 185 187 184 184 188 188 184 181 209 213 215 212 190 170 173 174 181 175
195 195 196 196 188 175 170 164 162 167 177 188 192 193 195 195 197 197 197 194 193 187 182 184 188 189 188 183 184 183 178 176 177 177 179 180 180 181 180 179 179 180 180 181 181 180 179 177 174 170 166 169 170 174 174 176 177 180 185 200 187 187 185 177 175 179 182 183 202 214 215 218 214 186 184 171 162 177 168
193 194 194 195 192 185 171 165 161 163 175 183 191 190 193 195 196 196 196 193 188 184 182 185 187 186 186 185 183 178 177 176 177 179 176 179 181 182 181 178 177 178 179 179 179 181 181 177 175 172 168 168 170 173 174 178 180 183 185 186 186 186 184 178 178 176 177 188 213 216 218 219 212 188 179 174 166 174 173
192 193 193 193 191 175 170 167 161 161 167 173 188 189 192 192 193 194 195 194 185 180 182 185 185 183 183 181 178 179 177 177 181 181 181 180 180 181 182 180 180 177 178 175 176 178 181 179 178 176 175 175 175 176 179 180 182 183 184 185 185 184 184 180 182 179 182 194 213 217 220 219 210 179 174 179 178 179 185
190 190 191 192 192 176 165 163 161 160 165 171 187 190 190 190 190 192 194 192 183 177 182 184 183 180 181 178 181 178 178 180 181 182 181 181 181 180 181 182 181 180 181 179 177 178 180 180 179 178 177 177 177 178 180 181 182 183 183 197 196 196 197 196 181 176 183 212 216 218 220 217 208 169 173 180 183 180 181
187 188 186 190 191 182 165 160 160 159 161 176 186 188 186 186 189 190 192 188 182 176 181 182 180 178 179 179 181 182 182 181 181 182 182 181 181 182 181 181 181 180 180 181 179 179 179 180 179 178 178 178 178 179 180 181 181 182 196 197 196 194 194 193 177 183 188 217 219 220 219 217 209 163 182 185 188 179 173
182 185 184 187 189 188 172 161 158 158 166 181 185 185 185 184 187 188 189 185 179 176 180 179 177 176 179 179 180 182 182 182 182 182 181 181 182 181 181 182 181 181 181 181 181 180 179 179 180 179 178 178 179 179 180 179 179 182 196 193 191 192 193 177 178 177 186 217 220 221 220 217 208 176 190 190 189 178 173
180 182 184 186 186 187 179 162 161 160 171 177 180 181 182 182 183 184 184 183 177 176 178 178 176 176 177 178 177 181 182 183 183 182 181 180 181 182 181 181 182 181 181 182 180 179 179 179 180 178 178 179 179 179 178 177 179 177 176 191 190 191 192 178 180 181 192 216 220 221 217 214 208 186 181 193 191 179 157
175 178 182 184 184 182 180 178 173 170 173 174 176 179 180 180 180 182 181 181 176 176 175 176 176 176 176 176 179 181 182 182 182 182 181 180 181 181 181 181 181 181 179 181 179 179 178 179 179 179 179 178 178 176 176 177 174 172 175 173 174 193 193 181 183 188 195 216 220 220 216 212 213 189 184 195 176 180 152
176 176 175 176 178 179 176 173 179 173 170 171 176 178 179 179 179 180 179 176 171 172 171 171 173 173 173 175 178 180 180 180 182 182 181 181 182 181 181 181 181 181 180 180 179 179 178 178 178 178 177 176 175 172 172 170 170 172 171 173 176 180 177 183 182 185 195 202 220 220 214 211 214 211 183 182 177 183 161
175 174 174 174 172 171 175 174 178 178 171 166 173 176 176 176 177 178 175 172 168 166 166 168 170 171 173 176 177 178 178 179 181 181 182 181 181 179 179 179 179 180 179 179 179 179 178 178 177 177 175 173 172 168 168 166 167 169 169 171 173 178 182 182 184 189 196 202 219 220 217 214 215 206 176 179 178 180 173
174 173 174 173 170 171 174 177 176 176 174 170 174 176 175 176 176 176 173 169 165 165 165 166 167 169 171 174 176 176 178 179 180 180 180 181 180 180 179 179 179 180 179 179 178 178 178 178 177 175 171 169 168 168 168 163 164 166 169 168 174 176 177 178 178 187 196 200 218 219 218 218 215 180 178 179 178 169 170
173 173 173 173 170 172 175 174 173 175 174 172 173 175 175 175 175 174 170 166 162 163 164 165 167 168 171 174 175 176 178 179 179 179 180 180 179 179 180 179 179 179 179 178 178 178 177 176 175 175 173 170 170 167 163 163 161 164 164 168 173 174 172 175 180 188 194 199 203 219 218 217 214 180 179 179 178 172 173
171 169 171 170 170 170 170 171 172 174 173 172 172 174 173 173 174 172 168 164 162 163 164 165 167 169 170 173 175 176 177 178 179 179 179 179 179 179 179 179 179 178 178 178 178 176 175 174 172 172 172 172 169 164 163 161 157 159 161 167 175 173 173 178 187 192 195 199 202 218 217 215 213 187 183 180 178 175 189
168 167 168 168 169 169 170 171 172 173 173 171 172 172 171 171 172 171 167 165 163 162 163 165 167 168 170 172 175 176 177 178 178 178 178 178 178 179 178 178 178 178 178 177 176 175 174 173 171 169 168 167 162 161 162 161 160 161 163 171 180 183 178 184 192 194 197 199 201 218 216 214 212 191 184 178 177 175 186
166 166 165 166 167 169 170 171 171 172 172 171 171 170 170 170 172 169 164 162 162 161 162 163 166 168 169 171 174 176 177 177 177 178 177 178 178 178 178 178 177 177 177 177 175 174 172 171 170 169 168 165 163 160 160 162 158 163 166 170 174 182 180 189 196 196 198 200 216 217 215 213 210 186 180 176 176 172 182
165 164 164 165 168 170 170 172 171 170 171 171 171 171 169 170 170 166 162 160 159 160 161 162 165 169 171 172 173 175 176 176 176 177 177 177 177 177 177 177 177 176 176 176 175 174 172 170 169 168 168 166 160 157 158 159 159 165 166 171 173 184 185 189 195 198 199 200 216 216 214 212 191 183 177 177 174 170 177
163 162 164 165 167 170 170 171 171 171 170 170 171 171 170 171 168 164 161 158 158 158 160 162 166 169 172 172 172 173 175 175 176 176 176 176 176 176 176 177 176 176 176 175 174 172 170 169 168 167 168 165 160 154 154 157 158 164 167 168 177 185 191 197 197 198 200 215 216 215 213 209 184 180 176 190 172 168 175
162 161 164 166 168 170 170 170 171 171 171 171 171 169 169 171 168 165 161 158 157 157 160 163 168 170 170 171 171 171 173 174 174 175 175 175 176 176 176 176 176 175 175 174 172 172 170 167 166 166 166 164 161 155 151 155 161 165 169 172 179 183 191 197 199 200 215 216 216 214 211 187 181 178 177 189 185 167 174
