Part_1_SDMs/env_data/present_climate/bioclim_10.asc
NCOLS 888 
NROWS 876 
XLLCORNER -19 
YLLCORNER -35 
CELLSIZE 0.0833333333333333 
NODATA_value -32768 
[rows 105 to 139 of 876, columns 316 to 394 of 888]
336 336 336 335 334 334 332 332 332 332 331 330 329 329 330 330 329 327 325 321 319 317 316 314 313 312 310 309 307 305 304 302 301 299 298 297 296 294 293 292 290 289 288 288 287 287 286 286 286 285 285 285 285 285 285 285 285 284 285 285 285 285 285 285 284 285 285 285 285 285 285 285 285 285 284 284 284 284 284
336 336 336 335 333 333 333 333 332 331 330 329 329 329 330 329 329 327 326 323 320 316 315 313 312 312 310 309 307 305 304 302 301 300 299 298 296 295 294 293 292 290 289 289 289 288 287 287 286 286 286 286 285 286 286 286 286 286 286 286 286 285 285 286 285 285 285 286 286 286 286 286 286 285 285 284 284 284 285
336 335 336 334 334 335 335 333 332 331 329 328 330 331 330 327 327 328 326 322 319 316 314 312 311 310 309 307 306 305 303 302 301 300 299 298 296 296 294 294 292 292 292 291 289 288 288 287 287 287 287 287 287 286 287 287 286 286 286 286 287 287 287 286 286 286 287 286 286 287 287 287 286 286 285 285 285 285 286
336 335 336 336 335 335 335 334 333 330 328 327 329 330 327 326 325 325 325 321 317 315 314 312 311 310 308 307 305 304 303 302 301 300 299 298 297 296 295 294 293 293 293 292 291 290 289 288 289 289 288 288 287 287 287 287 287 287 287 287 287 287 287 287 286 287 287 287 287 287 287 287 287 287 286 285 285 284 286
336 336 335 334 333 335 334 333 331 330 329 327 327 326 325 324 323 322 322 320 317 315 312 311 310 309 308 306 305 304 303 302 301 301 300 299 298 296 296 295 295 295 293 292 291 292 291 290 291 290 289 288 288 288 287 287 288 288 288 289 289 288 288 288 288 288 288 288 288 288 288 287 288 287 287 286 286 285 286
334 334 333 334 335 334 332 331 330 329 328 327 326 325 323 323 322 320 319 318 319 316 313 311 310 308 307 306 305 304 303 302 301 301 300 299 298 298 296 296 297 296 294 293 293 292 293 293 293 290 290 289 289 288 288 288 289 291 292 292 291 291 291 290 290 290 290 289 289 289 289 289 288 288 287 286 286 286 287
334 333 333 334 332 332 331 329 328 328 326 325 324 323 323 323 323 321 320 318 317 315 313 311 311 309 308 307 306 304 303 303 302 301 301 300 299 299 299 299 298 298 298 296 295 296 297 297 297 297 295 290 289 291 293 293 293 294 294 293 292 292 292 292 292 291 291 291 291 290 290 290 290 289 289 288 287 288 288
334 333 332 332 331 331 332 328 327 326 326 325 325 324 323 323 322 322 321 318 317 315 312 311 310 308 307 306 306 305 304 302 302 302 302 301 300 302 301 300 299 299 299 298 298 297 298 298 298 299 299 298 297 298 297 297 297 297 295 294 292 292 293 293 293 293 292 293 293 292 292 291 291 290 289 288 288 288 288
333 332 330 329 328 328 330 329 328 327 326 325 325 326 326 325 325 325 325 319 316 313 312 311 310 308 307 308 305 304 305 305 305 305 304 303 303 302 301 301 301 301 301 300 300 299 299 299 299 300 301 301 301 300 300 300 301 301 298 295 300 301 299 298 294 294 294 294 294 293 294 293 293 292 292 290 289 288 285
333 332 330 329 329 330 328 327 327 327 328 328 329 327 326 326 326 326 325 324 321 319 318 318 316 314 314 312 311 311 309 307 306 306 305 304 303 304 303 303 302 302 302 301 301 300 299 299 299 300 301 302 302 302 304 304 305 305 304 304 304 305 306 306 302 297 296 295 295 294 294 295 295 295 294 293 292 290 284
331 331 331 330 329 330 331 333 333 332 331 330 329 328 327 327 325 325 325 324 321 320 319 318 316 315 314 312 312 310 309 308 308 307 307 306 306 306 305 305 304 304 303 301 301 301 301 301 300 301 301 302 302 303 303 305 305 305 306 306 306 306 306 307 305 302 299 297 295 295 296 297 297 297 296 295 293 291 287
334 334 335 335 335 334 334 333 332 331 331 330 329 328 328 328 327 326 326 324 322 320 319 317 315 314 313 312 311 311 311 310 309 310 310 309 308 307 307 306 306 305 304 303 303 303 302 301 301 302 302 302 302 303 303 303 304 304 304 304 304 305 305 306 303 300 300 298 296 295 296 297 298 298 298 296 294 291 286
334 334 334 333 333 333 332 332 332 331 331 330 330 329 329 328 328 325 325 323 321 319 319 317 316 315 313 313 313 314 314 313 311 311 311 309 309 309 308 307 307 307 306 305 305 304 303 303 303 302 302 303 303 304 304 303 303 303 304 304 304 305 305 305 301 301 300 298 297 296 297 298 298 298 298 296 293 290 285
333 333 333 333 333 333 332 332 332 332 331 331 331 330 330 329 329 326 325 325 323 321 320 318 317 316 315 315 315 315 315 314 314 313 312 311 310 309 309 309 308 308 307 307 306 305 305 304 304 303 303 304 304 304 304 304 304 305 305 305 305 305 305 304 304 303 302 299 299 299 299 299 299 299 298 297 294 291 286
334 334 334 333 333 333 333 333 332 332 332 331 332 331 331 330 330 328 327 326 325 323 322 321 320 319 318 318 317 316 316 316 316 316 315 314 311 311 311 310 309 309 309 308 308 307 307 306 306 306 305 305 304 304 305 305 306 306 306 306 306 305 306 304 306 303 302 300 300 300 300 300 299 299 298 297 296 294 291
334 334 334 334 334 334 334 333 333 333 333 333 333 331 330 330 329 328 327 326 324 323 321 320 320 319 318 318 318 318 317 316 316 316 316 316 315 313 312 310 311 311 311 310 309 309 308 308 307 307 306 306 306 306 306 305 306 306 306 306 306 307 308 305 304 303 302 301 301 301 301 301 300 300 299 300 299 297 294
335 335 335 335 335 336 336 335 335 334 333 333 334 334 333 331 330 328 327 326 327 326 325 321 320 321 321 320 321 320 320 318 318 318 317 317 316 316 313 315 314 312 312 311 312 310 310 309 308 308 308 308 308 307 307 307 307 307 307 307 307 308 309 307 304 304 302 303 303 302 303 302 301 301 300 301 300 298 297
336 336 336 335 336 336 335 335 334 335 335 334 334 334 334 332 329 328 328 329 329 330 329 328 327 326 326 324 323 321 321 321 320 319 319 319 318 318 317 316 314 314 313 313 312 311 311 310 310 310 309 309 309 309 308 308 308 308 308 308 308 308 310 310 306 305 305 303 304 304 304 302 302 302 302 303 303 301 300
337 336 337 337 337 337 337 336 336 336 336 336 335 335 334 333 331 330 330 330 330 330 329 329 329 327 326 325 323 322 321 322 321 321 321 319 318 318 318 317 316 314 314 314 314 313 312 312 312 311 311 311 311 310 310 309 309 309 309 309 309 310 311 311 309 308 307 305 305 306 306 304 304 304 304 304 304 303 302
337 337 337 337 337 337 337 337 337 336 336 336 336 336 335 333 331 331 331 331 331 329 329 328 327 327 325 325 324 324 323 322 322 322 322 322 321 320 319 317 316 316 316 316 315 315 313 313 313 313 312 312 311 311 310 310 311 310 310 310 310 311 311 312 311 310 310 309 307 307 307 306 307 306 306 306 307 306 305
338 337 338 338 338 338 338 338 338 338 337 337 337 337 336 334 331 331 331 331 330 330 330 329 328 327 327 325 324 324 324 324 324 324 324 324 323 321 319 319 318 317 316 315 315 315 315 314 314 313 313 312 312 311 311 311 311 311 311 311 311 312 312 312 312 312 312 311 310 310 310 310 310 310 311 311 309 308 308
338 338 339 339 338 339 338 338 339 339 338 337 337 337 336 336 333 331 330 330 331 331 330 330 330 330 329 327 325 325 325 325 325 326 324 324 323 321 320 319 318 318 317 317 318 316 315 315 314 314 313 313 313 312 312 312 311 312 312 312 312 312 312 312 313 313 313 314 314 313 313 313 313 312 313 313 313 313 313
339 339 339 339 340 339 340 340 340 340 339 338 338 338 337 336 336 335 332 331 330 330 331 331 331 331 329 328 326 326 325 326 326 325 324 323 323 322 321 321 320 319 319 319 318 316 315 314 314 314 314 314 313 313 313 312 312 312 312 312 312 312 312 312 312 312 312 312 313 313 314 314 315 314 314 314 314 315 315
339 340 340 340 340 340 340 340 340 340 340 339 338 338 337 337 336 335 335 333 331 330 330 330 330 329 328 328 328 327 326 327 327 326 325 325 324 322 322 321 320 319 320 320 319 317 315 315 314 314 314 314 313 313 314 313 313 313 313 313 313 312 312 312 312 312 312 312 312 312 313 313 313 313 313 313 312 312 312
340 340 340 340 341 341 341 341 340 340 340 340 339 339 338 338 337 336 335 335 334 334 333 332 331 329 329 328 327 327 326 327 328 327 327 325 323 322 322 321 321 321 321 320 319 318 317 315 315 315 315 315 315 314 314 313 313 313 313 312 313 313 313 312 312 312 312 312 312 312 312 312 312 312 312 312 312 312 312
340 340 340 341 341 341 342 341 341 341 341 341 341 340 339 338 338 337 336 335 335 334 333 332 331 330 329 328 327 327 326 327 328 328 328 326 324 323 322 321 320 320 320 319 319 318 316 316 316 315 315 315 315 314 314 314 314 313 313 313 313 313 313 313 313 313 312 312 312 312 312 312 312 312 312 312 312 312 311
340 341 339 340 340 341 341 342 342 342 342 341 341 341 340 340 339 338 337 336 335 335 335 334 332 330 328 328 328 327 326 327 327 327 327 326 324 323 323 322 321 321 321 319 318 318 316 315 315 316 316 315 315 315 315 314 314 314 314 313 313 313 312 312 313 313 312 312 312 313 312 312 312 312 312 312 311 311 310
339 339 338 338 339 340 341 341 342 342 342 342 341 341 340 339 339 339 338 337 336 335 334 332 330 329 328 328 327 326 326 326 326 325 325 326 325 322 322 322 321 321 321 319 318 318 317 317 317 316 317 316 316 315 315 315 314 313 314 313 313 313 312 312 311 311 312 312 312 312 312 312 312 312 312 311 311 310 310
339 339 340 337 338 339 340 340 341 341 342 342 343 342 341 340 339 339 338 337 337 335 334 334 333 331 330 327 325 324 326 326 326 325 325 325 325 321 321 321 321 321 321 321 319 318 318 317 317 317 317 316 316 315 315 315 314 314 314 314 314 314 313 313 312 312 312 312 312 312 312 312 312 312 311 311 311 310 310
341 338 340 339 339 340 340 339 340 340 341 342 342 342 342 341 340 339 339 338 336 335 335 334 332 332 330 330 329 327 327 326 326 326 326 326 326 323 323 322 321 321 321 321 319 318 319 319 318 317 316 316 316 316 316 315 315 315 315 314 314 314 314 314 313 313 313 313 312 312 312 312 312 312 312 311 311 311 311
343 341 340 339 338 339 340 340 339 339 340 341 341 341 341 340 340 339 338 338 336 336 335 334 333 332 331 330 330 330 329 326 327 327 327 327 326 325 323 322 321 322 322 322 320 319 319 318 317 317 316 316 316 316 316 316 316 315 315 315 315 315 315 315 315 315 314 313 313 312 312 312 312 312 311 311 312 312 311
343 341 342 343 342 341 341 341 342 341 340 341 341 341 341 341 340 339 338 337 336 335 335 334 333 332 332 332 331 329 329 327 326 327 327 326 326 325 323 322 322 323 322 321 320 319 318 318 318 317 316 316 317 317 317 316 316 317 317 317 317 317 317 317 316 316 316 315 314 314 313 313 313 312 313 312 310 310 310
343 335 336 340 344 343 343 343 342 343 343 343 343 343 342 341 340 339 338 336 336 335 335 334 332 332 333 331 330 330 330 329 327 325 326 325 324 324 323 322 322 323 323 322 320 319 319 319 318 318 317 317 317 317 317 318 318 318 318 318 318 318 317 314 315 314 315 316 316 313 313 313 314 311 311 311 311 311 311
343 329 331 331 340 342 342 343 344 343 342 342 342 343 342 341 340 340 338 336 336 335 333 332 331 331 332 330 328 328 329 328 328 327 326 325 325 324 323 323 322 322 323 322 320 319 318 318 318 318 318 318 318 319 319 318 319 319 318 318 318 312 308 307 307 310 311 310 311 310 311 312 312 313 313 313 313 313 312
342 330 324 322 331 335 337 339 342 342 340 339 340 340 338 337 335 337 335 335 334 332 329 329 327 330 331 329 328 328 328 328 326 327 327 326 325 324 323 323 323 323 324 322 321 320 319 319 319 319 320 320 320 320 320 320 319 318 310 307 306 307 307 309 309 310 310 311 312 313 313 314 314 314 314 314 314 313 313
