Part_1_SDMs/env_data/present_climate/bioclim_17.asc
NCOLS 888 
NROWS 876 
XLLCORNER -19 
YLLCORNER -35 
CELLSIZE 0.0833333333333333 
NODATA_value -32768 
[rows 350 to 384 of 876, columns 560 to 639 of 888]
0 0 0 0 0 0 0 0 0 0 0 0 0 0 0 0 0 0 0 0 0 0 0 0 0 0 0 0 0 0 0 0 0 0 0 0 0 0 0 0 0 0 0 0 0 0 0 0 0 0 0 0 0 0 0 0 0 1 1 1 1 2 2 2 2 3 3 3 3 3 3 4 4 4 6 6 6 7 7 9
0 0 0 0 0 0 0 0 0 0 0 0 0 0 0 0 0 0 0 0 0 0 0 0 0 0 0 0 0 0 0 0 0 0 0 0 0 0 0 0 0 0 0 0 0 0 0 0 0 0 0 0 0 0 0 0 1 1 1 1 2 2 2 3 3 3 3 3 3 3 4 4 5 6 6 6 7 7 8 9
0 0 0 0 0 0 0 0 0 0 0 0 0 0 0 1 0 0 0 0 0 0 0 0 0 0 0 0 0 0 0 0 0 0 0 0 0 0 0 0 0 0 0 0 0 0 0 0 0 0 0 0 0 0 1 1 1 1 1 2 2 2 3 3 3 3 3 3 4 4 5 6 6 6 6 6 7 8 9 10
0 0 0 0 0 0 0 0 0 0 0 0 1 1 1 1 1 1 0 0 0 0 0 0 0 0 0 0 0 0 0 0 0 0 0 0 0 0 0 0 0 0 0 0 0 0 0 0 0 0 0 0 1 1 1 1 1 1 2 2 2 3 3 3 3 3 3 5 5 6 6 6 6 6 6 7 8 8 9 11
0 0 0 0 0 0 1 1 1 1 2 2 2 2 1 1 1 1 1 0 0 0 0 0 0 0 0 0 0 0 0 0 0 0 0 0 0 0 0 0 0 0 0 0 0 0 0 0 0 0 1 1 1 1 1 1 2 2 2 2 3 3 3 3 3 4 5 6 6 6 6 6 6 7 7 8 8 8 10 12
1 1 1 1 1 1 1 1 1 2 2 2 2 2 2 2 2 2 1 0 0 0 0 0 0 0 0 0 0 0 0 0 0 0 0 0 0 0 0 0 0 0 0 0 0 0 0 0 1 1 1 1 1 1 1 2 2 2 3 4 4 4 4 4 5 6 6 6 6 6 8 8 8 8 8 8 9 9 10 11
1 1 1 1 1 1 1 2 2 2 2 2 2 2 2 2 2 2 1 0 0 0 0 0 0 0 0 0 0 0 0 0 0 0 0 0 0 0 0 0 0 0 0 0 0 0 1 1 1 1 1 2 2 2 3 3 3 3 4 4 4 4 4 5 6 6 6 6 7 8 8 9 9 10 10 10 9 10 11 12
1 1 1 1 1 2 2 2 2 2 2 2 2 2 2 2 2 2 2 1 0 0 0 0 0 0 0 0 0 0 0 0 0 0 0 0 0 0 0 0 0 0 0 0 1 1 1 1 2 2 2 2 3 3 3 3 4 4 4 4 4 4 5 6 6 6 7 7 9 9 9 10 11 10 10 11 10 11 11 12
2 1 1 2 2 2 2 2 2 2 2 2 2 2 2 2 2 2 2 2 0 0 0 0 0 0 0 0 0 0 0 0 0 0 0 0 0 0 0 0 0 0 1 1 1 1 2 2 2 2 2 3 3 3 3 4 4 4 4 4 5 5 6 6 7 8 8 9 9 10 11 11 12 13 13 12 13 12 13 15
2 3 3 3 3 3 3 2 2 2 2 2 2 2 2 2 2 2 2 2 1 0 0 0 0 0 0 0 0 0 0 0 0 0 0 0 0 0 0 0 1 1 1 1 2 2 2 2 2 2 3 3 3 3 4 4 4 4 4 5 5 6 7 8 8 8 9 10 10 12 13 13 14 15 14 15 15 16 17 19
3 3 3 3 3 3 3 3 3 2 2 2 2 2 2 2 2 2 2 2 1 1 0 0 0 0 0 0 0 0 0 0 0 0 0 0 0 0 1 1 1 1 2 2 2 2 2 2 2 3 3 3 4 4 4 4 4 4 6 7 7 7 8 8 8 10 10 11 13 13 13 15 16 17 18 18 18 20 21 23
4 4 4 4 4 3 3 3 3 3 3 2 2 2 2 2 2 2 2 2 1 1 1 1 0 0 0 0 0 0 0 0 0 0 0 0 1 1 1 1 1 2 2 2 2 2 2 2 3 3 3 4 4 4 4 4 5 6 7 7 7 8 8 9 10 11 11 12 13 15 16 17 17 18 19 20 21 22 26 28
4 4 4 4 4 4 4 3 3 3 3 3 2 2 2 2 2 2 2 2 1 1 1 1 1 1 1 1 0 0 0 0 1 1 1 1 1 1 1 1 2 2 2 2 2 2 2 3 3 3 4 4 4 4 5 5 7 7 7 7 8 9 9 10 11 12 12 14 15 15 17 18 19 21 22 23 24 27 31 34
4 5 5 5 4 4 4 4 3 3 3 3 3 3 2 2 2 2 2 1 1 1 1 1 1 1 1 1 1 1 1 1 1 1 1 1 1 1 2 2 2 2 2 2 2 2 3 3 4 4 4 4 5 5 5 7 7 7 7 9 9 9 11 11 13 13 15 15 16 18 19 20 21 22 23 26 27 30 33 37
5 5 5 5 5 4 4 4 4 3 3 3 3 3 3 2 2 2 2 1 1 1 1 1 1 1 1 1 1 1 1 1 1 1 1 1 1 2 2 2 2 2 2 2 2 2 3 4 4 4 4 5 5 7 7 7 7 8 9 10 10 11 12 13 13 15 15 17 18 19 20 21 23 24 26 27 30 33 34 37
5 5 5 5 5 5 4 4 4 4 3 3 3 3 3 3 2 2 2 1 1 1 1 1 1 1 1 1 1 1 1 1 1 1 1 1 2 2 2 2 2 2 2 2 2 4 4 4 4 5 5 5 7 7 7 7 8 9 10 10 12 12 14 14 16 16 18 18 19 21 23 24 25 26 27 29 31 34 36 39
5 5 5 5 5 5 5 4 4 4 3 3 3 3 3 3 3 3 1 1 1 1 1 1 1 1 1 1 1 1 1 1 1 1 1 2 2 2 2 2 2 2 2 3 4 4 4 4 5 5 5 7 7 7 7 8 10 10 10 12 13 14 14 16 17 18 18 20 22 22 23 24 27 28 30 31 32 35 37 39
6 6 6 6 5 5 5 5 4 4 4 3 3 3 3 3 3 3 2 2 2 1 1 1 1 1 1 1 1 1 1 1 1 1 2 2 2 2 2 3 3 3 3 3 4 4 4 5 5 5 7 7 7 8 8 10 10 10 12 13 13 15 16 17 17 19 21 21 22 23 25 26 27 29 30 32 35 36 38 40
6 6 6 6 5 5 5 5 5 4 4 3 3 3 3 3 3 3 2 2 2 2 2 2 2 2 1 1 1 1 1 1 1 2 3 3 3 3 3 3 3 3 3 4 4 4 5 5 5 6 7 7 8 8 10 10 10 13 13 13 16 16 17 19 20 21 21 24 25 26 27 28 29 31 33 33 35 36 38 40
6 6 6 6 6 5 5 5 5 4 4 4 3 3 3 3 3 2 2 2 2 2 2 2 2 2 2 2 2 2 2 2 3 3 3 3 3 3 3 3 3 3 3 4 4 5 5 6 6 7 7 7 8 10 10 10 13 13 13 16 16 17 19 20 21 23 24 24 25 26 28 29 31 32 33 35 36 38 40 41
8 8 8 6 6 6 5 5 5 5 4 3 3 4 4 3 2 2 2 2 2 2 2 2 2 2 2 2 2 2 2 2 3 3 3 3 3 3 3 3 3 3 4 4 5 5 6 6 7 7 7 8 10 10 10 13 13 13 16 16 18 19 21 22 23 24 25 27 28 29 30 31 32 33 35 35 37 39 40 41
8 8 8 7 6 6 6 6 5 5 5 3 4 4 4 3 3 3 3 3 2 2 2 2 2 2 2 2 2 2 2 2 3 3 3 3 3 3 3 3 3 4 4 5 6 6 6 7 7 7 8 10 10 10 13 13 13 16 16 17 19 20 22 23 24 26 27 28 29 30 31 31 32 35 36 37 38 40 41 42
9 8 8 8 8 8 6 6 6 5 5 5 5 5 4 3 3 3 3 3 3 3 3 3 3 3 2 2 2 2 2 3 3 3 3 3 3 3 3 3 4 5 6 6 6 6 7 7 7 7 10 10 10 11 13 13 14 16 17 19 20 22 23 26 26 27 29 31 31 31 32 33 35 36 37 38 39 40 41 42
9 9 8 8 8 8 8 7 6 6 5 5 5 5 5 4 4 3 3 3 3 3 3 3 3 3 3 3 3 3 3 4 4 4 4 4 4 4 4 4 5 5 6 6 6 6 7 7 7 10 10 10 11 13 13 14 16 17 18 20 20 23 25 26 28 29 30 31 32 33 34 35 35 36 37 38 40 42 42 43
9 9 9 8 8 8 8 8 7 6 6 6 5 5 5 5 4 4 4 4 3 3 3 3 3 3 3 3 3 3 4 4 4 4 4 4 4 4 4 5 5 6 6 6 6 7 7 8 9 10 10 11 12 13 14 15 17 17 20 20 23 24 26 27 30 31 32 32 33 33 34 35 36 37 38 39 41 43 44 44
10 10 9 9 9 9 9 8 8 7 7 7 6 6 6 6 5 4 4 4 4 4 4 4 4 4 3 3 3 3 4 4 4 4 4 4 4 4 5 5 6 6 6 6 7 7 8 8 10 10 10 12 13 14 15 16 17 19 20 22 23 25 27 28 30 31 32 33 33 34 35 36 37 37 38 40 41 43 44 45
12 11 10 9 9 9 9 9 8 8 8 8 8 7 7 6 6 6 4 5 4 4 4 4 4 4 4 4 4 5 5 5 5 5 5 5 6 6 6 6 6 6 6 7 8 8 8 9 10 10 12 12 13 14 15 17 18 19 20 22 24 25 28 29 31 31 33 34 35 35 35 36 37 38 39 40 41 44 45 46
13 12 11 11 10 10 10 9 9 8 8 8 8 8 8 8 6 6 6 6 6 5 5 5 4 4 4 4 5 5 5 5 5 5 6 6 6 7 7 7 7 7 8 8 8 8 9 9 10 12 12 12 14 15 16 18 19 19 22 22 25 26 28 29 30 33 33 34 35 36 37 38 38 38 39 40 42 44 45 47
13 13 13 11 11 11 11 10 9 9 9 9 9 9 8 8 8 8 8 6 6 6 6 6 6 6 6 6 5 5 5 5 6 6 6 6 6 7 7 7 7 8 8 8 8 9 9 10 11 12 12 13 15 15 16 18 19 21 22 24 25 27 28 30 30 33 34 34 35 36 37 38 39 40 41 42 43 45 46 47
15 15 13 13 13 13 13 11 11 10 10 10 9 9 9 9 8 8 8 8 8 8 8 8 7 6 7 7 7 7 7 7 7 6 6 6 7 7 7 7 8 8 8 8 9 9 9 11 12 12 13 15 15 16 18 19 20 22 22 24 25 27 28 30 31 32 34 35 35 36 37 38 39 40 41 44 45 46 47 49
15 15 15 15 15 15 14 13 12 11 11 11 10 10 10 9 9 9 9 8 8 9 8 8 8 8 8 8 7 7 7 7 7 7 7 7 8 8 8 9 8 8 8 9 9 9 10 12 12 13 14 15 16 17 18 19 20 22 24 24 27 27 29 30 32 32 33 34 37 37 38 39 40 41 42 44 45 46 47 49
17 15 15 15 15 15 15 14 12 12 12 12 12 12 10 10 10 10 9 9 9 9 9 9 8 8 8 8 8 8 8 8 7 7 8 8 8 8 9 9 9 9 9 10 10 10 11 12 12 14 14 15 17 17 19 20 21 23 24 24 27 27 29 30 32 33 33 35 36 38 38 39 40 41 42 46 45 47 48 51
19 17 17 17 16 16 16 15 14 14 13 13 13 13 12 11 10 10 10 10 10 10 10 9 9 9 9 9 8 8 8 9 9 9 9 8 8 9 9 9 9 9 10 10 10 11 12 12 14 14 15 17 17 17 20 20 21 23 24 25 26 28 29 30 32 33 34 35 36 37 37 39 40 42 43 44 45 46 48 50
20 18 18 18 18 18 16 16 16 15 15 14 14 14 13 13 13 13 13 11 10 10 10 10 9 9 9 10 10 10 9 9 9 10 10 10 10 10 10 9 9 10 10 10 11 12 13 13 14 14 16 17 17 19 20 21 22 24 25 26 26 29 29 31 32 33 35 35 36 37 39 39 40 42 43 44 45 47 49 50
21 20 20 21 18 19 18 18 16 16 16 16 16 14 14 14 14 14 13 13 13 13 13 12 12 12 12 12 12 11 11 11 11 11 11 10 10 10 10 10 11 11 12 12 13 13 13 13 15 16 17 18 18 20 20 22 22 24 25 26 27 29 30 31 32 33 35 36 36 38 39 39 40 41 43 45 46 47 48 51
