Part_1_SDMs/env_data/present_climate/bioclim_1.asc
NCOLS 888 
NROWS 876 
XLLCORNER -19 
YLLCORNER -35 
CELLSIZE 0.0833333333333333 
NODATA_value -32768 
[rows 455 to 489 of 876, columns 316 to 394 of 888]
-32768 -32768 -32768 -32768 -32768 -32768 -32768 -32768 -32768 -32768 -32768 -32768 -32768 -32768 -32768 -32768 -32768 -32768 -32768 -32768 -32768 -32768 -32768 -32768 259 261 261 261 262 263 263 263 262 262 262 263 260 259 259 258 253 251 243 248 251 254 254 254 255 253 251 250 250 252 255 254 252 251 252 253 246 244 242 241 241 240 239 238 237 237 236 236 234 237 237 237 237 237 235
-32768 -32768 -32768 -32768 -32768 -32768 -32768 -32768 -32768 -32768 -32768 -32768 -32768 -32768 -32768 -32768 -32768 -32768 -32768 -32768 -32768 -32768 -32768 -32768 258 260 261 260 261 261 263 263 262 261 260 261 262 262 261 258 255 255 251 251 254 256 257 255 253 257 256 259 255 253 259 255 251 252 253 252 246 246 241 241 241 241 239 239 238 237 237 236 236 235 235 235 237 237 235
-32768 -32768 -32768 -32768 -32768 -32768 -32768 -32768 -32768 -32768 -32768 -32768 -32768 -32768 -32768 -32768 -32768 -32768 -32768 -32768 -32768 -32768 -32768 260 257 255 259 260 261 261 259 262 262 260 260 261 262 262 262 257 257 260 259 257 258 257 251 258 259 259 256 262 259 259 258 258 255 253 252 249 248 241 239 244 243 246 243 240 238 235 236 238 239 240 238 235 236 236 237
-32768 -32768 -32768 -32768 -32768 -32768 -32768 -32768 -32768 -32768 -32768 -32768 -32768 -32768 -32768 -32768 -32768 -32768 -32768 -32768 -32768 -32768 -32768 260 258 255 258 260 259 260 259 261 262 261 261 261 261 262 262 261 259 260 258 248 251 244 245 255 253 257 250 254 256 257 256 256 258 256 257 254 252 246 245 247 245 247 247 244 244 238 238 236 236 240 244 243 235 237 237
-32768 -32768 -32768 -32768 -32768 -32768 -32768 -32768 -32768 -32768 -32768 -32768 -32768 -32768 -32768 -32768 -32768 -32768 -32768 -32768 -32768 -32768 -32768 259 258 256 257 259 258 258 259 258 260 261 261 261 261 262 263 259 256 258 255 248 244 241 238 253 251 255 243 248 256 258 255 254 255 254 256 257 254 248 241 247 245 245 250 249 248 243 240 237 237 238 236 247 239 238 240
-32768 -32768 -32768 -32768 -32768 -32768 -32768 -32768 -32768 -32768 -32768 -32768 -32768 -32768 -32768 -32768 -32768 -32768 -32768 -32768 -32768 -32768 -32768 258 257 255 253 258 258 257 258 258 257 260 261 260 261 262 262 259 257 257 248 251 241 237 239 252 248 254 244 240 249 258 255 254 254 254 255 257 253 254 248 249 252 251 251 250 248 244 240 239 239 244 241 248 243 239 242
-32768 -32768 -32768 -32768 -32768 -32768 -32768 -32768 -32768 -32768 -32768 -32768 -32768 -32768 -32768 -32768 -32768 -32768 -32768 -32768 -32768 -32768 259 257 255 253 252 258 259 258 259 260 257 258 260 261 262 262 261 259 255 254 252 248 238 231 238 249 246 249 253 238 246 257 255 253 254 254 255 256 253 254 254 253 252 252 251 251 247 243 240 240 238 244 244 248 247 242 244
-32768 -32768 -32768 -32768 -32768 -32768 -32768 -32768 -32768 -32768 -32768 -32768 -32768 -32768 -32768 -32768 -32768 -32768 -32768 -32768 -32768 -32768 258 256 254 252 252 257 260 258 259 260 261 257 257 261 261 260 259 256 254 253 244 242 237 230 230 241 236 246 252 245 246 256 255 253 253 255 256 256 252 253 251 252 249 251 250 247 248 245 240 241 242 245 239 247 248 248 246
-32768 -32768 -32768 -32768 -32768 -32768 -32768 -32768 -32768 -32768 -32768 -32768 -32768 -32768 -32768 -32768 256 -32768 -32768 258 258 258 257 256 255 253 251 257 260 259 259 260 261 258 258 261 260 261 261 258 252 248 243 242 238 231 234 236 233 242 249 243 245 255 255 252 251 254 254 256 254 252 249 249 249 245 248 249 248 247 241 245 244 247 242 248 248 247 247
-32768 -32768 -32768 -32768 -32768 -32768 -32768 -32768 -32768 -32768 -32768 -32768 -32768 -32768 -32768 -32768 256 256 258 258 258 258 257 256 254 254 253 257 260 260 260 260 261 260 260 260 258 260 260 258 255 248 244 245 242 239 236 229 230 239 242 241 248 252 255 253 251 252 254 254 252 248 251 247 249 245 248 250 251 250 249 248 247 249 249 248 245 246 246
-32768 -32768 -32768 -32768 -32768 -32768 -32768 -32768 -32768 -32768 -32768 -32768 -32768 -32768 -32768 -32768 -32768 257 257 257 258 258 256 256 255 255 257 258 260 260 260 260 260 260 260 259 259 261 261 262 259 256 241 240 241 242 244 240 231 233 238 238 242 250 254 251 250 253 254 252 247 246 249 247 248 247 251 252 252 251 250 249 248 250 249 249 246 245 246
-32768 -32768 -32768 -32768 -32768 -32768 -32768 -32768 -32768 -32768 -32768 -32768 -32768 -32768 -32768 -32768 -32768 256 257 257 257 257 257 256 256 257 259 259 260 259 259 259 261 260 260 259 259 260 262 262 261 255 249 235 243 247 247 243 237 236 236 242 241 252 253 247 249 252 251 250 247 253 249 254 243 241 248 251 252 251 251 249 250 250 249 249 245 245 245
-32768 -32768 -32768 -32768 -32768 -32768 -32768 -32768 -32768 -32768 -32768 -32768 -32768 -32768 -32768 -32768 -32768 257 256 257 257 257 257 258 258 259 259 260 259 258 258 258 260 261 262 261 255 256 261 263 260 254 250 253 245 250 249 243 240 234 235 243 249 251 248 240 242 248 249 248 251 253 252 252 242 237 245 243 252 252 251 252 251 251 249 248 246 246 246
-32768 -32768 -32768 -32768 -32768 -32768 -32768 -32768 -32768 -32768 -32768 -32768 -32768 -32768 -32768 -32768 -32768 -32768 256 256 257 257 258 258 259 259 259 259 258 257 258 258 260 260 261 261 255 254 260 262 261 256 249 255 248 246 246 245 242 237 233 234 246 250 249 248 239 244 248 249 252 253 252 250 247 243 244 242 246 249 252 250 249 250 249 247 247 246 245
-32768 -32768 -32768 -32768 -32768 -32768 -32768 -32768 -32768 -32768 -32768 -32768 -32768 -32768 -32768 -32768 -32768 -32768 -32768 256 256 257 257 258 258 259 259 259 259 256 257 258 260 258 259 260 249 252 258 261 262 255 247 251 252 243 245 241 240 238 228 232 241 243 247 247 243 242 245 246 251 254 252 251 249 246 241 239 247 251 253 252 252 251 249 247 247 245 244
-32768 -32768 -32768 -32768 -32768 -32768 -32768 -32768 -32768 -32768 -32768 -32768 -32768 -32768 -32768 -32768 -32768 -32768 -32768 256 256 257 257 257 257 256 258 258 258 256 257 258 258 258 258 258 244 249 254 261 257 252 248 245 251 239 242 236 234 236 235 232 239 237 243 242 242 242 244 246 250 252 247 242 245 245 239 239 243 250 251 253 252 250 248 245 246 245 244
-32768 -32768 -32768 -32768 -32768 -32768 -32768 -32768 -32768 -32768 -32768 -32768 -32768 -32768 -32768 -32768 -32768 -32768 -32768 256 256 256 256 256 256 256 257 257 257 256 258 258 257 258 259 259 253 250 243 261 260 257 252 242 239 242 237 236 231 232 233 231 234 239 240 240 238 241 241 243 250 249 239 238 241 244 241 235 239 249 249 252 253 251 247 244 243 242 241
-32768 -32768 -32768 -32768 -32768 -32768 -32768 -32768 -32768 -32768 -32768 -32768 -32768 -32768 -32768 -32768 -32768 -32768 -32768 -32768 256 256 257 257 257 257 256 257 256 256 257 259 258 258 260 257 253 244 233 260 262 262 258 239 236 247 231 234 231 229 228 229 230 235 238 236 236 238 238 235 247 244 242 235 239 240 241 243 247 243 245 251 252 251 250 246 244 242 239
-32768 -32768 -32768 -32768 -32768 -32768 -32768 -32768 -32768 -32768 -32768 -32768 -32768 -32768 -32768 -32768 -32768 -32768 -32768 -32768 256 257 257 257 256 256 256 257 257 257 258 260 259 258 260 254 252 256 257 261 262 263 262 249 236 240 228 232 229 224 232 232 234 233 235 235 234 233 234 233 247 245 237 236 237 238 240 244 245 241 245 248 249 246 248 246 245 242 238
-32768 -32768 -32768 -32768 -32768 -32768 -32768 -32768 -32768 -32768 -32768 -32768 -32768 -32768 -32768 -32768 -32768 -32768 -32768 -32768 -32768 256 257 256 256 258 257 258 258 257 258 259 260 259 260 255 257 259 259 261 262 263 264 259 245 232 233 230 226 226 233 236 236 228 227 232 231 231 230 230 238 238 238 236 237 236 236 241 243 242 245 247 252 249 248 246 246 242 241
-32768 -32768 -32768 -32768 -32768 -32768 -32768 -32768 -32768 -32768 -32768 -32768 -32768 -32768 -32768 -32768 -32768 -32768 -32768 -32768 -32768 -32768 256 256 257 257 257 258 258 257 259 259 259 260 256 252 257 257 252 258 261 263 264 263 255 245 237 235 229 236 234 238 235 222 222 227 227 228 229 229 229 232 235 234 232 233 232 238 242 243 243 244 250 248 250 248 246 244 245
-32768 -32768 -32768 -32768 -32768 -32768 -32768 -32768 -32768 -32768 -32768 -32768 -32768 -32768 -32768 -32768 -32768 -32768 -32768 -32768 -32768 -32768 257 256 255 256 257 257 258 258 259 258 258 259 257 253 256 257 251 255 258 262 264 265 262 255 244 240 234 238 236 237 232 226 225 225 224 225 225 225 225 229 230 228 229 230 230 234 239 241 244 244 248 245 248 246 246 246 245
-32768 -32768 -32768 -32768 -32768 -32768 -32768 -32768 -32768 -32768 -32768 -32768 -32768 -32768 -32768 -32768 -32768 -32768 -32768 -32768 -32768 -32768 -32768 255 255 255 255 255 257 256 258 258 257 259 255 247 254 256 249 251 255 259 265 266 265 258 252 251 238 242 238 238 234 228 227 228 227 224 222 223 219 223 224 225 226 228 229 233 236 241 244 247 246 243 243 245 244 244 246
-32768 -32768 -32768 -32768 -32768 -32768 -32768 -32768 -32768 -32768 -32768 -32768 -32768 -32768 -32768 -32768 -32768 -32768 -32768 -32768 -32768 -32768 -32768 255 256 256 256 256 256 256 257 257 257 257 255 247 244 254 247 247 249 254 261 266 267 264 258 257 248 242 237 234 235 230 229 228 227 225 223 222 221 220 221 224 225 225 229 234 236 238 239 243 244 242 243 243 242 242 245
-32768 -32768 -32768 -32768 -32768 -32768 -32768 -32768 -32768 -32768 -32768 -32768 -32768 -32768 -32768 -32768 -32768 -32768 -32768 -32768 -32768 -32768 -32768 255 256 256 256 255 256 256 256 257 257 258 256 249 247 255 248 247 247 249 258 262 265 265 261 261 255 248 244 239 235 231 230 228 226 226 225 224 225 222 221 223 225 226 227 231 233 235 235 237 239 239 241 242 242 242 243
-32768 -32768 -32768 -32768 -32768 -32768 -32768 -32768 -32768 -32768 -32768 -32768 -32768 -32768 -32768 -32768 -32768 -32768 -32768 -32768 -32768 -32768 -32768 -32768 256 255 256 255 255 255 257 257 257 258 258 253 246 256 250 248 249 248 251 255 264 264 263 260 258 254 243 239 235 231 228 227 226 226 225 225 227 227 227 223 224 227 228 230 232 235 235 238 238 238 239 240 241 241 241
-32768 -32768 -32768 -32768 -32768 -32768 -32768 -32768 -32768 -32768 -32768 -32768 -32768 -32768 -32768 -32768 -32768 -32768 -32768 -32768 -32768 -32768 -32768 -32768 -32768 255 254 256 255 256 256 256 256 258 258 254 243 255 253 249 250 248 248 249 258 263 264 260 260 254 247 244 241 236 233 229 227 226 226 227 227 227 227 224 224 228 229 229 230 232 234 235 236 237 238 239 240 241 239
-32768 -32768 -32768 -32768 -32768 -32768 -32768 -32768 -32768 -32768 -32768 -32768 -32768 -32768 -32768 -32768 -32768 -32768 -32768 -32768 -32768 -32768 -32768 -32768 -32768 -32768 255 255 256 255 255 256 256 257 257 249 242 253 256 251 250 248 249 249 251 260 262 262 260 259 253 249 244 242 238 236 234 230 227 227 227 228 227 226 226 229 228 227 228 230 229 231 234 236 236 238 238 239 237
-32768 -32768 -32768 -32768 -32768 -32768 -32768 -32768 -32768 -32768 -32768 -32768 -32768 -32768 -32768 -32768 -32768 -32768 -32768 -32768 -32768 -32768 -32768 -32768 -32768 -32768 -32768 254 255 255 255 256 256 258 257 251 242 250 257 252 249 248 250 250 248 255 260 261 261 258 256 252 247 244 243 245 243 238 229 228 228 228 227 226 227 228 227 226 225 227 229 230 232 235 236 237 237 237 234
-32768 -32768 -32768 -32768 -32768 -32768 -32768 -32768 -32768 -32768 -32768 -32768 -32768 -32768 -32768 -32768 -32768 -32768 -32768 -32768 -32768 -32768 -32768 -32768 -32768 -32768 -32768 254 254 254 255 254 256 257 254 246 243 246 254 256 251 251 253 250 248 247 258 259 260 258 258 257 251 248 246 245 239 237 233 230 227 228 228 225 227 228 230 224 224 228 230 232 232 234 236 236 237 236 233
-32768 -32768 -32768 -32768 -32768 -32768 -32768 -32768 -32768 -32768 -32768 -32768 -32768 -32768 -32768 -32768 -32768 -32768 -32768 -32768 -32768 -32768 -32768 -32768 -32768 -32768 -32768 255 254 254 255 255 255 256 249 245 239 239 250 257 251 252 253 250 248 246 255 257 258 258 256 255 256 252 248 245 243 238 237 233 229 228 227 225 227 227 230 225 227 228 228 230 232 233 234 235 236 237 234
-32768 -32768 -32768 -32768 -32768 -32768 -32768 -32768 -32768 -32768 -32768 -32768 -32768 -32768 -32768 -32768 -32768 -32768 -32768 -32768 -32768 -32768 -32768 -32768 -32768 -32768 -32768 -32768 255 255 255 256 255 257 252 245 246 242 248 256 256 252 251 249 248 247 248 256 257 256 258 254 254 251 249 247 245 240 238 236 232 229 227 228 228 229 230 229 230 227 226 228 230 232 234 234 236 235 232
-32768 -32768 -32768 -32768 -32768 -32768 -32768 -32768 -32768 -32768 -32768 -32768 -32768 -32768 -32768 -32768 -32768 -32768 -32768 -32768 -32768 -32768 -32768 -32768 -32768 -32768 -32768 -32768 -32768 254 254 255 256 255 256 254 251 245 245 250 257 256 251 249 248 246 244 250 256 255 257 256 252 251 251 248 247 245 239 238 237 231 229 227 229 229 230 229 230 225 223 229 230 230 233 233 234 236 235
-32768 -32768 -32768 -32768 -32768 -32768 -32768 -32768 -32768 -32768 -32768 -32768 -32768 -32768 -32768 -32768 -32768 -32768 -32768 -32768 -32768 -32768 -32768 -32768 -32768 -32768 -32768 -32768 -32768 -32768 255 254 255 253 254 255 254 246 243 250 255 258 255 249 246 246 244 242 245 254 254 256 253 249 249 248 250 247 242 238 235 232 229 230 229 229 229 228 229 225 224 229 231 229 231 232 234 235 235
-32768 -32768 -32768 -32768 -32768 -32768 -32768 -32768 -32768 -32768 -32768 -32768 -32768 -32768 -32768 -32768 -32768 -32768 -32768 -32768 -32768 -32768 -32768 -32768 -32768 -32768 -32768 -32768 -32768 -32768 -32768 254 254 251 252 255 256 253 250 250 254 257 256 249 245 244 243 241 234 240 253 253 254 251 248 249 252 249 245 241 236 232 230 234 229 228 229 227 227 231 228 230 230 228 229 231 233 235 236
