Part_1_SDMs/env_data/present_climate/bioclim_14.asc
NCOLS 888 
NROWS 876 
XLLCORNER -19 
YLLCORNER -35 
CELLSIZE 0.0833333333333333 
NODATA_value -32768 
[rows 828 to 863 of 876, columns 415 to 497 of 888]
-32768 -32768 -32768 -32768 -32768 -32768 -32768 -32768 -32768 -32768 -32768 -32768 -32768 -32768 -32768 -32768 -32768 -32768 -32768 -32768 -32768 -32768 -32768 -32768 -32768 1 1 2 2 1 1 2 2 2 2 2 2 2 2 2 2 3 4 4 5 6 7 7 7 8 10 11 11 12 11 10 9 9 8 7 7 7 7 7 7 7 8 8 8 7 8 8 7 7 7 7 7 7 7 7 7 8 8
-32768 -32768 -32768 -32768 -32768 -32768 -32768 -32768 -32768 -32768 -32768 -32768 -32768 -32768 -32768 -32768 -32768 -32768 -32768 -32768 -32768 -32768 -32768 -32768 -32768 1 1 1 1 1 2 2 2 2 2 2 2 2 2 2 3 3 4 3 4 5 6 8 7 7 8 9 11 12 11 10 10 9 9 8 7 7 7 7 7 8 8 7 7 7 8 8 8 7 7 7 7 7 7 7 8 8 8
-32768 -32768 -32768 -32768 -32768 -32768 -32768 -32768 -32768 -32768 -32768 -32768 -32768 -32768 -32768 -32768 -32768 -32768 -32768 -32768 -32768 -32768 -32768 -32768 -32768 -32768 1 1 1 1 1 2 2 2 2 2 2 2 2 2 3 4 3 3 3 4 5 6 6 7 8 9 10 11 11 10 10 9 9 9 8 7 7 7 8 7 7 7 7 7 7 7 8 7 7 7 7 7 7 8 8 8 9
-32768 -32768 -32768 -32768 -32768 -32768 -32768 -32768 -32768 -32768 -32768 -32768 -32768 -32768 -32768 -32768 -32768 -32768 -32768 -32768 -32768 -32768 -32768 -32768 -32768 -32768 -32768 1 1 1 2 2 2 2 2 2 2 2 2 2 3 5 4 3 4 4 5 6 8 7 12 12 11 10 10 10 10 10 9 9 9 8 8 8 8 7 6 7 7 7 7 7 8 7 7 7 7 7 8 8 8 9 9
-32768 -32768 -32768 -32768 -32768 -32768 -32768 -32768 -32768 -32768 -32768 -32768 -32768 -32768 -32768 -32768 -32768 -32768 -32768 -32768 -32768 -32768 -32768 -32768 -32768 -32768 -32768 1 1 1 1 2 2 2 2 2 2 2 2 2 2 5 5 5 5 5 6 6 8 10 15 13 10 10 10 9 9 10 10 10 10 8 8 7 7 7 7 7 6 6 7 7 8 8 7 7 7 7 8 8 8 9 9
-32768 -32768 -32768 -32768 -32768 -32768 -32768 -32768 -32768 -32768 -32768 -32768 -32768 -32768 -32768 -32768 -32768 -32768 -32768 -32768 -32768 -32768 -32768 -32768 -32768 -32768 -32768 -32768 1 1 1 1 1 2 2 2 2 2 2 2 2 4 5 5 5 5 6 7 8 9 9 11 10 10 9 9 9 10 9 9 9 9 9 8 8 7 7 7 7 7 7 7 7 7 7 7 7 8 8 8 9 9 9
-32768 -32768 -32768 -32768 -32768 -32768 -32768 -32768 -32768 -32768 -32768 -32768 -32768 -32768 -32768 -32768 -32768 -32768 -32768 -32768 -32768 -32768 -32768 -32768 -32768 -32768 -32768 -32768 -32768 1 1 1 1 1 1 1 2 2 2 2 3 5 5 5 5 6 7 7 7 8 9 9 9 9 10 10 9 10 10 9 9 9 10 9 9 8 7 7 7 7 7 7 7 7 7 7 7 8 8 9 9 9 10
-32768 -32768 -32768 -32768 -32768 -32768 -32768 -32768 -32768 -32768 -32768 -32768 -32768 -32768 -32768 -32768 -32768 -32768 -32768 -32768 -32768 -32768 -32768 -32768 -32768 -32768 -32768 -32768 -32768 -32768 2 1 2 2 1 2 2 2 2 2 4 5 6 5 5 6 5 6 8 9 9 11 9 10 11 10 9 10 10 9 9 9 9 9 9 8 8 8 8 8 7 7 7 7 7 7 8 8 9 10 10 10 10
-32768 -32768 -32768 -32768 -32768 -32768 -32768 -32768 -32768 -32768 -32768 -32768 -32768 -32768 -32768 -32768 -32768 -32768 -32768 -32768 -32768 -32768 -32768 -32768 -32768 -32768 -32768 -32768 -32768 -32768 -32768 2 2 2 2 2 2 2 4 3 4 5 5 5 5 4 4 5 6 6 8 10 9 11 12 10 9 9 10 10 9 9 9 9 9 9 9 8 8 8 8 7 8 7 8 8 8 9 9 10 10 10 11
-32768 -32768 -32768 -32768 -32768 -32768 -32768 -32768 -32768 -32768 -32768 -32768 -32768 -32768 -32768 -32768 -32768 -32768 -32768 -32768 -32768 -32768 -32768 -32768 -32768 -32768 -32768 -32768 -32768 -32768 -32768 2 2 2 3 3 3 5 5 4 4 4 4 5 5 4 4 4 4 4 7 9 10 12 10 10 9 9 10 10 9 9 9 9 9 9 9 9 9 8 8 7 8 8 8 8 8 9 9 10 10 12 12
-32768 -32768 -32768 -32768 -32768 -32768 -32768 -32768 -32768 -32768 -32768 -32768 -32768 -32768 -32768 -32768 -32768 -32768 -32768 -32768 -32768 -32768 -32768 -32768 -32768 -32768 -32768 -32768 -32768 -32768 -32768 -32768 2 3 3 4 3 4 4 4 4 4 4 4 5 4 4 3 4 4 4 6 10 12 10 9 9 9 10 10 10 10 9 9 9 9 9 9 9 9 8 8 8 9 8 9 9 9 10 10 11 12 12
-32768 -32768 -32768 -32768 -32768 -32768 -32768 -32768 -32768 -32768 -32768 -32768 -32768 -32768 -32768 -32768 -32768 -32768 -32768 -32768 -32768 -32768 -32768 -32768 -32768 -32768 -32768 -32768 -32768 -32768 -32768 -32768 2 3 3 4 5 4 5 5 4 4 4 3 4 4 4 3 4 4 3 4 10 10 9 9 10 9 9 10 11 10 10 9 9 9 9 10 9 10 10 9 9 10 10 10 10 10 10 11 11 12 12
-32768 -32768 -32768 -32768 -32768 -32768 -32768 -32768 -32768 -32768 -32768 -32768 -32768 -32768 -32768 -32768 -32768 -32768 -32768 -32768 -32768 -32768 -32768 -32768 -32768 -32768 -32768 -32768 -32768 -32768 -32768 -32768 3 3 4 4 5 6 4 6 6 5 5 4 4 4 4 3 3 3 4 4 5 8 9 9 11 9 10 12 11 12 12 10 10 10 10 9 10 11 11 11 11 11 10 10 11 10 11 11 12 13 13
-32768 -32768 -32768 -32768 -32768 -32768 -32768 -32768 -32768 -32768 -32768 -32768 -32768 -32768 -32768 -32768 -32768 -32768 -32768 -32768 -32768 -32768 -32768 -32768 -32768 -32768 -32768 -32768 -32768 -32768 -32768 -32768 3 4 4 5 5 7 5 5 7 7 6 5 5 4 4 3 3 3 3 3 4 5 7 8 10 9 10 13 13 12 14 11 10 10 11 11 11 12 13 12 13 13 12 11 11 10 12 11 12 15 14
-32768 -32768 -32768 -32768 -32768 -32768 -32768 -32768 -32768 -32768 -32768 -32768 -32768 -32768 -32768 -32768 -32768 -32768 -32768 -32768 -32768 -32768 -32768 -32768 -32768 -32768 -32768 -32768 -32768 -32768 -32768 -32768 3 4 4 5 5 7 7 4 6 10 8 7 7 6 4 3 3 3 3 3 3 3 4 8 11 9 10 13 14 12 12 12 11 11 11 12 12 13 14 13 11 14 11 8 9 10 9 8 8 14 15
-32768 -32768 -32768 -32768 -32768 -32768 -32768 -32768 -32768 -32768 -32768 -32768 -32768 -32768 -32768 -32768 -32768 -32768 -32768 -32768 -32768 -32768 -32768 -32768 -32768 -32768 -32768 -32768 -32768 -32768 -32768 -32768 4 4 5 6 5 7 9 7 6 8 11 7 7 6 4 3 3 3 3 3 3 3 3 7 11 10 12 12 12 13 14 12 11 12 14 14 13 13 14 14 8 8 7 9 8 9 7 7 8 9 11
-32768 -32768 -32768 -32768 -32768 -32768 -32768 -32768 -32768 -32768 -32768 -32768 -32768 -32768 -32768 -32768 -32768 -32768 -32768 -32768 -32768 -32768 -32768 -32768 -32768 -32768 -32768 -32768 -32768 -32768 -32768 -32768 4 5 5 6 6 7 9 9 7 9 12 11 7 6 5 4 4 3 3 3 3 3 3 4 5 9 12 14 14 14 15 13 12 12 15 16 15 13 10 8 7 6 6 6 6 7 7 7 8 8 8
-32768 -32768 -32768 -32768 -32768 -32768 -32768 -32768 -32768 -32768 -32768 -32768 -32768 -32768 -32768 -32768 -32768 -32768 -32768 -32768 -32768 -32768 -32768 -32768 -32768 -32768 -32768 -32768 -32768 -32768 -32768 -32768 -32768 5 6 6 7 7 8 9 7 8 11 9 8 7 5 4 4 4 3 3 3 3 3 3 4 8 11 13 14 15 15 14 13 13 14 16 11 8 6 6 5 5 5 6 6 7 7 7 8 8 9
-32768 -32768 -32768 -32768 -32768 -32768 -32768 -32768 -32768 -32768 -32768 -32768 -32768 -32768 -32768 -32768 -32768 -32768 -32768 -32768 -32768 -32768 -32768 -32768 -32768 -32768 -32768 -32768 -32768 -32768 -32768 -32768 5 5 6 6 6 7 9 9 8 8 10 11 7 6 5 4 4 4 4 3 3 4 4 3 4 5 9 10 13 14 15 14 15 15 14 9 7 7 6 6 5 5 5 6 6 6 7 8 8 8 9
-32768 -32768 -32768 -32768 -32768 -32768 -32768 -32768 -32768 -32768 -32768 -32768 -32768 -32768 -32768 -32768 -32768 -32768 -32768 -32768 -32768 -32768 -32768 -32768 -32768 -32768 -32768 -32768 -32768 -32768 -32768 -32768 5 6 7 8 7 8 7 7 9 7 9 9 8 6 5 5 4 4 4 4 4 4 4 4 4 4 5 6 11 14 17 17 16 17 14 8 6 6 6 6 6 6 5 6 6 7 7 8 9 9 10
-32768 -32768 -32768 -32768 -32768 -32768 -32768 -32768 -32768 -32768 -32768 -32768 -32768 -32768 -32768 -32768 -32768 -32768 -32768 -32768 -32768 -32768 -32768 -32768 -32768 -32768 -32768 4 4 4 -32768 5 6 6 7 11 9 9 10 7 8 8 10 9 7 7 6 5 5 4 4 4 4 4 4 4 4 4 4 5 7 11 13 12 11 13 12 8 7 6 6 6 7 6 6 6 6 7 8 9 10 10 11
-32768 -32768 -32768 -32768 -32768 -32768 -32768 -32768 -32768 -32768 -32768 -32768 -32768 -32768 -32768 -32768 -32768 -32768 -32768 -32768 -32768 -32768 -32768 -32768 -32768 -32768 -32768 4 5 6 5 5 6 6 7 7 12 15 10 8 8 9 9 10 7 10 5 5 5 5 4 4 4 4 4 5 5 5 5 6 8 9 10 10 9 10 11 10 8 7 6 6 7 7 7 6 7 7 9 10 11 12 13
-32768 -32768 -32768 -32768 -32768 -32768 -32768 -32768 -32768 -32768 -32768 -32768 -32768 -32768 -32768 -32768 -32768 -32768 -32768 -32768 -32768 -32768 -32768 -32768 -32768 -32768 -32768 5 5 5 6 6 6 6 7 7 8 12 8 8 8 9 9 9 6 8 5 5 6 5 5 4 4 4 4 5 6 7 6 8 8 8 9 9 9 10 11 11 8 7 7 7 7 8 8 7 7 8 9 11 12 14 15
-32768 -32768 -32768 -32768 -32768 -32768 -32768 -32768 -32768 -32768 -32768 -32768 -32768 -32768 -32768 -32768 -32768 -32768 -32768 -32768 -32768 -32768 -32768 -32768 -32768 -32768 -32768 5 5 5 6 6 6 6 7 7 8 8 8 8 8 11 11 9 7 6 4 5 5 5 5 5 4 4 4 4 5 7 9 10 9 9 8 9 9 11 13 11 9 8 8 8 8 8 9 9 8 9 10 12 14 16 17
-32768 -32768 -32768 -32768 -32768 -32768 -32768 -32768 -32768 -32768 -32768 -32768 -32768 -32768 -32768 -32768 -32768 -32768 -32768 -32768 -32768 -32768 -32768 -32768 -32768 -32768 -32768 5 5 5 6 6 7 7 7 8 9 9 8 8 8 11 12 10 9 6 5 6 7 6 6 5 5 4 4 4 5 7 8 9 8 9 8 8 9 11 12 11 10 9 9 8 9 9 9 9 8 10 13 15 17 18 18
-32768 -32768 -32768 -32768 -32768 -32768 -32768 -32768 -32768 -32768 -32768 -32768 -32768 -32768 -32768 -32768 -32768 -32768 -32768 -32768 -32768 -32768 -32768 -32768 -32768 -32768 -32768 -32768 6 6 6 7 7 7 7 8 9 9 8 8 8 10 14 12 10 5 4 7 7 6 6 5 5 4 4 5 5 6 6 7 7 8 8 8 9 10 11 11 11 11 10 9 9 10 9 9 10 11 14 16 17 18 20
-32768 -32768 -32768 -32768 -32768 -32768 -32768 -32768 -32768 -32768 -32768 -32768 -32768 -32768 -32768 -32768 -32768 -32768 -32768 -32768 -32768 -32768 -32768 -32768 -32768 -32768 -32768 -32768 -32768 6 6 7 7 7 7 8 9 10 9 9 9 12 12 12 10 10 8 8 9 6 6 5 5 6 6 6 6 7 8 8 8 8 8 9 10 11 12 14 13 12 12 11 10 10 10 11 12 13 15 18 19 20 21
-32768 -32768 -32768 -32768 -32768 -32768 -32768 -32768 -32768 -32768 -32768 -32768 -32768 -32768 -32768 -32768 -32768 -32768 -32768 -32768 -32768 -32768 -32768 -32768 -32768 -32768 -32768 -32768 -32768 -32768 6 7 8 8 8 9 10 10 10 10 9 11 11 13 13 13 10 8 8 8 6 7 5 5 5 6 7 9 11 12 13 13 12 12 12 13 15 19 20 20 18 16 13 16 17 20 21 22 24 26 28 26 24
-32768 -32768 -32768 -32768 -32768 -32768 -32768 -32768 -32768 -32768 -32768 -32768 -32768 -32768 -32768 -32768 -32768 -32768 -32768 -32768 -32768 -32768 -32768 -32768 -32768 -32768 -32768 -32768 -32768 7 7 7 9 9 9 9 11 13 13 14 10 12 15 15 16 15 12 9 15 13 7 7 6 5 6 8 8 10 10 11 12 12 12 12 13 15 18 21 26 25 26 23 18 22 25 26 27 25 25 25 28 31 30
-32768 -32768 -32768 -32768 -32768 -32768 -32768 -32768 -32768 -32768 -32768 -32768 -32768 -32768 -32768 -32768 -32768 -32768 -32768 -32768 -32768 -32768 -32768 -32768 -32768 -32768 -32768 -32768 -32768 7 7 -32768 9 10 11 11 12 13 13 14 12 13 19 15 18 16 16 13 11 9 9 9 8 7 7 8 9 10 11 11 12 13 14 15 16 18 21 22 23 22 21 21 15 15 16 18 18 22 24 24 25 27 26
-32768 -32768 -32768 -32768 -32768 -32768 -32768 -32768 -32768 -32768 -32768 -32768 -32768 -32768 -32768 -32768 -32768 -32768 -32768 -32768 -32768 -32768 -32768 -32768 -32768 -32768 -32768 -32768 -32768 -32768 -32768 -32768 10 11 12 13 12 14 18 14 13 15 21 16 18 19 16 13 16 13 13 12 11 10 10 10 10 11 12 14 16 15 15 16 18 18 18 19 19 20 22 22 17 13 14 14 15 15 17 18 20 23 25
-32768 -32768 -32768 -32768 -32768 -32768 -32768 -32768 -32768 -32768 -32768 -32768 -32768 -32768 -32768 -32768 -32768 -32768 -32768 -32768 -32768 -32768 -32768 -32768 -32768 -32768 -32768 -32768 -32768 -32768 -32768 -32768 -32768 12 13 14 14 15 19 16 15 19 24 19 14 12 12 12 13 14 13 14 13 12 14 14 13 13 14 15 16 17 18 18 19 19 19 20 22 25 27 25 18 15 14 15 15 16 16 17 20 25 29
-32768 -32768 -32768 -32768 -32768 -32768 -32768 -32768 -32768 -32768 -32768 -32768 -32768 -32768 -32768 -32768 -32768 -32768 -32768 -32768 -32768 -32768 -32768 -32768 -32768 -32768 -32768 -32768 -32768 -32768 -32768 -32768 -32768 -32768 15 17 16 16 16 19 20 22 26 25 18 15 11 11 12 13 14 15 14 13 13 15 15 16 17 18 19 20 20 21 21 21 21 21 21 22 24 24 22 21 24 27 28 21 21 24 28 30 32
-32768 -32768 -32768 -32768 -32768 -32768 -32768 -32768 -32768 -32768 -32768 -32768 -32768 -32768 -32768 -32768 -32768 -32768 -32768 -32768 -32768 -32768 -32768 -32768 -32768 -32768 -32768 -32768 -32768 -32768 -32768 -32768 -32768 20 18 18 21 17 17 19 19 27 28 28 25 20 13 13 13 13 13 12 13 14 15 16 18 19 19 20 21 22 23 23 23 23 23 23 23 22 22 21 20 19 20 23 27 28 30 30 33 36 38
-32768 -32768 -32768 -32768 -32768 -32768 -32768 -32768 -32768 -32768 -32768 -32768 -32768 -32768 -32768 -32768 -32768 -32768 -32768 -32768 -32768 -32768 -32768 -32768 -32768 -32768 -32768 -32768 -32768 -32768 -32768 -32768 -32768 24 19 18 20 17 18 23 24 23 27 29 27 20 19 19 18 14 16 14 15 15 17 20 21 23 22 23 24 25 26 27 26 25 25 25 25 24 24 23 22 23 27 30 33 36 37 39 40 42 43
-32768 -32768 -32768 -32768 -32768 -32768 -32768 -32768 -32768 -32768 -32768 -32768 -32768 -32768 -32768 -32768 -32768 -32768 -32768 -32768 -32768 -32768 -32768 -32768 -32768 -32768 -32768 -32768 -32768 -32768 -32768 -32768 -32768 33 25 17 16 17 17 22 31 31 29 29 26 25 26 24 20 20 19 18 18 19 21 23 25 26 26 27 28 29 28 29 28 28 29 29 30 31 31 28 26 27 26 28 28 29 32 34 36 39 43
