Part_1_SDMs/env_data/present_climate/bioclim_6.asc
NCOLS 888 
NROWS 876 
XLLCORNER -19 
YLLCORNER -35 
CELLSIZE 0.0833333333333333 
NODATA_value -32768 
[rows 35 to 69 of 876, columns 790 to 868 of 888]
-76 -55 -65 -68 -70 -74 -73 -74 -75 -82 -90 -101 -77 -57 -54 -62 -66 -60 -56 -53 -51 -53 -55 -55 -55 -56 -57 -59 -63 -65 -63 -67 -79 -80 -92 -98 -71 -61 -54 -52 -49 -41 -30 -29 -28 -30 -30 -19 -13 -11 -11 -12 -12 -12 -13 -14 -15 -15 -19 -17 -15 -14 -14 -13 -12 -11 -9 -8 -7 -7 -9 -9 -10 -6 1 2 3 0 -4
-85 -64 -60 -60 -61 -65 -62 -62 -61 -65 -68 -78 -79 -61 -53 -69 -65 -53 -48 -46 -46 -55 -65 -58 -57 -55 -55 -60 -72 -78 -74 -70 -73 -83 -73 -84 -92 -86 -65 -44 -35 -30 -26 -23 -22 -21 -27 -22 -13 -10 -10 -10 -11 -11 -11 -12 -13 -13 -19 -26 -31 -22 -13 -11 -10 -9 -8 -6 -4 -3 -1 -3 -5 -2 1 1 -7 -9 -17
-66 -69 -75 -75 -66 -63 -57 -56 -57 -66 -61 -63 -74 -70 -53 -83 -68 -56 -55 -47 -46 -52 -64 -68 -62 -55 -54 -65 -83 -97 -93 -86 -77 -70 -67 -60 -63 -72 -58 -61 -57 -37 -25 -22 -20 -18 -18 -18 -18 -17 -16 -11 -10 -10 -10 -11 -11 -11 -12 -14 -24 -27 -17 -11 -10 -8 -6 -4 -3 -1 0 -1 -6 -17 -16 -16 -9 -7 -14
-46 -52 -68 -83 -78 -77 -73 -58 -50 -56 -63 -65 -64 -60 -41 -43 -72 -84 -99 -64 -52 -54 -58 -74 -69 -55 -53 -61 -76 -89 -99 -85 -85 -88 -95 -89 -74 -88 -94 -91 -87 -69 -33 -25 -22 -19 -18 -16 -14 -12 -12 -11 -9 -9 -9 -9 -9 -10 -10 -10 -11 -13 -14 -18 -18 -14 -9 -5 -3 -2 -2 -1 1 2 -1 -1 3 6 8
-51 -49 -52 -61 -76 -66 -60 -54 -58 -84 -57 -61 -50 -35 -31 -37 -57 -68 -81 -111 -87 -72 -71 -65 -68 -52 -52 -56 -62 -70 -80 -90 -88 -93 -102 -108 -111 -100 -105 -119 -90 -66 -48 -38 -29 -25 -23 -17 -15 -13 -11 -9 -8 -8 -7 -7 -7 -8 -8 -8 -8 -8 -11 -28 -45 -37 -19 -9 -4 -7 -6 -8 -5 2 6 7 8 9 10
-45 -55 -76 -52 -52 -54 -42 -38 -50 -66 -72 -84 -46 -35 -30 -36 -50 -52 -56 -90 -122 -92 -71 -64 -56 -49 -51 -55 -61 -70 -79 -89 -90 -91 -96 -103 -110 -117 -119 -119 -100 -76 -58 -59 -49 -40 -37 -22 -16 -13 -11 -9 -7 -6 -6 -6 -6 -6 -6 -6 -6 -6 -7 -13 -25 -32 -25 -9 -7 -12 -17 -24 -17 0 6 8 9 9 10
-42 -40 -61 -89 -73 -75 -55 -54 -40 -45 -57 -60 -39 -32 -29 -32 -46 -40 -39 -53 -84 -61 -58 -55 -54 -50 -51 -56 -62 -73 -83 -86 -88 -89 -93 -98 -101 -105 -110 -110 -90 -80 -67 -54 -43 -34 -26 -23 -23 -14 -10 -8 -6 -5 -4 -4 -4 -4 -4 -4 -4 -4 -4 -5 -8 -12 -12 -9 -10 -18 -24 -16 -7 1 6 8 9 10 10
-38 -38 -40 -50 -71 -85 -55 -29 -34 -27 -34 -47 -40 -26 -25 -41 -31 -36 -46 -53 -42 -38 -38 -50 -55 -56 -59 -57 -72 -81 -86 -87 -87 -88 -91 -94 -97 -99 -99 -97 -91 -94 -82 -56 -43 -35 -37 -38 -34 -28 -19 -10 -7 -3 -2 -2 -2 -2 -2 -2 -3 -3 -3 -3 -3 -6 -12 -14 -11 -8 -10 -7 -2 3 8 9 10 10 11
-41 -43 -39 -41 -57 -60 -55 -31 -33 -40 -44 -36 -32 -32 -30 -27 -41 -61 -46 -36 -34 -32 -37 -45 -59 -68 -67 -68 -68 -91 -102 -93 -91 -88 -90 -92 -93 -94 -95 -90 -84 -81 -82 -58 -43 -39 -54 -63 -53 -52 -47 -29 -12 -2 -1 0 0 0 0 -1 -1 -1 -1 -2 -8 -4 -3 -3 -1 -1 0 1 3 7 8 9 10 11 11
-43 -50 -46 -38 -34 -35 -31 -35 -47 -48 -62 -57 -63 -51 -36 -23 -24 -34 -52 -36 -31 -36 -37 -39 -59 -68 -77 -75 -74 -75 -91 -100 -99 -90 -91 -91 -90 -89 -89 -89 -87 -89 -91 -55 -44 -61 -65 -90 -81 -76 -68 -36 -16 -2 0 0 0 0 0 -2 -2 -1 -3 -9 -11 -2 1 1 2 3 5 6 7 8 9 10 10 11 12
-40 -43 -52 -54 -39 -33 -32 -39 -40 -54 -52 -47 -57 -58 -61 -47 -25 -27 -34 -56 -59 -59 -48 -53 -48 -72 -84 -91 -87 -81 -91 -107 -101 -94 -94 -92 -89 -86 -84 -84 -84 -83 -67 -51 -45 -64 -90 -118 -119 -111 -86 -57 -21 0 0 0 -3 -7 -4 -10 -7 -3 -6 -8 -4 -1 -2 -2 -2 0 3 6 8 9 9 10 11 12 12
-52 -46 -42 -43 -51 -58 -42 -37 -41 -48 -45 -49 -47 -48 -48 -64 -66 -45 -36 -42 -56 -50 -65 -68 -55 -71 -76 -90 -90 -95 -87 -100 -102 -101 -100 -94 -89 -88 -86 -82 -91 -94 -75 -61 -50 -51 -70 -99 -116 -112 -78 -62 -35 -5 0 0 -4 -10 -5 -7 -8 -15 -20 -19 -14 -10 -10 -8 -10 -9 -5 -1 4 8 10 10 11 11 12
-47 -53 -50 -44 -46 -49 -63 -40 -41 -46 -50 -56 -57 -46 -45 -48 -67 -94 -75 -52 -45 -44 -55 -72 -66 -77 -89 -82 -91 -84 -86 -92 -98 -101 -105 -98 -89 -87 -96 -94 -93 -90 -74 -69 -68 -48 -55 -76 -93 -91 -74 -52 -35 -14 -2 0 -1 -7 -8 -7 -12 -27 -53 -62 -41 -25 -20 -25 -29 -24 -17 -11 -6 0 5 9 11 12 12
-43 -49 -44 -34 -39 -56 -46 -27 -28 -36 -53 -52 -55 -40 -45 -56 -70 -66 -89 -126 -84 -41 -40 -52 -77 -71 -84 -85 -81 -99 -89 -88 -104 -102 -102 -103 -91 -88 -98 -116 -103 -99 -91 -83 -62 -46 -50 -60 -75 -93 -108 -73 -36 -31 -6 -1 -2 -1 -2 -5 -10 -22 -40 -50 -46 -37 -36 -33 -35 -36 -32 -39 -25 -13 -7 -1 10 11 12
-39 -48 -31 -21 -29 -41 -59 -43 -22 -37 -50 -39 -25 -33 -41 -35 -28 -38 -71 -110 -105 -80 -37 -34 -56 -77 -82 -86 -89 -93 -90 -99 -92 -100 -101 -105 -95 -89 -87 -92 -86 -84 -69 -56 -52 -58 -60 -59 -65 -80 -105 -82 -55 -73 -43 -17 -13 -9 -4 -2 -5 -10 -18 -25 -33 -43 -42 -33 -30 -27 -25 -35 -40 -32 -27 -14 3 5 9
-38 -35 -21 -11 -22 -16 -20 -12 -32 -36 -21 -27 -28 -29 -42 -37 -29 -42 -66 -63 -70 -70 -46 -29 -42 -63 -76 -83 -81 -92 -97 -96 -100 -97 -100 -101 -99 -85 -78 -71 -73 -67 -58 -55 -68 -73 -84 -72 -64 -71 -79 -77 -78 -97 -91 -50 -33 -29 -17 -7 -4 -4 -6 -10 -15 -22 -23 -18 -15 -14 -14 -20 -30 -36 -26 -18 -6 -4 -3
-31 -27 -8 -4 -8 -15 -14 -16 -28 -47 -35 -12 -27 -63 -49 -38 -31 -49 -50 -49 -54 -58 -58 -44 -31 -43 -58 -65 -79 -77 -86 -84 -84 -87 -96 -87 -81 -74 -67 -60 -57 -55 -56 -54 -56 -65 -84 -69 -63 -70 -81 -97 -118 -130 -109 -83 -74 -57 -32 -17 -8 -5 -3 -3 -3 -3 -4 -5 -3 -3 -5 -9 -17 -25 -22 -15 -9 -12 -17
-9 -12 -14 -24 -30 -34 -31 -34 -26 -29 -46 -23 -8 -21 -40 -62 -37 -18 -32 -66 -41 -41 -64 -75 -45 -33 -47 -67 -72 -75 -75 -79 -75 -78 -83 -85 -76 -68 -60 -58 -58 -54 -64 -58 -62 -61 -62 -64 -68 -76 -84 -98 -104 -110 -115 -116 -112 -98 -56 -32 -18 -11 -6 -3 -2 -1 -1 -1 -1 0 -1 -1 -3 -7 -8 -6 -5 -12 -18
-10 -27 -21 -18 -28 -35 -30 -26 -16 -10 -17 -17 -8 1 -1 -6 -37 -27 -17 -26 -45 -60 -44 -55 -62 -52 -33 -41 -66 -86 -74 -71 -70 -82 -87 -85 -83 -71 -70 -69 -88 -57 -48 -49 -55 -61 -65 -69 -73 -80 -81 -77 -82 -91 -98 -110 -123 -109 -90 -82 -58 -34 -19 -9 -3 -1 -1 -1 0 0 0 0 0 0 0 0 -6 -14 -26
-14 -7 -24 -21 -6 -9 -20 -20 -13 -8 -10 -14 -7 0 -7 -2 -4 -5 -11 -18 -32 -49 -62 -62 -66 -84 -50 -42 -49 -65 -68 -64 -65 -72 -76 -91 -84 -78 -78 -73 -53 -46 -46 -50 -71 -86 -81 -78 -83 -89 -85 -73 -72 -79 -88 -98 -114 -129 -116 -131 -89 -50 -31 -21 -13 -7 -5 -3 0 0 0 0 0 1 0 0 -4 -14 -24
-23 0 -3 -1 -2 -8 -11 -16 -18 -22 -17 -6 -3 5 -14 -28 -21 -29 -16 -17 -29 -41 -56 -68 -59 -47 -64 -76 -90 -107 -74 -62 -64 -69 -71 -75 -87 -92 -72 -67 -60 -66 -53 -62 -65 -89 -104 -99 -101 -87 -77 -72 -66 -71 -77 -84 -93 -101 -94 -85 -68 -51 -50 -50 -33 -21 -16 -13 -7 -7 -8 -9 -8 -3 -1 0 -1 -8 -18
-42 -33 -16 -5 10 0 -9 -6 -7 -18 -5 9 6 -1 -20 -42 -36 -46 -53 -50 -54 -67 -51 -56 -28 -51 -67 -83 -109 -110 -122 -90 -77 -77 -74 -76 -81 -80 -78 -88 -87 -68 -70 -68 -69 -72 -89 -102 -84 -74 -68 -63 -62 -62 -64 -68 -72 -73 -76 -81 -73 -77 -65 -71 -61 -41 -30 -41 -43 -33 -30 -27 -23 -17 -9 -5 -1 -3 -10
-23 -28 -48 -44 -3 15 17 -3 -11 -15 7 8 0 -11 -12 -18 -29 -45 -76 -52 -22 -41 -35 -12 -16 -46 -67 -70 -67 -95 -107 -107 -89 -78 -70 -85 -104 -88 -79 -81 -97 -103 -95 -98 -83 -76 -76 -73 -71 -70 -65 -63 -61 -57 -55 -56 -58 -61 -69 -72 -81 -87 -78 -73 -93 -63 -51 -54 -71 -84 -75 -53 -52 -41 -24 -14 -6 -2 -3
-10 -21 -16 -27 -42 -10 12 20 19 17 18 11 8 -5 -20 -26 -27 -51 -65 -35 -9 -3 0 -2 -38 -47 -50 -77 -73 -85 -88 -109 -81 -75 -71 -99 -101 -95 -85 -90 -92 -105 -118 -105 -110 -89 -74 -69 -66 -69 -76 -60 -55 -53 -51 -49 -50 -52 -56 -61 -70 -73 -75 -71 -79 -82 -76 -64 -65 -77 -81 -70 -65 -59 -40 -24 -11 -5 -3
8 1 -9 -9 -18 -21 -20 -20 -11 16 19 16 11 7 -6 -30 -16 -20 -57 -34 -8 1 -10 -32 -35 -41 -26 -44 -44 -89 -105 -138 -114 -65 -85 -84 -103 -119 -112 -87 -91 -91 -92 -90 -90 -101 -97 -86 -71 -64 -61 -63 -59 -54 -49 -46 -45 -45 -46 -49 -57 -63 -74 -75 -91 -90 -79 -81 -77 -71 -66 -65 -72 -62 -53 -40 -18 -10 -7
3 9 15 1 -1 -23 -2 9 -2 -19 -8 29 26 0 5 3 -11 -32 -38 -36 -17 -12 -3 -1 -24 -12 0 -8 -28 -46 -84 -86 -90 -78 -87 -92 -91 -103 -116 -106 -84 -86 -79 -95 -119 -109 -95 -102 -93 -85 -69 -74 -68 -59 -48 -45 -45 -42 -42 -42 -44 -49 -60 -63 -81 -83 -100 -86 -81 -72 -65 -58 -56 -52 -46 -43 -22 -15 -10
24 12 11 22 2 -27 -17 6 10 11 4 3 7 29 28 20 -6 4 6 -4 -3 -4 4 0 -10 -3 -7 -8 -9 -25 -28 -59 -62 -48 -60 -95 -119 -106 -96 -110 -99 -80 -75 -87 -89 -100 -108 -87 -80 -84 -75 -79 -79 -61 -52 -48 -42 -41 -40 -39 -38 -40 -42 -48 -57 -68 -103 -97 -90 -92 -79 -68 -56 -46 -38 -32 -23 -18 -12
36 35 26 32 22 1 -5 6 18 17 26 22 4 13 35 37 24 29 30 34 39 31 19 2 -41 -51 -28 -29 -34 -31 -32 -32 -60 -41 -57 -63 -102 -128 -118 -102 -111 -111 -85 -74 -81 -77 -83 -90 -80 -73 -76 -86 -82 -68 -64 -62 -43 -40 -39 -38 -36 -36 -37 -40 -46 -51 -61 -68 -72 -85 -85 -88 -75 -53 -42 -33 -25 -18 -12
43 40 39 42 42 38 20 21 27 27 35 39 39 38 42 41 35 41 40 40 39 33 25 -2 -4 -35 -22 -28 -17 -42 -84 -55 -35 -64 -74 -70 -80 -110 -103 -107 -102 -109 -89 -75 -73 -73 -77 -81 -94 -84 -70 -63 -64 -64 -61 -60 -46 -40 -39 -37 -36 -34 -34 -35 -38 -41 -45 -50 -54 -60 -69 -83 -82 -63 -52 -39 -28 -18 -10
49 45 40 42 46 46 43 42 41 39 37 42 46 46 46 44 45 45 33 38 35 33 16 7 16 21 -1 -22 -26 -34 -79 -110 -116 -90 -97 -85 -102 -103 -120 -123 -114 -91 -86 -78 -94 -88 -91 -88 -79 -82 -78 -67 -54 -49 -45 -43 -42 -44 -40 -40 -34 -33 -32 -32 -33 -34 -36 -39 -43 -48 -53 -61 -64 -63 -62 -48 -31 -19 -11
51 50 47 45 46 47 47 46 42 43 46 44 47 48 47 49 49 53 51 45 41 39 43 31 23 26 22 18 1 -39 -55 -47 -88 -93 -59 -73 -102 -128 -119 -104 -92 -97 -81 -95 -104 -101 -90 -82 -75 -80 -75 -72 -72 -65 -46 -42 -43 -50 -37 -35 -33 -32 -32 -31 -31 -30 -31 -32 -34 -37 -41 -45 -49 -57 -57 -46 -31 -20 -13
52 51 50 50 49 46 47 49 50 49 49 50 47 47 48 53 53 56 58 58 54 46 41 40 42 42 41 42 26 0 -5 -38 -14 -31 -64 -58 -57 -103 -117 -92 -87 -89 -104 -99 -100 -100 -87 -87 -82 -71 -69 -65 -66 -61 -57 -53 -43 -44 -46 -41 -39 -33 -32 -31 -31 -30 -29 -28 -28 -29 -32 -35 -37 -40 -40 -34 -27 -22 -21
52 52 51 51 51 51 49 47 51 52 49 49 51 50 53 57 58 59 59 59 60 56 51 45 46 49 49 48 43 19 22 3 -14 7 -4 -32 -38 -65 -125 -120 -110 -109 -103 -110 -99 -90 -88 -82 -89 -91 -87 -68 -57 -52 -49 -50 -46 -47 -45 -52 -59 -45 -42 -35 -32 -31 -29 -28 -27 -27 -26 -27 -28 -31 -40 -34 -29 -26 -26
52 51 51 51 51 51 52 50 50 53 52 50 51 53 55 58 60 60 61 62 62 62 62 61 55 52 57 54 53 41 18 9 -6 -1 24 -3 -51 -52 -82 -146 -98 -102 -118 -97 -90 -86 -86 -84 -80 -86 -92 -98 -69 -58 -52 -48 -47 -60 -49 -41 -47 -46 -37 -35 -34 -31 -30 -28 -27 -26 -26 -25 -25 -26 -33 -40 -40 -36 -36
52 51 51 51 52 52 53 53 51 53 54 54 52 54 54 57 60 61 62 63 65 65 65 67 67 59 53 59 57 35 28 21 19 29 17 -2 -65 -90 -41 -77 -101 -96 -106 -112 -91 -80 -102 -84 -85 -91 -105 -96 -92 -77 -62 -54 -51 -51 -61 -44 -41 -40 -39 -37 -39 -38 -34 -35 -30 -26 -25 -24 -24 -24 -32 -41 -50 -46 -44
