Part_1_SDMs/env_data/present_climate/bioclim_2.asc
NCOLS 888 
NROWS 876 
XLLCORNER -19 
YLLCORNER -35 
CELLSIZE 0.0833333333333333 
NODATA_value -32768 
[rows 770 to 804 of 876, columns 395 to 473 of 888]
-32768 -32768 -32768 -32768 -32768 -32768 -32768 -32768 -32768 -32768 -32768 -32768 74 76 81 84 87 90 93 95 97 99 103 106 109 113 116 119 121 124 126 130 132 135 137 138 139 141 144 146 148 149 151 153 154 155 157 159 161 163 165 166 168 170 171 172 174 175 177 178 178 180 181 182 183 183 184 185 186 186 187 187 187 187 187 187 187 187 187
-32768 -32768 -32768 -32768 -32768 -32768 -32768 -32768 -32768 -32768 -32768 -32768 72 75 78 83 86 88 91 92 95 98 102 105 108 110 113 117 120 123 125 128 131 135 136 137 138 140 143 145 147 149 150 152 153 155 157 159 161 163 164 166 168 169 171 172 174 175 176 178 179 180 181 182 183 183 184 185 185 186 186 187 187 187 187 187 187 186 186
-32768 -32768 -32768 -32768 -32768 -32768 -32768 -32768 -32768 -32768 -32768 -32768 72 73 76 81 84 87 91 92 94 97 100 104 109 112 113 116 119 121 124 127 130 134 135 137 138 139 142 144 146 148 150 152 153 155 157 159 161 163 165 166 168 169 171 172 174 175 176 178 179 180 181 182 182 183 184 185 185 185 186 186 186 186 186 187 186 186 186
-32768 -32768 -32768 -32768 -32768 -32768 -32768 -32768 -32768 -32768 -32768 -32768 -32768 -32768 75 78 83 86 88 92 94 97 100 104 107 111 114 117 119 121 124 127 130 133 134 136 138 139 141 143 146 148 150 152 153 155 157 159 161 163 164 166 168 169 171 172 174 175 176 178 179 180 181 181 182 183 184 184 185 185 186 186 186 186 186 186 186 186 185
-32768 -32768 -32768 -32768 -32768 -32768 -32768 -32768 -32768 -32768 -32768 -32768 -32768 -32768 74 76 79 82 87 90 93 96 99 102 106 109 114 118 120 121 124 128 130 132 134 135 137 139 140 142 145 147 149 151 153 155 157 159 161 163 164 166 168 170 171 173 174 175 177 178 179 180 181 182 182 183 184 184 185 185 185 185 186 186 186 186 186 185 185
-32768 -32768 -32768 -32768 -32768 -32768 -32768 -32768 -32768 -32768 -32768 -32768 -32768 -32768 72 75 79 84 87 91 95 97 99 102 106 109 112 117 120 122 125 127 129 131 133 135 137 138 140 142 144 147 149 151 153 155 157 159 161 163 164 166 168 170 171 173 174 175 177 178 179 180 181 181 182 183 184 184 184 185 185 185 186 185 186 185 185 185 185
-32768 -32768 -32768 -32768 -32768 -32768 -32768 -32768 -32768 -32768 -32768 -32768 -32768 -32768 72 75 78 82 86 90 95 98 99 103 107 111 113 117 120 122 124 127 129 130 132 134 136 138 140 142 144 146 149 151 153 155 157 159 161 163 165 167 168 170 171 173 174 176 177 178 179 180 181 181 182 183 183 184 184 184 185 185 185 185 185 185 185 185 184
-32768 -32768 -32768 -32768 -32768 -32768 -32768 -32768 -32768 -32768 -32768 -32768 -32768 -32768 72 75 78 82 85 88 91 95 99 102 107 110 112 116 118 121 124 126 127 130 131 133 136 138 140 141 144 146 149 151 153 155 157 159 161 163 165 167 168 170 172 173 175 176 177 178 179 180 181 181 182 183 183 183 184 184 184 185 185 185 185 185 185 184 184
-32768 -32768 -32768 -32768 -32768 -32768 -32768 -32768 -32768 -32768 -32768 -32768 -32768 -32768 72 74 77 80 83 86 89 93 97 101 106 108 110 113 116 120 123 125 127 128 131 133 136 137 139 141 144 146 148 150 153 155 157 159 161 163 165 167 169 171 172 174 175 176 177 178 179 180 181 181 182 183 183 183 184 184 184 184 185 185 185 185 185 184 184
-32768 -32768 -32768 -32768 -32768 -32768 -32768 -32768 -32768 -32768 -32768 -32768 -32768 -32768 -32768 74 76 79 83 86 89 93 96 100 104 106 110 113 115 118 121 124 126 128 130 132 135 137 139 141 143 146 148 150 153 155 157 159 161 163 165 167 169 170 172 173 175 176 175 178 179 180 180 181 182 183 183 183 184 184 184 184 184 185 185 184 184 184 184
-32768 -32768 -32768 -32768 -32768 -32768 -32768 -32768 -32768 -32768 -32768 -32768 -32768 -32768 -32768 74 76 79 82 86 88 92 95 98 102 105 108 111 113 117 119 123 125 127 129 132 134 136 138 141 143 145 148 150 153 155 157 160 162 164 165 167 169 170 172 173 175 176 175 177 178 179 180 181 182 183 183 184 184 184 184 184 184 184 184 184 184 184 183
-32768 -32768 -32768 -32768 -32768 -32768 -32768 -32768 -32768 -32768 -32768 -32768 -32768 -32768 -32768 74 76 79 82 86 89 91 94 97 101 103 106 110 112 115 118 122 124 127 129 132 134 136 138 140 143 145 148 150 153 155 157 160 162 164 164 167 169 170 172 173 175 174 175 175 176 179 180 181 182 183 183 184 184 184 184 184 184 184 184 184 183 183 183
-32768 -32768 -32768 -32768 -32768 -32768 -32768 -32768 -32768 -32768 -32768 -32768 -32768 -32768 -32768 -32768 75 78 82 85 88 91 94 97 100 102 105 108 111 114 117 120 123 126 129 131 133 135 138 140 142 145 148 150 153 155 157 160 162 163 164 167 169 171 172 173 174 173 173 174 176 178 180 181 182 182 183 184 184 184 184 184 184 184 184 184 183 183 182
-32768 -32768 -32768 -32768 -32768 -32768 -32768 -32768 -32768 -32768 -32768 -32768 -32768 -32768 -32768 -32768 75 77 81 83 87 91 94 96 99 102 104 107 110 113 116 119 122 125 128 130 133 135 137 140 142 145 148 150 153 155 157 160 162 163 165 168 170 171 172 172 173 172 173 175 177 178 180 180 182 183 183 183 184 184 184 184 184 184 183 183 183 183 182
-32768 -32768 -32768 -32768 -32768 -32768 -32768 -32768 -32768 -32768 -32768 -32768 -32768 -32768 -32768 -32768 75 77 80 82 86 90 93 96 98 101 104 107 109 113 115 118 121 124 127 130 132 134 137 139 142 145 148 150 152 155 158 161 163 163 166 168 170 171 171 171 172 171 173 177 178 178 179 180 182 183 183 183 184 184 184 183 183 183 183 183 183 182 182
-32768 -32768 -32768 -32768 -32768 -32768 -32768 -32768 -32768 -32768 -32768 -32768 -32768 -32768 -32768 -32768 -32768 76 78 82 85 88 91 94 97 101 103 105 108 112 115 117 120 123 126 129 132 134 137 139 142 144 147 150 153 155 158 161 163 165 166 168 169 170 170 171 172 173 175 178 179 179 180 181 182 183 183 183 183 183 183 183 183 183 183 182 182 182 182
-32768 -32768 -32768 -32768 -32768 -32768 -32768 -32768 -32768 -32768 -32768 -32768 -32768 -32768 -32768 -32768 -32768 -32768 78 80 84 87 90 93 96 99 102 104 107 110 113 116 120 123 125 128 131 134 136 139 142 144 147 150 153 156 158 161 162 165 166 168 169 170 171 171 173 174 177 178 179 179 180 181 182 183 183 183 183 183 183 183 183 182 182 182 182 181 181
-32768 -32768 -32768 -32768 -32768 -32768 -32768 -32768 -32768 -32768 -32768 -32768 -32768 -32768 -32768 -32768 -32768 -32768 78 80 83 85 88 91 94 97 100 103 107 110 113 116 119 122 125 128 130 133 136 138 141 144 147 150 153 156 158 160 162 164 165 167 169 171 173 174 174 177 178 179 180 181 181 182 182 183 183 183 183 183 183 183 182 182 182 182 181 181 181
-32768 -32768 -32768 -32768 -32768 -32768 -32768 -32768 -32768 -32768 -32768 -32768 -32768 -32768 -32768 -32768 -32768 -32768 -32768 79 82 85 87 90 93 96 99 102 105 108 112 115 118 121 124 127 130 132 135 138 141 144 147 150 153 156 158 160 161 164 165 168 170 172 174 176 177 178 179 180 180 180 181 182 182 183 183 183 183 182 183 182 182 182 181 181 181 181 180
-32768 -32768 -32768 -32768 -32768 -32768 -32768 -32768 -32768 -32768 -32768 -32768 -32768 -32768 -32768 -32768 -32768 -32768 -32768 79 81 83 86 89 92 95 98 101 104 107 110 113 117 120 123 126 129 132 134 137 140 144 147 149 153 156 158 160 162 165 167 170 172 174 176 177 178 179 180 181 182 181 182 182 183 183 183 182 182 182 182 182 182 181 181 181 180 180 180
-32768 -32768 -32768 -32768 -32768 -32768 -32768 -32768 -32768 -32768 -32768 -32768 -32768 -32768 -32768 -32768 -32768 -32768 -32768 -32768 81 82 85 88 91 94 97 100 103 106 109 112 115 119 122 125 128 131 134 137 140 143 146 149 153 155 158 161 163 166 169 172 173 175 176 178 179 180 181 182 183 183 182 183 183 183 182 182 182 182 182 181 181 181 181 180 180 179 179
-32768 -32768 -32768 -32768 -32768 -32768 -32768 -32768 -32768 -32768 -32768 -32768 -32768 -32768 -32768 -32768 -32768 -32768 -32768 -32768 -32768 82 84 87 90 93 96 99 102 105 108 111 114 117 120 123 127 130 133 136 139 143 145 149 152 156 159 162 165 167 170 172 174 175 177 179 181 181 181 183 183 184 184 183 183 182 183 182 181 181 180 180 180 180 179 179 179 179 179
-32768 -32768 -32768 -32768 -32768 -32768 -32768 -32768 -32768 -32768 -32768 -32768 -32768 -32768 -32768 -32768 -32768 -32768 -32768 -32768 -32768 82 83 86 89 92 95 98 101 104 107 110 113 116 119 121 124 127 131 134 138 141 145 149 152 156 159 162 165 167 170 171 174 176 178 180 182 182 182 183 184 183 184 184 183 182 182 182 181 181 180 180 179 179 179 178 178 178 178
-32768 -32768 -32768 -32768 -32768 -32768 -32768 -32768 -32768 -32768 -32768 -32768 -32768 -32768 -32768 -32768 -32768 -32768 -32768 -32768 -32768 -32768 84 85 88 90 93 97 100 103 106 109 112 115 117 120 123 127 131 133 138 141 145 148 152 155 159 162 165 168 170 172 174 177 179 181 183 183 184 184 184 183 184 184 183 182 181 181 181 180 180 179 179 179 179 178 178 177 177
-32768 -32768 -32768 -32768 -32768 -32768 -32768 -32768 -32768 -32768 -32768 -32768 -32768 -32768 -32768 -32768 -32768 -32768 -32768 -32768 -32768 -32768 -32768 85 86 89 92 95 98 101 104 108 111 113 116 118 123 127 130 133 136 141 144 148 152 155 159 162 165 168 171 173 175 178 180 182 184 184 185 185 184 184 184 183 182 181 180 180 179 179 178 178 178 178 178 177 177 177 177
-32768 -32768 -32768 -32768 -32768 -32768 -32768 -32768 -32768 -32768 -32768 -32768 -32768 -32768 -32768 -32768 -32768 -32768 -32768 -32768 -32768 -32768 -32768 -32768 -32768 88 90 93 97 100 103 106 109 112 114 118 122 125 128 132 136 139 143 147 151 155 158 162 165 168 171 174 175 177 179 182 185 187 186 186 185 183 183 183 182 181 179 178 179 178 177 177 177 177 177 177 176 176 176
-32768 -32768 -32768 -32768 -32768 -32768 -32768 -32768 -32768 -32768 -32768 -32768 -32768 -32768 -32768 -32768 -32768 -32768 -32768 -32768 -32768 -32768 -32768 -32768 -32768 -32768 90 91 95 98 102 105 108 111 113 116 120 124 128 131 135 138 142 147 150 154 158 162 165 169 171 173 175 176 179 182 185 188 187 186 184 182 181 181 181 180 180 179 179 178 176 176 176 177 176 176 175 176 176
-32768 -32768 -32768 -32768 -32768 -32768 -32768 -32768 -32768 -32768 -32768 -32768 -32768 -32768 -32768 -32768 -32768 -32768 -32768 -32768 -32768 -32768 -32768 -32768 -32768 -32768 -32768 91 93 97 100 103 106 109 112 115 118 122 127 130 134 137 141 146 150 154 158 162 166 168 171 173 174 176 179 182 184 188 188 185 182 180 179 179 179 179 179 179 179 178 178 178 177 177 177 176 176 176 175
-32768 -32768 -32768 -32768 -32768 -32768 -32768 -32768 -32768 -32768 -32768 -32768 -32768 -32768 -32768 -32768 -32768 -32768 -32768 -32768 -32768 -32768 -32768 -32768 -32768 -32768 -32768 -32768 92 94 97 102 104 107 110 113 118 122 125 129 132 136 140 145 149 153 157 162 165 167 170 172 173 175 179 182 184 186 185 182 180 179 179 178 177 177 178 179 178 178 177 176 175 175 176 176 175 175 174
-32768 -32768 -32768 -32768 -32768 -32768 -32768 -32768 -32768 -32768 -32768 -32768 -32768 -32768 -32768 -32768 -32768 -32768 -32768 -32768 -32768 -32768 -32768 -32768 -32768 -32768 -32768 -32768 -32768 93 94 99 102 104 108 112 115 119 124 128 131 135 139 144 149 153 157 162 165 167 169 171 173 175 179 182 184 183 181 179 177 176 177 178 177 176 177 177 175 175 174 174 173 173 174 174 175 174 174
-32768 -32768 -32768 -32768 -32768 -32768 -32768 -32768 -32768 -32768 -32768 -32768 -32768 -32768 -32768 -32768 -32768 -32768 -32768 -32768 -32768 -32768 -32768 -32768 -32768 -32768 -32768 -32768 -32768 -32768 -32768 96 98 102 105 109 112 116 121 126 130 134 138 142 147 152 157 161 165 166 167 170 174 176 178 181 182 180 180 178 176 175 176 178 178 177 177 175 173 173 173 172 172 172 172 173 173 173 174
-32768 -32768 -32768 -32768 -32768 -32768 -32768 -32768 -32768 -32768 -32768 -32768 -32768 -32768 -32768 -32768 -32768 -32768 -32768 -32768 -32768 -32768 -32768 -32768 -32768 -32768 -32768 -32768 -32768 -32768 -32768 94 95 99 102 106 110 114 120 124 128 132 137 141 146 151 156 160 165 167 167 171 174 177 178 180 181 181 180 179 177 175 174 177 176 174 173 171 170 170 170 170 170 170 171 171 172 172 173
-32768 -32768 -32768 -32768 -32768 -32768 -32768 -32768 -32768 -32768 -32768 -32768 -32768 -32768 -32768 -32768 -32768 -32768 -32768 -32768 -32768 -32768 -32768 -32768 -32768 -32768 -32768 -32768 -32768 -32768 -32768 -32768 93 95 99 102 106 111 117 123 127 131 135 140 145 150 153 157 162 169 171 174 176 177 178 179 179 179 179 179 178 175 171 174 176 172 170 168 167 168 168 168 169 169 170 171 171 171 172
-32768 -32768 -32768 -32768 -32768 -32768 -32768 -32768 -32768 -32768 -32768 -32768 -32768 -32768 -32768 -32768 -32768 -32768 -32768 -32768 -32768 -32768 -32768 -32768 -32768 -32768 -32768 -32768 -32768 -32768 -32768 -32768 -32768 92 95 99 104 108 115 120 124 129 133 137 143 147 150 154 160 164 171 172 174 174 175 176 174 174 175 174 175 176 174 172 169 171 169 167 165 165 166 167 167 168 169 169 170 170 171
-32768 -32768 -32768 -32768 -32768 -32768 -32768 -32768 -32768 -32768 -32768 -32768 -32768 -32768 -32768 -32768 -32768 -32768 -32768 -32768 -32768 -32768 -32768 -32768 -32768 -32768 -32768 -32768 -32768 -32768 -32768 -32768 -32768 90 91 96 102 106 112 118 122 127 132 135 140 145 147 152 156 162 168 169 169 169 170 171 170 169 169 169 171 171 172 168 164 162 164 165 165 164 164 165 166 167 168 168 169 170 171
