Part_1_SDMs/env_data/present_climate/bioclim_7.asc
NCOLS 888 
NROWS 876 
XLLCORNER -19 
YLLCORNER -35 
CELLSIZE 0.0833333333333333 
NODATA_value -32768 
[rows 630 to 664 of 876, columns 553 to 631 of 888]
246 246 245 244 244 244 244 243 241 241 242 241 239 239 238 237 238 238 240 241 243 243 243 244 246 245 245 244 245 247 252 247 247 253 258 253 250 242 245 253 251 247 245 241 237 234 230 226 222 218 216 218 217 218 219 220 222 222 223 225 224 230 235 240 242 243 244 246 247 244 243 244 243 237 235 226 216 206 204
246 246 244 244 243 244 243 242 242 241 241 240 239 238 237 238 238 239 239 240 242 242 242 244 246 245 243 242 246 249 255 257 259 258 259 256 252 244 250 254 250 245 242 238 235 234 230 226 222 219 217 218 217 217 218 219 219 222 223 226 225 229 235 240 241 243 244 246 247 245 245 242 241 238 233 222 215 208 204
246 245 244 243 243 243 242 242 241 241 240 238 238 238 238 238 238 238 240 240 242 242 242 251 255 256 257 256 255 258 259 259 259 258 257 258 252 248 251 254 247 240 237 234 233 232 228 224 220 217 218 220 220 219 217 217 216 219 220 223 228 230 227 234 241 244 244 246 247 240 242 242 239 236 227 226 215 209 203
245 245 244 243 243 242 242 241 241 240 240 238 238 239 239 240 240 240 241 242 244 249 253 257 258 257 258 258 259 259 259 258 255 250 251 249 251 254 254 252 241 236 237 235 233 229 227 223 222 219 220 221 221 220 218 215 216 218 220 222 226 228 230 231 237 241 243 244 245 242 240 240 238 236 231 224 218 209 202
247 243 244 243 243 243 243 241 241 240 238 237 237 238 238 238 239 240 240 241 249 256 255 258 258 257 259 259 258 258 258 256 250 247 248 248 252 255 252 251 246 242 241 238 232 227 224 224 224 222 221 223 222 221 218 217 214 215 217 219 223 220 224 230 228 241 244 241 244 242 239 238 238 235 230 222 222 211 200
248 245 245 244 244 243 243 242 242 240 239 238 237 237 237 238 238 238 238 240 249 253 253 251 253 258 256 251 250 249 252 252 248 238 247 250 252 255 252 250 247 245 242 236 231 226 225 224 225 224 222 224 223 220 218 217 215 213 215 218 221 224 232 232 234 238 242 240 241 242 239 238 237 233 229 221 221 215 201
248 247 247 247 244 244 243 243 244 242 241 239 239 237 236 237 236 237 237 239 238 238 241 240 253 255 247 242 243 246 246 247 241 243 244 244 249 254 253 250 250 244 238 230 227 227 227 224 224 226 224 224 224 221 219 218 216 215 214 215 215 222 231 235 238 239 243 240 240 241 238 236 235 232 229 227 219 209 200
250 248 250 248 246 246 246 245 245 243 242 240 240 237 236 238 238 237 238 237 238 239 239 240 245 243 241 239 241 244 244 246 242 244 248 251 254 256 255 253 250 244 232 226 229 229 228 227 225 226 226 225 225 222 220 219 218 215 214 221 223 226 225 231 236 239 241 242 238 240 238 236 234 232 229 227 223 214 203
253 252 252 251 250 249 249 247 246 245 243 240 238 236 236 237 239 239 237 237 236 238 241 242 239 237 239 240 239 243 243 245 242 250 250 249 250 254 254 252 248 237 228 231 229 232 232 229 227 226 228 226 226 223 221 219 223 219 218 223 226 229 230 231 235 238 239 240 240 240 238 236 234 231 228 228 224 219 212
257 256 254 253 253 251 251 248 248 246 242 240 237 234 233 235 239 238 239 238 239 238 240 240 237 236 236 236 235 241 244 239 239 247 250 253 252 252 253 252 248 242 236 236 235 235 234 231 230 228 227 228 228 223 221 224 226 220 217 227 228 230 231 234 236 235 237 237 239 240 238 234 232 231 229 227 221 223 219
258 258 257 255 254 254 252 251 249 247 241 236 234 230 227 230 234 237 238 239 240 239 239 237 235 236 236 238 239 242 245 244 242 251 251 251 252 253 251 252 249 245 241 240 238 237 235 235 232 231 228 229 230 227 227 228 229 227 230 234 237 238 238 240 239 235 235 238 239 240 238 234 230 229 229 228 226 224 218
261 260 259 258 257 256 254 252 251 248 244 238 233 228 225 225 228 232 235 237 239 239 240 235 234 235 237 239 243 247 250 248 252 252 249 249 249 251 252 251 249 246 242 239 240 238 237 235 235 233 230 227 229 233 230 234 234 234 235 239 241 241 243 243 242 239 238 234 237 238 238 233 228 224 227 227 226 224 222
264 263 260 259 258 257 256 255 254 251 249 244 238 232 229 226 227 230 233 237 239 238 237 238 238 237 234 237 243 250 252 254 255 250 245 245 244 248 251 249 247 246 245 245 244 241 238 239 241 240 237 232 232 235 238 237 239 241 240 242 245 245 246 244 244 241 237 234 233 237 236 234 229 224 220 225 225 223 221
264 263 262 261 260 259 258 256 254 254 251 249 244 240 235 235 235 235 236 235 235 233 232 233 239 241 241 244 253 256 256 256 255 253 252 249 244 246 248 250 248 249 247 247 246 243 239 238 241 242 243 244 244 244 243 242 244 245 243 245 246 246 247 246 244 242 235 232 226 230 230 235 228 228 225 223 224 221 220
266 265 263 262 261 260 259 257 257 256 254 250 247 242 238 236 240 242 241 239 237 232 233 235 236 243 256 256 256 256 255 253 251 252 251 247 236 242 240 248 248 247 246 245 244 244 244 243 244 244 243 244 244 244 244 245 245 245 246 246 246 246 246 245 242 241 239 233 232 233 232 234 232 229 225 223 222 217 219
267 265 265 264 263 262 260 259 258 256 254 252 249 245 239 239 242 244 244 243 246 249 250 252 256 257 257 257 255 255 253 250 251 250 248 246 243 240 244 246 244 245 244 242 241 242 243 243 244 244 244 243 242 243 244 241 241 243 244 245 245 244 243 242 239 239 237 237 235 235 232 232 230 230 225 222 221 218 217
268 267 265 264 264 262 261 258 256 255 253 251 248 246 243 241 242 248 251 254 257 258 258 259 258 257 256 255 254 253 252 251 249 247 242 236 239 241 243 243 243 243 242 241 241 241 241 242 243 243 243 243 241 241 243 242 241 242 241 243 244 243 241 239 237 235 235 234 233 231 230 228 226 226 227 224 221 215 214
269 268 266 265 263 262 261 259 256 252 249 249 247 243 241 243 243 247 253 256 256 259 259 258 256 256 255 254 252 251 249 249 247 245 236 239 240 243 242 241 241 241 241 240 240 241 242 243 244 242 243 242 242 241 243 241 236 236 236 241 243 242 239 236 235 233 232 232 231 230 229 228 227 225 224 224 220 216 215
270 268 267 265 263 262 261 259 256 252 247 247 247 246 243 243 247 247 252 254 254 257 257 255 255 254 253 253 251 248 247 246 246 245 244 242 242 243 243 242 241 240 240 240 240 242 243 243 244 244 244 243 243 242 242 240 238 237 240 242 241 240 237 236 234 234 233 231 231 229 228 227 225 223 220 221 220 217 217
270 269 267 266 263 261 260 257 255 252 249 244 244 246 247 244 240 241 250 254 254 255 255 254 253 252 251 250 248 246 243 242 244 243 244 245 244 243 244 242 240 241 241 242 241 243 243 244 245 245 244 244 245 244 243 241 240 240 240 238 237 236 232 234 235 235 233 232 232 230 228 227 225 223 222 221 220 219 217
271 268 267 265 263 261 260 257 255 251 247 243 241 243 244 248 245 250 253 253 254 254 252 250 246 241 239 243 239 238 237 234 237 242 244 244 245 244 243 242 242 243 243 242 243 244 244 245 246 246 246 246 246 246 245 244 243 240 236 234 235 234 234 233 234 236 235 234 232 230 223 226 224 222 219 216 215 216 216
270 269 267 265 263 261 259 258 256 253 247 246 243 245 249 252 253 251 250 252 254 254 247 239 238 236 234 236 236 232 232 232 232 235 237 241 242 238 237 242 244 244 244 243 244 245 246 247 246 247 247 247 246 246 245 244 243 240 237 237 237 237 237 235 234 234 236 234 233 230 224 224 222 220 218 215 214 213 215
270 268 267 265 262 260 258 258 258 257 253 250 249 250 253 252 251 250 251 251 249 247 240 238 238 237 235 232 232 230 229 228 230 235 237 240 235 230 229 233 236 238 239 241 243 245 247 248 248 248 248 248 246 247 243 241 241 241 239 240 239 239 238 237 236 234 234 234 234 231 229 225 223 222 220 217 216 215 214
270 268 266 264 262 260 258 256 257 256 257 256 257 255 253 252 251 250 250 247 245 246 245 244 244 240 236 232 230 228 226 230 234 232 235 233 230 225 230 233 231 230 229 231 237 237 237 237 233 235 234 238 240 238 237 230 230 236 237 237 235 234 236 235 234 235 234 234 234 232 230 228 226 222 221 219 219 218 216
270 268 265 262 260 259 257 257 258 259 256 256 254 255 254 253 253 252 251 249 249 250 250 248 245 241 236 229 227 227 225 229 227 228 234 229 227 226 228 233 228 229 230 230 231 228 235 238 235 230 231 234 235 233 233 233 235 235 235 231 231 229 229 230 230 231 231 230 229 229 228 227 227 223 222 222 220 215 213
270 268 266 263 261 260 258 260 260 258 255 257 257 256 255 254 252 252 250 250 250 250 250 248 242 238 232 232 231 227 223 225 226 227 230 227 225 223 225 230 229 228 231 230 229 227 230 237 236 235 237 238 239 239 237 237 237 237 233 230 231 231 230 231 231 229 227 223 225 224 225 227 227 225 222 222 219 213 212
270 268 264 263 261 260 259 258 260 259 259 256 257 256 255 253 253 252 250 250 250 250 249 244 236 236 234 231 229 225 222 224 226 229 228 228 223 222 223 228 231 233 231 231 231 229 227 236 236 240 242 244 245 245 243 243 241 239 237 235 234 234 234 235 233 232 229 226 227 227 227 228 227 224 223 221 218 214 211
270 267 264 263 261 261 259 261 260 260 259 257 256 255 255 253 252 251 250 249 250 247 244 239 236 234 232 230 227 223 221 226 227 227 227 228 226 222 222 225 232 234 232 232 230 227 232 236 237 241 245 247 247 250 250 246 245 244 242 241 240 238 235 233 232 230 230 227 224 223 222 223 224 224 223 220 214 211 211
269 266 264 263 261 259 260 261 260 259 258 257 256 254 253 252 252 249 241 239 242 239 240 238 235 233 231 229 228 224 220 224 227 228 230 229 226 224 224 228 233 236 234 232 227 225 233 233 234 238 243 244 246 248 249 250 248 246 244 242 239 236 235 235 232 230 229 226 220 219 218 219 220 221 222 219 215 210 211
267 265 263 261 260 260 260 261 260 259 257 257 255 254 252 251 251 244 237 237 239 240 239 237 235 233 233 230 227 226 225 226 229 230 230 230 228 225 225 232 230 235 234 231 221 224 230 234 237 241 239 241 243 247 251 249 247 244 245 241 240 238 237 233 229 227 224 222 220 220 218 219 220 222 218 217 214 209 209
266 264 262 260 260 260 261 259 259 258 257 256 255 253 249 249 243 237 236 238 241 244 241 239 236 234 233 230 228 229 229 228 228 230 231 230 230 227 227 230 226 228 231 228 220 219 228 233 235 234 231 240 245 249 250 252 250 249 244 240 240 237 234 232 227 222 222 222 221 221 219 219 221 219 215 213 211 208 209
264 263 260 261 260 260 260 259 257 256 256 255 254 251 248 249 246 243 242 243 245 244 244 239 239 236 234 232 231 230 229 228 228 230 231 231 231 227 233 231 226 227 230 224 223 225 231 234 233 232 239 239 246 252 255 254 251 247 239 240 237 234 228 228 223 222 221 220 220 219 217 218 219 215 213 210 209 208 209
263 261 260 260 259 259 258 258 256 254 253 253 252 252 250 249 248 246 244 243 245 243 243 241 240 237 234 233 232 233 231 231 229 230 232 233 233 232 239 234 231 230 230 222 225 233 237 237 239 239 248 251 248 251 252 253 244 242 239 238 231 232 227 222 220 219 218 219 218 218 218 220 218 212 210 207 207 207 209
261 260 259 258 258 258 257 255 254 251 251 250 250 250 248 249 247 246 244 243 244 242 241 243 243 242 240 239 237 236 235 233 231 230 233 236 234 238 242 235 234 232 226 222 224 232 236 238 241 245 250 256 258 259 257 248 244 240 236 234 227 225 222 220 216 211 215 219 218 219 219 219 216 211 207 207 203 207 208
260 259 258 258 257 256 255 252 251 250 251 249 249 250 248 247 248 245 243 243 244 242 241 242 241 241 242 241 239 238 236 235 234 233 233 237 238 246 241 237 235 234 226 224 226 229 232 237 239 241 248 255 257 252 247 247 241 234 233 234 224 214 211 213 214 215 219 217 217 212 216 218 210 208 206 206 207 207 207
