Part_1_SDMs/env_data/present_climate/bioclim_15.asc
NCOLS 888 
NROWS 876 
XLLCORNER -19 
YLLCORNER -35 
CELLSIZE 0.0833333333333333 
NODATA_value -32768 
[rows 216 to 251 of 876, columns 486 to 566 of 888]
60 60 85 85 85 85 85 85 85 85 85 85 111 85 111 111 137 137 137 137 137 137 137 137 166 166 166 162 136 136 166 166 166 166 84 97 97 97 97 97 98 98 98 98 98 98 98 98 193 193 193 193 193 193 193 193 193 193 110 110 114 114 114 114 114 114 114 114 114 114 114 114 114 114 114 202 202 202 202 202 202
85 85 85 85 85 85 85 85 85 111 111 111 111 112 137 137 137 137 137 136 137 137 137 136 166 166 166 162 162 166 97 84 97 97 97 97 97 97 97 97 97 98 98 97 98 98 98 98 98 98 111 111 111 111 110 110 110 113 113 113 113 114 114 127 127 127 127 127 127 127 114 114 114 114 114 114 114 202 202 202 202
85 85 85 85 85 85 85 111 111 111 111 111 112 137 137 137 137 137 137 166 166 136 136 162 166 166 166 162 166 97 97 97 97 97 97 97 97 110 97 110 110 97 98 110 111 98 111 111 111 111 111 111 111 111 111 113 113 113 113 126 126 126 126 127 127 127 127 127 127 127 127 127 114 114 114 114 114 114 114 114 114
85 85 85 111 111 111 111 111 111 111 111 143 142 142 142 142 166 166 137 166 166 162 162 166 166 96 166 166 97 97 97 97 110 110 110 110 110 110 110 110 110 110 110 110 111 111 111 111 111 111 111 111 111 126 126 126 126 126 126 126 126 126 139 139 142 142 142 143 140 127 127 127 127 127 127 127 127 127 114 114 114
111 111 111 111 111 111 111 111 111 111 111 142 142 142 167 166 166 166 166 166 166 162 96 97 97 97 97 97 97 97 97 110 110 110 110 110 110 110 110 110 110 110 110 110 110 111 111 124 124 124 126 126 126 126 126 126 126 126 126 139 139 139 139 155 155 155 155 156 143 143 143 140 140 127 127 127 127 127 127 127 127
111 111 111 111 111 111 111 111 111 138 167 167 142 142 166 166 96 96 166 166 166 166 96 97 97 97 97 97 97 110 110 110 110 110 110 110 110 110 110 123 123 123 123 123 123 123 124 126 126 126 126 126 126 126 139 139 139 139 139 139 139 139 142 155 155 155 155 156 156 156 156 143 143 143 143 140 140 140 140 143 127
111 119 119 144 144 144 144 144 138 143 167 167 167 167 96 96 96 96 96 96 96 97 97 97 97 110 110 110 110 123 123 123 123 123 110 123 123 123 123 123 123 123 123 123 123 125 125 126 126 139 139 139 139 139 139 139 139 139 139 152 155 155 155 155 155 168 168 168 169 169 156 156 156 156 143 143 143 143 143 143 143
119 144 144 111 144 144 143 169 169 169 167 167 193 167 96 109 109 109 96 97 97 97 110 110 123 123 123 123 123 123 123 123 123 123 123 123 123 123 123 123 123 125 125 138 138 138 138 138 138 139 139 139 139 139 152 152 152 152 155 155 155 155 168 168 168 184 184 184 184 173 169 169 156 156 156 156 156 156 156 156 156
144 111 111 111 138 138 138 143 143 169 169 193 96 109 109 109 110 110 110 97 110 123 123 123 125 123 125 125 127 127 139 139 139 139 139 139 125 138 138 139 139 139 139 139 139 139 138 138 138 151 152 152 152 152 152 152 155 155 155 155 168 168 168 168 184 197 197 197 197 184 185 185 169 169 169 169 169 156 156 156 156
119 111 111 144 144 144 169 195 169 169 167 193 111 111 125 110 110 110 110 110 123 125 125 138 138 139 139 139 139 139 139 139 139 139 139 139 139 139 139 139 139 139 139 139 152 152 152 152 152 152 152 153 152 152 168 168 168 168 168 168 181 181 181 184 197 140 197 197 197 198 198 185 185 185 182 169 169 169 169 169 169
111 111 144 144 169 169 195 195 110 193 193 193 109 109 110 110 110 110 110 125 138 138 139 139 139 139 139 139 139 152 152 152 152 152 139 139 139 139 152 152 152 152 152 152 152 152 152 152 165 165 165 166 169 169 169 169 182 182 181 181 181 197 197 197 140 140 197 140 142 210 211 198 198 198 185 185 185 185 185 185 185
119 144 144 170 195 195 114 113 126 110 193 110 109 109 110 123 110 110 123 138 152 152 152 152 152 152 152 152 152 152 152 152 152 152 152 152 152 152 152 152 152 152 152 165 165 165 165 165 165 167 167 167 180 182 182 182 182 182 182 195 197 197 140 140 151 140 142 151 151 151 215 211 211 198 198 198 198 198 198 198 198
144 144 144 170 169 195 222 127 110 110 110 110 109 123 123 123 123 123 123 136 165 163 163 163 163 163 163 165 165 165 165 165 165 165 165 165 152 165 165 165 165 165 165 165 165 165 165 180 180 180 180 180 180 193 195 195 195 195 197 197 140 140 140 151 151 151 151 151 151 151 152 152 215 211 211 211 211 211 211 211 211
170 170 170 195 195 195 222 124 222 110 110 123 125 138 138 123 136 138 152 152 178 178 178 120 120 120 119 165 165 119 180 167 167 167 167 167 167 167 167 167 167 167 178 178 180 180 180 180 180 180 193 193 193 193 131 139 140 140 140 140 140 149 151 151 151 159 159 159 159 152 152 152 152 152 152 152 152 215 215 215 152
196 195 195 222 222 114 127 127 124 126 138 138 138 138 138 138 151 165 167 165 178 129 128 128 120 120 120 128 128 120 120 120 180 180 180 180 180 180 180 180 180 180 182 182 182 182 130 130 130 193 193 193 139 139 139 139 148 149 149 149 151 151 151 159 159 159 170 170 170 170 160 160 160 160 160 152 152 152 160 152 152
114 114 114 127 127 127 127 140 139 139 138 151 151 151 151 152 165 128 128 178 129 128 128 137 137 137 137 137 137 128 128 128 128 129 129 130 130 182 130 130 130 130 130 130 130 130 130 130 138 138 140 140 149 149 149 149 149 159 159 159 159 159 159 159 168 170 179 170 170 171 171 169 160 160 160 160 169 169 160 169 160
127 127 140 140 140 140 153 153 152 164 164 164 164 165 165 180 178 193 129 137 137 147 146 147 147 147 146 138 127 180 128 138 138 138 131 131 129 130 130 130 130 130 130 138 138 138 138 138 140 149 149 149 149 157 157 157 159 159 159 169 169 169 168 168 170 179 179 179 179 179 180 180 180 171 180 171 171 171 180 180 171
156 156 156 169 169 169 169 168 165 164 179 164 180 180 178 180 178 130 130 137 146 155 147 156 147 147 130 129 130 129 130 130 130 131 140 140 140 140 140 140 140 140 138 138 138 147 149 149 149 149 157 157 157 159 159 167 167 167 176 176 177 179 179 179 179 188 188 188 190 190 188 188 188 188 188 188 188 188 188 180 188
181 181 181 181 182 182 182 194 192 179 180 193 193 180 178 178 130 130 130 129 156 156 146 146 138 129 129 138 138 130 130 138 138 138 147 147 148 148 148 149 149 149 149 150 150 150 158 158 157 157 157 167 167 167 167 167 176 178 178 187 188 188 188 188 188 188 199 199 199 207 200 199 199 199 199 199 199 199 199 191 188
210 210 210 210 210 210 206 136 137 137 137 137 137 193 130 138 138 138 138 147 156 156 138 129 138 138 138 138 138 138 146 146 148 157 158 158 148 148 148 148 158 158 158 158 158 158 158 167 167 169 169 177 177 176 176 176 187 187 187 187 195 195 199 199 199 199 207 157 163 163 207 211 208 208 210 208 208 208 208 208 199
147 147 147 147 147 147 155 146 147 146 146 146 137 138 138 147 138 138 140 138 138 138 138 146 148 148 148 148 148 148 148 157 158 166 166 166 158 160 160 160 160 167 167 167 167 167 167 177 177 177 177 177 186 187 187 187 196 196 196 195 196 199 207 207 207 162 163 170 170 170 170 170 171 164 164 164 219 219 219 219 216
167 167 165 165 165 156 155 154 155 156 155 156 147 147 147 149 148 148 146 146 146 148 148 148 148 157 157 157 157 166 166 166 175 175 166 166 166 166 168 168 168 168 177 177 179 179 177 186 186 186 186 187 196 196 196 196 153 155 155 155 156 207 162 164 164 170 171 178 178 184 178 178 171 171 171 171 171 171 170 170 170
184 184 184 184 176 176 175 172 163 164 165 166 157 156 157 157 157 155 157 148 148 148 157 157 157 159 167 168 132 132 132 139 139 132 132 132 132 175 176 176 176 178 186 187 187 187 187 196 148 148 148 196 153 153 153 155 155 161 161 161 161 162 164 170 176 178 184 184 192 192 185 184 179 179 179 179 179 179 179 179 177
204 204 204 204 204 193 192 182 182 172 172 173 167 167 165 165 165 157 157 157 157 157 167 167 167 168 139 140 139 140 140 139 139 139 139 139 139 139 140 140 141 141 146 146 196 196 148 154 154 154 154 161 162 162 162 168 168 168 169 169 169 169 177 178 184 185 185 185 193 193 193 194 185 179 179 179 185 185 185 185 185
174 174 167 166 166 159 158 150 191 191 182 182 183 176 176 175 165 165 167 132 167 132 132 132 147 147 147 153 147 147 147 147 141 140 141 146 146 146 146 146 147 147 154 155 155 155 154 161 161 162 162 168 168 168 168 176 176 176 176 176 182 184 184 184 185 185 193 191 193 193 194 194 194 185 185 185 185 192 192 185 192
194 194 188 187 180 180 171 164 158 157 151 144 145 143 142 137 139 139 132 146 152 146 153 158 159 153 162 161 153 153 153 154 154 154 154 147 154 154 154 154 153 154 161 161 161 162 169 169 169 169 176 175 176 176 176 183 183 184 191 191 191 191 193 193 193 193 199 199 199 200 200 194 194 200 200 194 194 200 200 200 200
173 177 172 209 207 194 185 185 179 171 165 164 157 150 157 150 151 152 147 153 138 138 138 133 133 133 133 168 162 168 162 161 161 155 154 154 160 160 161 161 161 168 168 169 169 176 176 176 176 177 184 184 184 184 183 191 191 197 199 199 199 199 199 199 200 199 199 206 208 206 208 200 200 208 208 208 200 206 200 206 206
201 195 195 189 183 170 165 165 160 193 186 179 177 177 172 172 143 155 148 143 148 148 150 145 145 145 145 145 141 141 168 168 168 168 162 162 169 169 167 167 167 175 176 176 176 183 185 185 184 190 190 190 191 198 198 198 165 165 165 170 171 171 166 164 166 166 166 172 215 208 215 215 208 208 215 215 215 215 215 208 215
186 182 182 177 171 187 182 182 182 182 171 165 159 171 159 154 160 158 136 160 155 155 155 150 150 150 150 150 146 146 141 141 141 136 169 169 175 175 175 176 146 146 182 182 190 190 191 191 197 159 159 198 163 165 165 165 170 171 176 176 176 171 171 171 171 171 171 172 172 172 179 178 173 173 173 178 178 178 178 178 178
200 201 195 190 185 180 171 166 162 161 156 155 151 155 171 146 146 141 145 141 167 167 162 162 162 162 156 152 148 147 146 141 141 141 141 146 147 147 146 151 151 152 152 158 158 158 164 164 164 164 170 170 170 170 170 176 176 176 181 183 183 178 176 177 178 178 179 179 179 179 184 184 183 183 183 183 183 183 183 183 183
180 180 176 195 171 167 190 186 176 170 170 148 168 163 156 151 136 150 150 147 143 142 142 145 140 140 140 157 157 157 153 153 148 148 151 152 152 152 157 158 158 157 162 164 164 169 170 170 171 175 175 175 177 182 182 182 188 188 188 188 188 188 188 189 188 190 190 190 190 190 190 190 190 190 190 190 190 190 190 190 190
188 188 184 176 175 175 175 171 166 159 156 156 151 144 144 140 140 159 155 155 151 151 151 149 148 145 140 164 164 158 159 158 153 158 158 158 159 164 163 163 163 169 169 170 175 175 176 181 181 182 182 187 187 188 188 193 193 193 195 195 195 194 194 194 194 195 196 196 202 202 202 202 197 197 197 197 197 197 202 202 197
192 188 185 183 184 179 179 179 154 147 162 164 156 155 152 147 144 144 144 140 141 138 156 156 155 146 145 146 142 164 164 164 164 165 165 163 169 169 170 175 175 174 175 181 181 181 188 188 187 193 194 194 194 194 199 200 200 200 200 200 200 200 168 201 201 172 207 207 209 209 209 209 209 204 209 209 209 209 209 209 204
176 180 180 183 184 184 187 159 158 154 169 151 144 160 160 156 152 148 148 148 149 144 163 160 155 154 149 151 146 142 142 171 170 170 170 175 176 176 180 180 181 155 155 187 160 160 193 166 166 166 166 199 167 171 171 171 171 172 172 172 176 176 177 177 177 182 177 183 183 184 180 180 180 180 180 180 180 184 184 180 180
198 177 181 184 184 179 184 164 160 159 154 154 151 147 143 143 140 156 153 153 154 149 144 164 160 160 155 156 152 147 146 146 146 152 152 150 150 156 156 156 160 160 164 165 165 166 171 170 171 172 176 176 176 177 177 181 181 182 182 182 186 186 182 187 187 193 193 193 193 194 190 190 190 190 190 190 190 190 190 185 185
169 177 181 184 180 184 184 179 179 163 161 161 154 151 150 147 144 144 137 137 138 153 145 145 141 141 141 161 156 152 152 152 156 155 155 160 161 161 164 165 165 169 170 170 174 174 176 180 181 180 181 181 185 187 187 187 191 192 192 196 197 192 192 193 193 197 199 173 173 200 200 195 195 195 195 195 195 195 195 195 195
