Part_1_SDMs/env_data/present_climate/bioclim_9.asc
NCOLS 888 
NROWS 876 
XLLCORNER -19 
YLLCORNER -35 
CELLSIZE 0.0833333333333333 
NODATA_value -32768 
[rows 315 to 349 of 876, columns 790 to 868 of 888]
-32768 -32768 -32768 -32768 -32768 -32768 -32768 -32768 -32768 -32768 -32768 -32768 -32768 -32768 -32768 -32768 -32768 -32768 -32768 -32768 -32768 -32768 -32768 -32768 -32768 -32768 -32768 -32768 -32768 -32768 -32768 -32768 -32768 -32768 -32768 -32768 -32768 -32768 -32768 -32768 -32768 -32768 -32768 301 295 291 287 284 285 280 270 257 258 285 -32768 -32768 -32768 -32768 -32768 -32768 -32768 -32768 -32768 -32768 -32768 -32768 -32768 -32768 -32768 -32768 -32768 -32768 -32768 -32768 -32768 -32768 -32768 -32768 -32768
-32768 -32768 -32768 -32768 -32768 -32768 -32768 -32768 -32768 -32768 -32768 -32768 -32768 -32768 -32768 -32768 -32768 -32768 -32768 -32768 -32768 -32768 -32768 -32768 -32768 -32768 -32768 -32768 -32768 -32768 -32768 -32768 -32768 -32768 -32768 -32768 -32768 -32768 -32768 -32768 -32768 286 285 264 259 258 267 275 273 265 259 256 265 -32768 -32768 -32768 -32768 -32768 -32768 -32768 -32768 -32768 -32768 -32768 -32768 -32768 -32768 -32768 -32768 -32768 -32768 -32768 -32768 -32768 -32768 -32768 -32768 -32768 -32768
-32768 -32768 -32768 -32768 -32768 -32768 -32768 -32768 -32768 -32768 -32768 -32768 -32768 -32768 -32768 -32768 -32768 -32768 -32768 -32768 -32768 -32768 -32768 -32768 -32768 -32768 -32768 -32768 -32768 -32768 -32768 -32768 -32768 -32768 -32768 -32768 -32768 262 317 244 287 281 276 271 264 251 246 260 261 261 269 284 289 -32768 -32768 -32768 -32768 -32768 -32768 -32768 -32768 -32768 -32768 -32768 -32768 -32768 -32768 -32768 -32768 -32768 -32768 -32768 -32768 -32768 -32768 -32768 -32768 -32768 -32768
-32768 -32768 -32768 -32768 -32768 -32768 -32768 -32768 -32768 -32768 -32768 -32768 -32768 -32768 -32768 -32768 -32768 -32768 -32768 -32768 -32768 -32768 -32768 -32768 -32768 -32768 -32768 -32768 -32768 -32768 -32768 -32768 247 247 249 217 255 257 310 243 294 241 238 273 259 251 245 246 253 261 280 287 -32768 -32768 -32768 -32768 -32768 -32768 -32768 -32768 -32768 -32768 -32768 -32768 -32768 -32768 -32768 -32768 -32768 -32768 -32768 -32768 -32768 -32768 -32768 -32768 -32768 -32768 -32768
-32768 -32768 -32768 -32768 -32768 -32768 -32768 -32768 -32768 -32768 -32768 -32768 -32768 -32768 -32768 -32768 -32768 -32768 -32768 -32768 -32768 -32768 -32768 -32768 -32768 -32768 -32768 -32768 -32768 -32768 -32768 258 222 196 195 195 214 249 310 246 243 240 294 239 281 268 255 246 248 250 281 292 -32768 -32768 -32768 -32768 -32768 -32768 -32768 -32768 -32768 -32768 -32768 -32768 -32768 -32768 -32768 -32768 -32768 -32768 -32768 -32768 -32768 -32768 -32768 -32768 -32768 -32768 -32768
-32768 -32768 -32768 -32768 -32768 -32768 -32768 -32768 -32768 -32768 -32768 -32768 -32768 -32768 -32768 -32768 -32768 -32768 263 264 264 264 265 264 265 -32768 267 268 268 261 244 247 225 182 158 158 182 200 230 232 227 284 235 238 284 274 264 261 262 268 290 -32768 -32768 -32768 -32768 -32768 -32768 -32768 -32768 -32768 -32768 -32768 -32768 -32768 -32768 -32768 -32768 -32768 -32768 -32768 -32768 -32768 -32768 -32768 -32768 -32768 -32768 -32768 -32768
-32768 -32768 -32768 -32768 -32768 -32768 254 253 253 -32768 -32768 -32768 -32768 -32768 -32768 -32768 263 262 251 260 261 261 257 260 266 266 266 265 263 258 241 217 210 196 181 166 168 187 212 224 222 281 283 287 286 282 278 274 271 273 295 298 -32768 -32768 -32768 -32768 -32768 -32768 -32768 -32768 -32768 -32768 -32768 -32768 -32768 -32768 -32768 -32768 -32768 -32768 -32768 -32768 -32768 -32768 -32768 -32768 -32768 -32768 -32768
-32768 -32768 -32768 -32768 253 252 249 251 252 254 255 254 255 254 253 253 252 245 223 230 251 252 258 259 260 261 262 262 256 242 223 222 205 195 182 166 175 185 199 211 218 215 281 285 286 287 286 285 280 290 298 293 292 -32768 -32768 -32768 -32768 -32768 -32768 -32768 -32768 -32768 -32768 -32768 -32768 -32768 -32768 -32768 -32768 -32768 -32768 -32768 -32768 -32768 -32768 -32768 -32768 -32768 -32768
-32768 -32768 -32768 252 248 243 237 228 234 234 239 244 239 235 231 225 219 206 202 205 236 239 243 242 239 222 228 244 244 224 223 212 201 187 176 169 172 178 188 197 205 211 278 285 235 291 293 292 289 296 299 295 -32768 -32768 -32768 -32768 -32768 -32768 -32768 -32768 -32768 -32768 -32768 -32768 -32768 -32768 -32768 -32768 -32768 -32768 -32768 -32768 -32768 -32768 -32768 -32768 -32768 -32768 -32768
-32768 251 245 244 234 237 231 227 222 212 204 203 189 180 170 162 157 162 155 154 161 159 180 177 172 195 219 232 239 222 199 197 196 191 181 170 168 178 186 192 202 211 282 226 237 241 294 294 296 300 296 302 -32768 -32768 -32768 -32768 -32768 -32768 -32768 -32768 -32768 -32768 -32768 -32768 -32768 -32768 -32768 -32768 -32768 -32768 -32768 -32768 -32768 -32768 -32768 -32768 -32768 -32768 -32768
247 245 239 231 228 227 200 172 161 157 154 155 155 163 162 167 173 177 181 176 170 171 176 181 187 206 221 230 230 235 221 203 191 185 182 178 173 175 185 194 200 211 221 227 291 291 243 297 300 302 296 303 -32768 -32768 -32768 -32768 -32768 -32768 -32768 -32768 -32768 -32768 -32768 -32768 -32768 -32768 -32768 -32768 -32768 -32768 -32768 -32768 -32768 -32768 -32768 -32768 -32768 -32768 -32768
238 232 226 203 190 174 144 145 157 168 168 167 168 166 171 176 183 190 195 198 196 190 196 201 207 217 221 227 228 231 231 229 227 213 196 191 190 189 190 195 205 214 226 232 234 295 243 300 299 298 298 304 -32768 -32768 -32768 -32768 -32768 -32768 -32768 -32768 -32768 -32768 -32768 -32768 -32768 -32768 -32768 -32768 -32768 -32768 -32768 -32768 -32768 -32768 -32768 -32768 -32768 -32768 -32768
232 202 207 144 130 134 144 151 163 172 175 171 169 172 170 179 183 190 197 203 207 208 207 211 216 220 223 227 229 231 232 233 232 230 227 216 213 207 206 206 211 220 230 236 239 246 303 303 302 300 304 306 -32768 -32768 -32768 -32768 -32768 -32768 -32768 -32768 -32768 -32768 -32768 -32768 -32768 -32768 -32768 -32768 -32768 -32768 -32768 -32768 -32768 -32768 -32768 -32768 -32768 -32768 -32768
219 213 183 149 150 148 152 156 163 169 175 175 175 176 174 176 184 191 197 202 205 208 212 215 218 220 223 226 229 231 233 234 234 235 236 235 235 231 219 221 224 228 235 239 244 245 307 248 302 305 307 307 -32768 -32768 -32768 -32768 -32768 -32768 -32768 -32768 -32768 -32768 -32768 -32768 -32768 -32768 -32768 -32768 -32768 -32768 -32768 -32768 -32768 -32768 -32768 -32768 -32768 -32768 -32768
198 196 165 163 162 158 160 163 169 171 177 180 179 179 179 180 185 190 195 200 204 208 211 214 217 219 221 225 228 231 233 235 236 237 238 238 238 238 237 234 235 238 240 243 243 311 254 249 304 305 308 308 304 -32768 -32768 -32768 -32768 -32768 -32768 -32768 -32768 -32768 -32768 -32768 -32768 -32768 -32768 -32768 -32768 -32768 -32768 -32768 -32768 -32768 -32768 -32768 -32768 -32768 -32768
215 186 181 146 158 162 165 165 169 173 179 182 183 183 183 183 185 190 195 199 203 205 208 212 215 218 221 224 227 230 232 234 237 238 239 240 240 240 240 240 240 241 242 241 244 255 257 258 313 312 312 309 305 301 298 -32768 -32768 -32768 -32768 -32768 -32768 -32768 -32768 -32768 -32768 -32768 -32768 -32768 -32768 -32768 -32768 -32768 -32768 -32768 -32768 -32768 -32768 -32768 -32768
199 167 158 148 157 166 167 169 172 177 182 185 187 187 187 187 187 186 193 197 199 202 206 209 213 217 220 222 224 226 230 234 236 238 239 240 240 241 241 242 242 243 243 244 255 255 313 310 312 314 312 310 -32768 300 298 -32768 -32768 -32768 -32768 -32768 -32768 -32768 -32768 -32768 -32768 -32768 -32768 -32768 -32768 -32768 -32768 -32768 -32768 -32768 -32768 -32768 -32768 -32768 -32768
190 172 149 151 155 165 172 175 176 180 185 188 189 190 192 192 191 191 191 192 194 198 201 205 211 215 216 218 220 220 224 230 234 236 238 239 240 241 242 243 244 245 246 254 246 246 250 304 310 316 -32768 -32768 -32768 -32768 -32768 -32768 -32768 -32768 -32768 -32768 -32768 -32768 -32768 -32768 -32768 -32768 -32768 -32768 -32768 -32768 -32768 -32768 -32768 -32768 -32768 -32768 -32768 -32768 -32768
208 176 168 162 163 164 169 178 182 184 187 190 191 192 194 194 195 195 195 194 195 197 199 202 208 211 213 212 214 217 223 228 231 234 236 237 239 239 241 241 241 242 242 243 242 242 306 304 309 -32768 -32768 -32768 -32768 -32768 -32768 -32768 -32768 -32768 -32768 -32768 -32768 -32768 -32768 -32768 -32768 -32768 -32768 -32768 -32768 -32768 -32768 -32768 -32768 -32768 -32768 -32768 -32768 -32768 -32768
219 201 184 178 174 173 175 179 183 187 190 192 194 195 196 197 198 198 197 196 196 198 198 199 205 206 205 206 212 217 220 224 223 227 231 233 233 233 234 236 238 236 237 239 239 305 304 303 307 -32768 -32768 -32768 -32768 -32768 -32768 -32768 -32768 -32768 -32768 -32768 -32768 -32768 -32768 -32768 -32768 -32768 -32768 -32768 -32768 -32768 -32768 -32768 -32768 -32768 -32768 -32768 -32768 -32768 -32768
211 200 190 180 182 182 185 186 186 191 193 195 197 197 198 199 200 200 200 199 198 198 199 201 201 203 205 210 208 211 213 214 218 220 224 224 223 223 227 230 233 232 233 235 237 303 302 303 307 -32768 -32768 -32768 -32768 -32768 -32768 -32768 -32768 -32768 -32768 -32768 -32768 -32768 -32768 -32768 -32768 -32768 -32768 -32768 -32768 -32768 -32768 -32768 -32768 -32768 -32768 -32768 -32768 -32768 -32768
197 203 194 187 189 191 192 192 192 194 196 197 199 199 200 201 201 202 203 201 200 200 201 203 204 205 206 207 208 210 211 213 215 218 221 218 220 223 222 224 227 230 231 234 236 303 303 303 308 -32768 -32768 -32768 -32768 -32768 -32768 -32768 -32768 -32768 -32768 -32768 -32768 -32768 -32768 -32768 -32768 -32768 -32768 -32768 -32768 -32768 -32768 -32768 -32768 -32768 -32768 -32768 -32768 -32768 -32768
200 196 195 195 196 195 198 198 197 198 198 198 200 200 202 202 203 204 205 204 202 203 204 206 207 207 209 211 211 211 212 213 215 216 218 217 219 220 222 226 229 230 233 235 301 302 302 305 307 -32768 -32768 -32768 -32768 -32768 -32768 -32768 -32768 -32768 -32768 -32768 -32768 -32768 -32768 -32768 -32768 -32768 -32768 -32768 -32768 -32768 -32768 -32768 -32768 -32768 -32768 -32768 -32768 -32768 -32768
193 195 198 201 202 202 203 202 202 201 199 198 200 201 203 204 205 205 206 206 206 206 206 207 207 208 211 213 214 214 214 213 215 218 220 219 220 222 225 227 231 234 235 301 302 302 304 306 309 -32768 -32768 -32768 -32768 -32768 -32768 -32768 -32768 -32768 -32768 -32768 -32768 -32768 -32768 -32768 -32768 -32768 -32768 -32768 -32768 -32768 -32768 -32768 -32768 -32768 -32768 -32768 -32768 -32768 -32768
195 199 203 205 206 206 206 206 205 205 202 201 199 200 202 204 205 206 206 207 207 207 207 206 207 210 214 215 217 215 213 216 218 220 222 222 223 224 226 292 295 299 302 302 303 302 303 305 -32768 -32768 -32768 -32768 -32768 -32768 -32768 -32768 -32768 -32768 -32768 -32768 -32768 -32768 -32768 -32768 -32768 -32768 -32768 -32768 -32768 -32768 -32768 -32768 -32768 -32768 -32768 -32768 -32768 -32768 -32768
203 204 207 209 209 210 209 209 209 209 208 205 200 199 201 203 205 206 207 207 208 207 207 207 209 211 215 218 219 217 217 219 220 222 223 225 228 227 227 292 296 300 302 303 304 304 305 308 -32768 -32768 -32768 -32768 -32768 -32768 -32768 -32768 -32768 -32768 -32768 -32768 -32768 -32768 -32768 -32768 -32768 -32768 -32768 -32768 -32768 -32768 -32768 -32768 -32768 -32768 -32768 -32768 -32768 -32768 -32768
209 208 210 211 212 212 212 211 211 212 210 208 205 203 202 202 203 205 206 207 207 207 208 207 209 211 215 218 219 221 221 219 221 223 224 226 229 291 292 294 296 299 300 302 304 306 306 305 -32768 -32768 -32768 -32768 -32768 -32768 -32768 -32768 -32768 -32768 -32768 -32768 -32768 -32768 -32768 -32768 -32768 -32768 -32768 -32768 -32768 -32768 -32768 -32768 -32768 -32768 -32768 -32768 -32768 -32768 -32768
211 215 215 214 214 214 214 213 214 213 213 211 208 206 204 201 202 203 204 205 206 206 207 208 209 212 217 216 219 222 223 223 224 224 226 286 288 292 292 295 297 299 301 303 303 302 302 306 309 -32768 -32768 -32768 -32768 -32768 -32768 -32768 -32768 -32768 -32768 -32768 -32768 -32768 -32768 -32768 -32768 -32768 -32768 -32768 -32768 -32768 -32768 -32768 -32768 -32768 -32768 -32768 -32768 -32768 -32768
217 218 217 217 216 216 215 215 215 215 214 213 210 207 206 203 200 202 201 203 204 204 206 207 209 212 214 217 220 221 223 225 282 283 285 285 288 291 294 296 297 299 301 301 300 302 303 307 -32768 -32768 -32768 -32768 -32768 -32768 -32768 -32768 -32768 -32768 -32768 -32768 -32768 -32768 -32768 -32768 -32768 -32768 -32768 -32768 -32768 -32768 -32768 -32768 -32768 -32768 -32768 -32768 -32768 -32768 -32768
221 221 220 219 219 218 217 217 216 215 215 213 210 207 209 211 208 212 209 212 210 206 208 206 209 211 215 217 221 223 225 281 283 284 285 287 289 290 293 295 297 300 303 302 302 304 306 309 -32768 -32768 -32768 -32768 -32768 -32768 -32768 -32768 -32768 -32768 -32768 -32768 -32768 -32768 -32768 -32768 -32768 -32768 -32768 -32768 -32768 -32768 -32768 -32768 -32768 -32768 -32768 -32768 -32768 -32768 -32768
222 223 223 222 221 220 219 219 214 215 213 213 212 209 209 214 215 217 218 219 218 215 215 207 209 212 215 217 221 223 278 281 283 285 286 287 289 290 291 292 294 298 301 302 302 305 308 -32768 -32768 -32768 -32768 -32768 -32768 -32768 -32768 -32768 -32768 -32768 -32768 -32768 -32768 -32768 -32768 -32768 -32768 -32768 -32768 -32768 -32768 -32768 -32768 -32768 -32768 -32768 -32768 -32768 -32768 -32768 -32768
223 225 224 223 222 215 216 220 221 220 217 213 216 215 214 216 219 221 222 223 222 220 264 257 255 257 261 265 270 274 277 279 283 284 286 287 288 288 290 291 293 295 298 299 302 304 -32768 -32768 -32768 -32768 -32768 -32768 -32768 -32768 -32768 -32768 -32768 -32768 -32768 -32768 -32768 -32768 -32768 -32768 -32768 -32768 -32768 -32768 -32768 -32768 -32768 -32768 -32768 -32768 -32768 -32768 -32768 -32768 -32768
223 224 224 267 267 265 266 266 265 264 215 210 217 218 257 217 263 223 225 226 225 224 267 261 264 261 260 263 267 272 276 278 280 284 284 284 287 289 290 293 294 296 298 300 303 306 -32768 -32768 -32768 -32768 -32768 -32768 -32768 -32768 -32768 -32768 -32768 -32768 -32768 -32768 -32768 -32768 -32768 -32768 -32768 -32768 -32768 -32768 -32768 -32768 -32768 -32768 -32768 -32768 -32768 -32768 -32768 -32768 -32768
224 225 225 267 267 267 266 266 267 268 269 262 215 261 261 263 267 270 272 228 228 227 271 270 268 261 261 263 266 270 274 277 279 282 283 285 288 289 291 293 296 298 301 301 305 -32768 -32768 -32768 -32768 -32768 -32768 -32768 -32768 -32768 -32768 -32768 -32768 -32768 -32768 -32768 -32768 -32768 -32768 -32768 -32768 -32768 -32768 -32768 -32768 -32768 -32768 -32768 -32768 -32768 -32768 -32768 -32768 -32768 -32768
223 224 264 264 265 266 266 266 267 268 269 269 269 269 270 271 271 272 273 274 275 274 274 274 273 269 266 264 264 267 271 275 279 281 282 284 286 288 290 292 295 298 300 303 -32768 -32768 -32768 -32768 -32768 -32768 -32768 -32768 -32768 -32768 -32768 -32768 -32768 -32768 -32768 -32768 -32768 -32768 -32768 -32768 -32768 -32768 -32768 -32768 -32768 -32768 -32768 -32768 -32768 -32768 -32768 -32768 -32768 -32768 -32768
