Part_1_SDMs/env_data/present_climate/bioclim_1.asc
NCOLS 888 
NROWS 876 
XLLCORNER -19 
YLLCORNER -35 
CELLSIZE 0.0833333333333333 
NODATA_value -32768 
[rows 140 to 174 of 876, columns 711 to 789 of 888]
218 222 225 225 226 227 229 228 227 228 227 225 222 227 228 229 230 231 231 231 231 229 229 229 225 225 226 225 226 227 226 228 228 230 231 233 234 236 236 238 239 239 240 239 240 241 242 242 239 241 242 241 240 240 241 238 239 239 237 237 238 239 241 240 240 240 240 241 242 242 242 242 242 243 244 245 245 245 245
221 224 226 227 228 228 230 231 231 230 229 228 223 228 230 232 233 233 233 234 232 232 232 232 230 228 229 230 231 231 232 231 230 231 233 234 235 237 238 238 239 240 240 240 240 242 241 243 241 240 241 242 241 240 241 240 237 238 238 237 238 238 240 241 241 241 240 240 241 241 242 242 243 243 244 245 245 245 244
222 224 226 228 229 231 231 232 233 233 232 230 228 230 230 234 235 235 235 235 234 234 234 234 232 230 231 233 233 234 235 234 233 234 235 236 237 238 239 240 240 240 240 241 241 241 242 244 241 240 241 242 242 240 241 242 237 237 237 237 237 238 239 241 241 242 242 240 240 241 241 242 243 243 244 244 244 244 243
223 225 228 230 231 232 232 233 234 234 234 234 234 234 235 236 237 237 237 237 237 236 236 236 231 230 234 235 236 235 237 236 234 235 237 239 239 240 241 242 242 242 241 241 241 240 243 243 242 241 240 241 242 242 241 243 239 236 237 236 237 239 239 240 241 242 242 240 240 241 241 242 243 244 245 244 243 243 244
225 227 229 230 231 232 233 233 235 235 236 236 236 237 237 237 237 236 237 238 238 238 238 238 235 234 236 238 238 238 239 238 236 236 239 240 242 242 243 243 243 242 241 241 241 239 242 244 243 242 240 241 242 243 241 243 242 235 235 237 239 240 241 240 241 242 243 241 240 241 242 243 243 244 244 244 243 243 244
225 228 229 231 232 233 232 233 233 233 236 236 237 237 237 237 236 235 237 238 240 240 240 240 239 239 239 239 240 240 240 239 232 238 241 242 244 244 243 242 243 241 240 241 240 240 241 244 243 242 241 241 242 243 242 242 243 239 235 237 238 239 240 240 239 242 244 245 242 241 242 242 243 244 243 243 243 243 244
226 227 230 231 232 233 232 233 228 232 235 236 236 236 237 236 235 236 238 239 240 240 241 242 242 241 240 241 242 242 242 241 234 239 243 244 244 243 242 241 242 241 241 240 240 240 240 243 244 243 242 241 242 243 243 241 243 242 238 236 235 237 240 239 239 241 244 245 246 243 245 244 245 244 242 242 243 243 244
226 227 229 231 232 232 231 232 228 231 233 233 235 236 236 235 236 238 239 240 241 241 241 241 242 243 243 242 244 244 244 244 244 244 244 244 244 242 240 241 242 241 241 241 240 240 240 241 244 244 242 242 241 242 243 242 241 243 242 237 234 235 239 240 241 242 242 244 247 247 247 248 246 242 242 242 242 242 243
226 228 230 230 230 231 231 231 230 232 228 231 234 236 236 238 239 240 240 239 240 240 241 241 242 243 243 244 244 244 244 243 244 244 244 244 243 241 240 241 241 241 241 241 242 241 241 240 244 245 243 242 241 242 243 241 241 243 243 241 236 234 237 240 241 243 244 244 247 247 248 248 247 244 241 242 242 242 243
228 230 229 229 230 231 232 232 232 232 230 232 234 235 237 238 239 240 239 240 240 241 242 243 244 245 244 243 242 243 233 242 242 242 244 244 242 241 239 240 241 240 240 241 242 243 243 241 242 245 244 242 242 241 243 242 241 241 243 243 242 235 236 238 241 243 244 246 247 248 248 248 249 249 244 241 241 243 244
232 234 231 229 230 230 232 232 232 233 232 234 235 236 237 236 238 240 241 242 242 242 242 243 245 245 242 242 241 238 232 242 242 243 244 243 241 239 238 239 240 240 239 241 242 243 243 242 241 244 245 243 242 242 242 243 241 241 242 244 245 242 237 236 240 243 244 245 246 247 246 247 248 248 249 244 242 242 244
234 237 235 232 232 232 232 233 233 235 236 235 235 237 239 238 240 242 243 243 244 245 245 245 246 245 242 244 243 241 241 241 244 244 244 242 240 237 237 237 239 237 238 240 242 243 243 243 240 243 245 245 243 242 242 242 241 240 241 245 245 246 245 243 245 246 245 244 243 243 244 247 248 248 247 248 242 242 244
237 240 239 236 235 234 233 235 235 236 237 237 238 240 241 241 242 243 244 244 245 246 246 247 247 245 242 245 244 242 241 243 244 244 244 242 240 237 236 237 238 236 238 240 242 243 244 242 240 241 244 245 244 242 242 242 242 241 240 244 245 245 247 248 248 247 244 243 243 240 240 245 247 248 248 248 244 241 243
239 242 243 242 240 239 235 236 237 238 239 239 240 241 242 243 244 245 245 245 246 247 247 248 248 246 242 243 241 242 241 242 244 244 244 241 237 237 234 235 237 238 240 241 242 243 244 243 241 240 243 245 245 243 242 242 242 242 241 242 244 245 246 247 247 247 245 242 239 237 238 241 246 247 248 248 250 248 244
242 245 247 246 243 243 241 237 238 237 237 240 241 242 243 244 245 245 245 246 246 248 247 248 247 246 244 244 243 243 240 240 243 244 243 242 238 235 234 236 238 240 241 242 243 244 244 243 242 240 241 244 245 245 243 242 242 242 243 243 243 244 246 246 246 246 245 240 237 238 241 240 243 247 247 247 248 249 249
247 247 249 249 248 247 244 242 238 237 238 240 242 243 243 243 244 245 246 247 247 248 248 248 246 246 245 245 243 243 241 241 243 243 242 241 240 236 236 238 240 241 242 242 243 244 244 243 243 241 240 243 245 245 244 243 242 242 244 244 245 245 244 246 247 246 244 241 237 237 239 238 240 245 246 246 248 249 250
250 251 251 251 250 249 247 244 242 240 239 240 242 244 243 243 245 245 246 247 248 248 247 248 246 245 245 244 242 242 241 241 242 242 240 238 239 237 237 238 239 240 241 242 243 244 243 242 242 242 241 241 243 245 244 243 243 243 243 245 245 245 244 243 246 247 246 245 242 235 238 241 240 242 246 247 248 250 251
251 252 254 254 253 250 245 244 245 244 242 241 242 243 243 243 243 244 246 247 248 247 247 249 247 247 245 245 241 239 239 239 240 241 239 236 235 236 237 237 237 238 240 242 243 244 243 241 241 241 241 241 243 244 245 245 244 244 244 244 245 245 246 245 246 247 248 247 245 240 238 240 242 243 245 246 248 250 252
256 254 256 256 253 252 249 246 247 247 245 243 241 242 242 243 244 244 246 246 247 247 248 248 246 247 246 245 241 238 239 237 238 239 240 238 234 235 233 235 236 238 240 240 244 245 243 242 241 240 240 241 242 243 244 245 245 245 245 245 245 246 246 248 249 249 249 249 248 245 235 236 238 243 245 248 249 250 252
259 259 259 258 256 255 254 251 250 248 247 244 241 241 241 243 243 244 245 246 247 248 249 249 246 247 246 244 239 235 237 235 235 238 238 238 238 235 234 234 235 238 241 242 244 244 243 242 241 239 240 242 242 243 244 245 246 246 246 246 246 246 247 247 248 249 250 250 250 249 245 241 238 242 244 247 251 252 252
261 259 259 259 259 258 257 255 252 250 247 245 243 241 241 242 244 245 246 247 248 248 249 249 247 247 247 244 241 239 238 235 234 236 237 236 237 236 236 237 237 238 241 243 244 244 242 241 239 238 239 241 242 242 243 245 246 247 247 247 247 247 247 248 248 248 249 250 251 251 252 251 243 239 243 246 250 254 253
263 262 261 261 261 260 258 257 255 252 250 248 246 243 241 242 243 245 247 248 248 248 249 249 248 247 246 245 242 242 239 239 238 236 236 235 234 235 238 240 240 240 242 244 244 243 241 239 237 237 239 240 241 242 241 243 246 246 247 248 248 248 248 249 249 249 249 249 249 250 252 253 252 246 242 244 248 253 255
264 263 262 262 261 260 259 258 256 253 251 250 247 245 243 242 244 246 247 247 248 249 250 248 248 247 247 246 245 244 241 240 240 239 237 236 236 237 238 240 242 243 243 244 244 243 241 237 235 236 238 239 241 242 242 242 245 245 248 249 249 249 249 249 249 250 250 250 249 250 250 251 251 252 249 247 248 251 256
265 264 261 262 261 259 259 259 257 255 252 251 249 247 246 245 246 247 246 247 247 249 250 248 248 247 247 247 245 245 244 242 238 238 237 237 239 240 241 242 243 244 244 245 244 243 241 239 236 235 236 238 240 241 243 244 244 244 247 249 250 250 250 250 249 251 251 251 250 249 248 248 248 247 247 250 251 251 255
265 264 262 261 260 259 258 259 258 257 254 253 252 251 250 249 248 249 247 247 247 249 250 249 248 247 247 247 245 245 245 244 241 239 237 237 239 242 242 242 244 243 244 245 244 243 241 240 237 235 234 237 239 241 240 243 243 244 246 249 250 250 251 251 250 250 252 252 251 249 247 244 245 242 246 248 250 251 254
265 264 262 260 260 258 257 256 257 257 256 254 254 253 252 251 250 250 249 248 247 249 250 250 248 247 247 247 245 244 244 244 243 241 239 240 241 240 241 243 243 243 244 244 244 243 237 240 239 237 234 237 239 237 236 240 242 244 246 248 249 250 251 252 252 251 251 252 251 250 244 243 244 244 249 245 249 249 251
264 262 262 261 260 258 257 257 258 258 257 256 256 255 254 253 253 252 251 251 249 250 251 249 248 246 245 247 245 244 242 244 244 243 241 240 237 235 238 242 243 243 243 243 244 243 239 239 238 236 234 236 236 235 238 240 240 243 245 247 248 250 251 252 253 252 252 253 251 251 249 248 248 249 243 237 242 247 251
264 264 264 263 261 261 260 259 259 258 257 256 256 255 255 255 253 252 251 252 250 250 250 251 249 245 244 247 247 245 244 243 242 243 242 242 236 235 239 242 242 241 241 241 243 242 242 239 239 235 234 235 237 237 239 241 240 243 245 244 246 250 251 253 254 254 254 253 251 251 250 244 246 241 232 235 240 243 249
263 264 264 263 262 261 260 258 256 256 256 256 255 254 254 254 254 253 250 251 250 249 249 250 250 248 246 247 247 246 245 243 241 241 243 244 243 239 240 240 240 242 243 242 241 242 242 240 239 236 235 236 238 238 239 241 240 240 243 243 244 248 251 253 254 255 255 254 252 252 249 242 239 235 229 234 242 246 250
261 262 260 260 261 261 259 257 255 254 254 254 255 253 253 253 253 254 252 251 249 248 249 250 250 249 247 246 247 247 246 244 240 241 243 245 245 243 244 243 243 243 245 244 243 242 243 242 241 238 236 237 238 239 240 241 241 241 242 242 244 246 250 253 254 255 256 256 254 252 246 235 236 232 228 232 238 243 250
258 260 257 256 258 259 259 256 253 254 252 254 254 253 252 251 253 254 253 252 251 249 249 249 250 250 249 248 246 246 246 245 241 241 245 246 246 246 246 243 244 245 246 246 246 244 245 244 243 239 237 237 237 238 240 243 244 243 241 243 244 244 248 252 254 256 257 256 255 253 247 239 241 243 232 234 240 243 250
255 257 254 251 253 257 258 258 257 255 253 254 254 252 252 251 252 253 253 253 252 251 250 249 249 249 249 248 247 246 246 245 243 244 243 247 247 247 246 245 245 245 248 249 247 246 246 246 244 242 240 239 237 239 242 244 246 245 241 244 246 246 246 250 254 256 257 257 256 253 251 246 242 246 242 233 238 246 251
254 256 250 250 247 252 255 255 255 255 253 253 253 252 252 251 252 252 252 253 253 252 251 248 248 249 249 248 248 247 246 245 246 246 245 247 247 246 247 245 241 241 248 250 248 244 248 248 246 244 243 241 237 240 243 245 247 247 244 245 248 249 249 250 253 256 257 258 257 254 251 241 240 245 252 248 248 250 251
254 255 253 253 252 251 250 251 252 254 253 251 252 252 251 251 251 251 252 252 252 252 251 249 247 248 248 248 248 248 247 246 246 246 247 247 248 248 247 248 248 248 249 251 252 251 246 249 248 247 245 242 240 242 244 246 248 248 247 248 248 249 251 252 253 256 257 258 258 256 253 249 244 247 241 237 243 251 255
256 258 257 256 252 252 252 251 252 253 252 250 250 250 251 251 253 252 252 252 252 252 252 250 249 249 249 250 250 249 247 247 246 246 246 247 248 249 249 249 250 248 249 252 253 253 251 251 250 248 247 245 244 244 246 247 250 249 246 248 249 247 249 249 252 256 258 259 259 258 255 252 239 236 231 239 248 253 256
