Part_1_SDMs/env_data/present_climate/bioclim_12.asc
NCOLS 888 
NROWS 876 
XLLCORNER -19 
YLLCORNER -35 
CELLSIZE 0.0833333333333333 
NODATA_value -32768 
[rows 476 to 509 of 876, columns 616 to 692 of 888]
1679 1665 1653 1640 1630 1617 1599 1567 1516 1433 1331 1234 1155 1090 1039 1007 973 976 1025 1117 1093 1043 1040 1058 1125 1109 1116 1090 1113 1085 1076 1022 979 978 953 934 918 904 880 870 869 883 860 800 635 531 516 507 535 557 549 590 641 549 514 496 498 538 657 817 953 1073 1069 884 785 750 761 736 736 726 650 616 623 635 642 642 639
1605 1599 1591 1586 1585 1581 1581 1568 1536 1438 1322 1206 1131 1074 1032 1020 979 987 1028 1075 1078 1060 1053 1026 1066 1042 1053 1087 1084 1077 1053 1000 962 952 952 940 943 908 899 902 873 850 837 802 573 503 495 488 509 521 537 550 550 513 491 484 498 543 662 816 1019 1003 907 822 773 729 714 716 686 684 659 636 649 637 637 642 639
1532 1526 1526 1526 1531 1536 1546 1547 1533 1444 1322 1190 1175 1070 1038 1032 1024 989 1014 1039 1041 1042 1006 995 1039 1029 1023 1055 1045 1027 985 953 933 926 913 931 912 924 902 897 860 811 832 755 540 484 483 477 497 516 531 528 518 489 483 482 505 555 654 780 892 962 896 822 795 762 670 688 648 642 658 652 658 630 639 642 637
1452 1453 1454 1461 1470 1480 1498 1503 1498 1447 1338 1226 1121 1056 1017 999 989 996 985 980 991 982 939 932 974 1015 968 995 962 937 929 914 904 895 910 958 927 908 917 951 895 793 781 628 506 473 474 470 495 517 527 523 521 497 488 502 522 570 650 734 794 917 788 746 733 715 655 660 632 604 627 622 627 628 634 641 641
1371 1369 1377 1388 1401 1412 1431 1455 1445 1400 1300 1194 1114 1053 1007 982 967 944 957 951 916 898 894 899 914 924 925 928 904 893 888 884 877 875 883 871 879 884 897 943 807 728 700 571 469 463 463 478 498 520 530 524 515 511 500 516 532 579 637 691 758 761 767 714 653 657 635 622 643 600 618 616 626 630 640 648 649
1287 1286 1298 1314 1330 1338 1340 1330 1311 1271 1200 1121 1101 1050 1015 993 951 927 911 902 892 887 883 882 885 895 897 887 885 879 869 861 857 843 841 854 852 847 847 819 691 612 587 545 461 479 465 482 502 526 536 535 533 523 516 525 544 579 629 687 719 704 699 660 637 606 601 598 632 609 610 619 630 634 647 657 658
1202 1198 1223 1246 1264 1267 1261 1238 1206 1171 1121 1068 1024 1003 986 964 943 923 906 895 888 891 898 885 873 871 864 867 862 855 853 847 828 810 811 820 819 834 812 738 621 580 535 509 452 455 462 480 509 533 561 558 545 539 550 543 561 584 610 646 674 690 683 638 603 605 605 601 604 624 628 627 642 651 661 667 672
1115 1128 1166 1192 1208 1211 1189 1156 1123 1099 1067 1036 1014 997 984 969 953 939 927 912 896 879 875 877 883 873 855 846 848 834 819 808 809 807 813 814 815 816 753 742 576 544 513 458 446 450 455 487 528 568 610 587 566 559 560 564 573 589 611 636 669 669 665 626 623 620 623 622 603 625 642 647 655 666 679 684 689
1089 1100 1119 1148 1166 1166 1136 1092 1061 1044 1027 1011 1001 998 998 1005 1005 992 960 936 911 886 879 879 872 879 872 859 851 845 816 804 792 786 788 802 799 840 787 646 536 526 479 441 441 448 460 494 556 659 636 599 588 587 582 583 584 598 614 633 654 650 647 652 699 662 639 631 606 612 627 662 668 684 697 702 703
1079 1075 1088 1115 1131 1126 1099 1084 1064 1009 994 987 983 992 1013 1036 1004 975 946 929 902 887 881 878 876 878 901 888 865 843 822 799 788 773 770 779 785 791 710 570 524 515 455 438 439 479 481 503 582 702 673 607 615 673 594 592 600 609 625 642 652 660 675 678 709 737 668 637 619 622 638 672 697 713 732 737 734
1099 1068 1066 1096 1102 1097 1059 1070 1039 1002 976 962 964 968 992 988 964 934 912 895 882 875 872 871 871 885 880 874 859 844 822 801 775 754 753 763 758 689 660 534 518 506 451 434 465 641 512 514 590 693 647 607 621 647 598 599 609 624 644 663 681 704 715 706 711 877 776 655 626 625 648 685 733 759 779 778 767
1072 1056 1048 1069 1083 1056 1019 1018 991 982 953 951 958 945 954 955 948 925 900 889 878 873 873 871 870 884 914 916 887 843 822 800 777 752 731 727 729 666 624 532 519 533 473 433 569 824 538 516 584 678 617 600 606 603 597 605 623 648 670 691 717 735 738 717 708 806 951 699 630 628 661 711 764 802 826 820 802
1033 1046 1039 1041 1043 1019 985 981 971 965 947 940 932 915 919 928 920 912 889 872 877 878 872 882 883 876 889 901 883 843 819 793 776 755 725 692 727 753 660 536 542 579 540 463 541 573 509 520 570 621 612 598 674 602 598 617 643 675 706 737 760 778 786 763 715 724 923 846 637 631 672 734 802 849 878 867 842
1013 1003 992 993 986 985 952 937 932 925 902 886 889 880 880 891 902 900 887 854 847 855 870 885 890 886 891 907 895 856 825 794 760 725 682 620 686 673 576 550 610 806 766 556 476 493 609 558 559 634 669 609 594 594 608 631 654 694 740 789 821 851 862 854 802 716 724 897 667 647 683 758 848 902 934 912 873
991 989 982 975 953 943 940 922 895 882 863 853 841 836 853 863 872 884 876 850 842 848 864 868 880 891 893 892 883 867 834 799 756 698 636 559 531 523 539 627 864 1097 898 692 476 578 1003 717 569 622 680 633 611 610 622 637 671 852 931 891 880 869 929 958 902 748 621 643 617 664 702 774 887 962 978 943 891
990 977 962 949 948 920 938 914 878 855 840 830 825 822 845 859 853 866 854 849 844 844 848 858 867 877 883 888 887 873 848 810 763 704 623 535 507 534 642 990 1048 1098 1019 560 462 526 777 661 573 633 683 682 656 636 643 636 755 1076 1339 1387 1314 1123 977 1063 964 728 595 550 577 673 727 780 899 1021 984 947 880
996 974 959 949 925 919 918 909 881 847 827 822 817 831 847 851 848 842 844 840 834 835 847 856 865 876 889 897 895 887 861 827 781 736 666 581 554 574 825 1098 1094 1196 1106 642 469 470 503 535 582 658 735 750 733 700 688 671 799 1104 1458 1675 1812 1485 1100 1160 950 733 581 540 542 628 721 774 876 946 943 876 823
978 959 936 923 918 907 904 888 875 839 813 800 793 794 805 840 846 851 841 832 832 835 843 849 854 875 891 896 900 894 877 846 817 798 767 801 852 829 849 934 1057 1121 1047 636 505 482 493 567 675 700 798 897 1019 981 824 839 951 1123 1217 1354 1640 1632 1257 1219 854 675 600 605 634 658 690 755 823 863 857 821 779
962 937 924 928 911 895 890 885 867 838 811 788 770 752 765 811 847 860 848 835 826 827 821 828 844 866 879 889 895 891 882 866 848 839 850 919 1022 1000 870 934 1006 984 953 616 565 527 548 768 1006 1015 1046 1268 1335 1312 1031 1036 1148 1289 1426 1462 1314 1277 1219 1269 769 647 622 632 688 703 738 799 821 824 770 747 730
947 930 918 931 907 895 890 875 861 835 806 782 752 721 740 771 800 822 829 814 807 804 803 811 822 849 867 877 885 883 881 870 854 833 806 782 866 1067 977 956 924 880 721 606 624 638 809 910 1009 1056 1144 1095 1377 1355 1164 1113 1084 1073 1215 1265 1354 1478 1383 1169 728 676 665 642 672 705 795 938 966 900 703 672 661
930 920 916 921 911 895 890 879 862 843 819 792 765 736 737 769 789 796 794 787 784 785 785 791 810 829 839 852 862 873 878 880 878 837 749 667 778 948 884 892 897 769 592 626 786 888 848 849 842 865 912 1001 1106 1045 950 955 834 849 872 834 788 888 791 731 672 681 691 666 652 707 819 1131 1129 917 650 608 600
909 908 911 918 903 903 899 892 876 860 837 817 796 779 783 800 795 790 784 775 772 770 771 774 784 799 803 819 839 853 875 901 903 780 678 674 703 753 795 857 873 682 604 645 789 814 802 823 830 826 888 905 932 805 755 754 709 697 668 606 606 592 577 571 578 621 650 659 646 679 788 988 965 705 709 645 549
894 904 910 907 914 912 913 911 904 891 869 845 822 805 816 830 805 788 784 769 762 762 758 760 761 763 772 789 808 835 852 775 696 681 682 690 722 767 869 915 851 650 627 639 666 708 747 757 788 815 849 810 758 704 691 683 762 827 902 593 532 520 573 601 639 575 614 654 650 681 721 837 833 770 713 646 536
883 882 892 914 924 928 929 934 934 921 901 869 835 816 828 823 811 789 780 763 756 750 749 744 745 744 750 760 776 742 693 683 677 678 687 728 833 887 939 982 914 654 645 651 676 709 735 760 804 819 803 764 700 670 659 718 806 819 966 805 496 501 557 1010 722 560 593 626 643 667 672 776 723 723 681 615 637
861 863 886 923 939 938 944 952 957 953 934 893 851 824 824 808 794 782 770 760 751 745 742 733 732 728 725 721 696 683 676 671 673 679 710 763 852 928 1021 1038 858 667 661 671 697 729 769 793 834 835 796 755 686 648 642 706 719 764 809 737 493 492 600 1061 704 560 578 604 626 643 650 687 696 680 676 659 620
855 842 876 938 944 946 953 963 978 986 961 911 862 826 811 797 792 784 772 755 750 740 732 725 718 714 702 692 682 673 669 668 669 691 707 752 851 1005 1016 970 747 680 676 683 705 745 781 838 882 847 816 772 699 642 674 688 672 678 705 711 514 496 590 885 664 601 607 615 626 642 664 683 669 670 677 701 650
868 863 878 924 941 947 950 961 973 978 944 889 854 827 809 795 790 780 767 756 745 735 724 717 709 700 691 683 675 671 669 668 673 667 683 775 911 1031 1038 998 786 701 690 709 735 757 765 809 861 854 818 792 737 666 719 742 688 664 661 675 587 528 569 671 767 723 676 647 658 662 680 730 703 689 688 688 661
868 882 890 911 927 935 940 936 934 924 901 874 853 828 812 799 780 767 756 746 737 726 719 709 702 695 687 680 678 679 686 682 659 659 738 851 902 924 1000 970 797 742 737 759 748 734 763 778 809 814 788 748 733 695 685 684 689 705 645 637 634 576 591 649 887 766 664 676 688 699 689 728 735 734 716 711 705
861 874 891 902 908 917 911 905 903 895 881 864 847 833 820 807 787 776 760 745 732 722 713 705 697 696 689 693 715 704 698 681 695 781 814 820 825 885 916 909 842 801 811 778 742 724 732 755 771 772 736 696 675 680 661 660 659 703 639 647 643 629 632 626 706 695 650 682 699 719 721 739 744 755 755 770 750
857 870 883 890 893 892 887 882 874 867 854 845 837 831 816 800 784 772 755 740 729 718 709 709 750 741 705 708 737 728 706 714 765 782 793 802 810 858 877 878 854 832 800 765 735 717 712 745 754 733 693 651 621 616 610 619 637 653 654 652 657 685 694 653 627 754 893 700 729 749 735 737 737 752 763 771 787
865 872 880 885 883 876 865 853 840 829 824 823 822 819 805 791 777 764 748 734 723 716 709 752 804 803 718 739 740 735 730 750 755 760 773 790 796 831 833 837 833 850 810 762 724 708 698 709 700 704 667 625 593 585 573 580 609 640 661 658 682 769 766 694 672 648 965 1016 755 756 751 744 739 742 747 759 780
870 879 879 880 875 865 849 830 808 792 795 800 802 803 795 786 773 758 743 731 719 712 710 764 795 797 735 728 737 731 728 731 741 747 760 779 787 797 807 811 810 815 784 751 719 700 685 677 663 653 637 611 580 571 562 578 589 622 651 654 700 832 829 754 700 665 832 1094 774 748 756 757 747 752 753 749 763
886 884 886 882 875 862 843 817 789 765 772 787 794 799 792 781 768 754 743 728 715 713 709 748 766 763 736 713 724 722 726 730 733 739 759 763 778 791 791 801 796 796 757 737 713 687 673 657 641 630 614 600 577 567 560 563 581 605 635 652 664 784 797 737 689 663 783 1002 742 708 732 749 752 751 768 773 780
899 899 893 890 881 867 842 817 790 771 774 783 793 800 790 777 765 756 748 722 712 706 707 731 755 754 735 702 716 722 718 725 725 741 750 744 824 786 773 786 786 781 743 727 703 686 666 645 628 616 602 585 574 568 562 565 579 599 629 647 657 681 732 697 658 631 650 873 672 649 763 824 793 746 769 789 800
