Part_1_SDMs/env_data/present_climate/bioclim_13.asc
NCOLS 888 
NROWS 876 
XLLCORNER -19 
YLLCORNER -35 
CELLSIZE 0.0833333333333333 
NODATA_value -32768 
[rows 210 to 244 of 876, columns 79 to 157 of 888]
18 17 17 17 17 17 17 17 17 17 17 17 17 17 17 17 17 17 17 17 17 17 17 17 17 16 16 16 16 16 16 16 16 15 15 15 15 15 15 15 15 14 14 14 14 14 14 14 13 13 13 13 13 13 13 12 12 12 12 12 12 12 11 11 11 11 11 11 11 11 11 11 11 10 10 10 10 10 10
19 18 18 18 18 18 18 18 18 18 18 18 18 18 18 18 18 18 18 18 18 18 17 17 17 17 17 17 17 17 16 16 16 16 16 16 16 16 15 15 15 15 15 15 14 14 14 14 14 14 14 13 13 13 13 13 13 13 12 12 12 12 12 12 12 11 11 11 11 11 11 11 11 11 11 11 11 10 10
20 19 18 18 18 18 18 18 19 19 19 19 19 19 19 19 19 19 19 19 18 18 18 18 18 18 18 18 17 17 17 17 17 17 17 16 16 16 16 16 16 15 15 15 15 15 15 15 14 14 14 14 14 14 14 13 13 13 13 13 13 12 12 12 12 12 12 12 11 11 11 11 11 11 11 11 11 11 11
21 20 20 19 19 19 19 19 19 20 20 20 20 20 20 20 20 19 19 19 19 19 19 19 19 19 18 18 18 18 18 18 17 17 17 17 17 17 17 16 16 16 16 16 16 15 15 15 15 15 15 14 14 14 14 14 14 14 13 13 13 13 13 13 12 12 12 12 12 12 12 11 11 11 11 11 11 11 11
22 21 21 21 20 20 20 20 20 20 20 20 20 21 21 21 20 20 20 20 20 20 20 20 19 19 19 19 19 19 19 18 18 18 18 18 17 17 17 17 17 17 16 16 16 16 16 16 15 15 15 15 15 15 14 14 14 14 14 14 14 13 13 13 13 13 13 13 12 12 12 12 12 12 12 11 11 11 11
24 23 22 22 22 21 21 21 21 21 21 21 21 22 22 21 21 21 21 21 21 21 21 20 20 20 20 20 20 19 19 19 19 19 18 18 18 18 18 18 17 17 17 17 17 16 16 16 16 16 16 15 15 15 15 15 15 15 14 14 14 14 14 14 13 13 13 13 13 13 13 12 12 12 12 12 12 12 12
25 24 24 23 23 23 22 22 22 22 22 22 23 23 23 22 22 22 22 22 22 22 21 21 21 21 21 21 20 20 20 20 20 19 19 19 19 19 18 18 18 18 18 17 17 17 17 17 17 16 16 16 16 16 16 15 15 15 15 15 15 14 14 14 14 14 14 14 13 13 13 13 13 13 12 12 12 12 12
26 25 25 24 24 24 24 24 23 23 23 23 24 24 23 23 23 23 23 23 23 23 22 22 22 22 22 21 21 21 21 20 20 20 20 20 19 19 19 19 19 18 18 18 18 18 17 17 17 17 17 17 16 16 16 16 16 16 15 15 15 15 15 15 15 14 14 14 14 14 14 13 13 13 13 13 13 12 12
27 26 26 25 25 25 25 25 25 25 25 25 25 25 25 24 24 24 24 24 24 23 23 23 23 23 22 22 22 22 22 21 21 21 21 20 20 20 20 19 19 19 19 19 18 18 18 18 18 18 17 17 17 17 17 17 16 16 16 16 16 16 15 15 15 15 15 15 14 14 14 14 14 14 13 13 13 13 13
28 27 27 27 27 27 26 26 26 26 26 26 26 26 26 25 25 25 25 25 25 25 24 24 24 24 23 23 23 23 22 22 22 22 21 21 21 21 20 20 20 20 20 19 19 19 19 19 18 18 18 18 18 18 17 17 17 17 17 17 16 16 16 16 16 16 15 15 15 15 15 14 14 14 14 14 14 14 13
29 28 28 28 28 28 28 27 27 27 27 27 27 27 27 27 27 26 26 26 26 26 25 25 25 25 24 24 24 23 23 23 23 22 22 22 22 21 21 21 21 20 20 20 20 20 19 19 19 19 19 19 18 18 18 18 18 18 17 17 17 17 17 17 16 16 16 16 16 15 15 15 15 15 15 14 14 14 14
30 29 30 29 29 29 29 28 29 29 29 29 29 28 28 28 28 28 27 27 27 27 26 26 26 26 25 25 25 24 24 24 23 23 23 23 22 22 22 22 21 21 21 21 21 20 20 20 20 20 20 19 19 19 19 19 18 18 18 18 18 17 17 17 17 17 17 16 16 16 16 16 16 15 15 15 15 15 14
30 30 30 30 31 30 30 30 30 30 30 30 30 30 30 29 29 29 29 28 28 28 28 27 27 27 26 26 26 25 25 24 24 24 24 23 23 23 23 22 22 22 22 22 21 21 21 21 21 20 20 20 20 20 19 19 19 19 19 19 18 18 18 18 18 17 17 17 17 17 17 16 16 16 16 16 15 15 15
32 32 32 32 32 32 31 31 31 32 32 31 31 31 31 31 31 30 30 30 29 29 29 28 28 28 27 27 26 26 26 25 25 25 24 24 24 24 23 23 23 23 23 22 22 22 22 21 21 21 21 21 21 20 20 20 20 20 19 19 19 19 19 19 18 18 18 18 18 17 17 17 17 17 16 16 16 16 16
34 33 33 33 33 33 33 33 33 33 33 32 33 33 33 32 32 32 32 31 31 30 30 30 29 29 28 28 27 27 27 26 26 26 25 25 25 24 24 24 24 23 23 23 23 23 22 22 22 22 22 22 21 21 21 21 21 20 20 20 20 20 19 19 19 19 19 18 18 18 18 18 18 17 17 17 17 17 16
36 35 35 35 35 35 35 35 35 34 34 34 34 35 34 34 34 33 33 32 32 32 31 31 30 30 29 29 28 28 28 27 27 26 26 26 26 25 25 25 25 24 24 24 24 24 23 23 23 23 23 22 22 22 22 22 21 21 21 21 21 20 20 20 20 20 19 19 19 19 19 18 18 18 18 18 17 17 17
37 37 37 36 36 36 37 36 36 36 36 37 37 37 36 36 35 35 34 34 33 33 32 32 31 31 30 30 29 29 29 28 28 27 27 27 26 26 26 26 25 25 25 25 25 24 24 24 24 24 23 23 23 23 23 22 22 22 22 22 21 21 21 21 21 20 20 20 20 20 19 19 19 19 19 18 18 18 18
38 39 38 38 38 38 38 38 38 38 38 38 38 38 38 37 37 36 36 35 35 34 34 33 33 32 31 31 31 30 30 29 29 28 28 28 27 27 27 27 26 26 26 26 25 25 25 25 25 25 24 24 24 24 24 23 23 23 23 23 22 22 22 22 22 21 21 21 21 20 20 20 20 20 19 19 19 19 19
40 40 40 39 39 39 40 40 40 40 40 40 40 40 39 39 38 38 37 37 36 36 35 34 34 33 33 32 32 31 31 30 30 29 29 29 28 28 28 27 27 27 27 27 26 26 26 26 26 25 25 25 25 25 24 24 24 24 24 23 23 23 23 23 22 22 22 22 21 21 21 21 21 20 20 20 20 20 19
41 41 41 41 41 41 42 42 42 43 43 43 42 42 41 41 40 39 39 38 38 37 36 36 35 34 34 33 33 32 32 31 31 30 30 30 29 29 29 28 28 28 28 28 27 27 27 27 27 26 26 26 26 26 25 25 25 25 25 24 24 24 24 23 23 23 23 23 22 22 22 22 22 21 21 21 21 20 20
43 43 43 43 43 44 44 44 44 44 45 45 44 44 43 42 42 41 40 39 39 38 38 37 36 35 35 34 34 33 33 32 32 31 31 31 30 30 30 29 29 29 29 29 28 28 28 28 28 27 27 27 27 27 26 26 26 26 26 25 25 25 25 24 24 24 24 24 23 23 23 23 22 22 22 22 22 21 21
45 44 45 45 46 46 46 46 46 46 46 47 46 46 45 44 43 42 42 41 40 40 39 38 37 37 36 35 34 34 33 33 33 32 32 32 31 31 31 30 30 30 30 30 29 29 29 29 29 29 28 28 28 28 27 27 27 27 27 26 26 26 26 25 25 25 25 25 24 24 24 24 23 23 23 23 23 22 22
46 46 48 48 48 48 48 48 48 48 48 48 48 47 46 45 45 44 43 42 42 41 40 39 38 38 37 37 36 35 34 34 34 33 33 33 32 32 32 31 31 31 31 31 30 30 30 30 29 30 29 29 29 29 29 28 28 28 28 27 27 27 27 26 26 26 26 26 25 25 25 25 24 24 24 24 23 23 23
48 48 49 50 50 50 50 50 49 50 50 49 49 48 47 47 46 45 44 44 43 42 41 40 39 39 39 37 36 36 35 35 34 33 34 34 33 33 33 33 32 32 32 32 32 31 31 31 31 31 30 30 30 30 30 30 29 29 29 29 28 28 28 28 27 27 27 27 26 26 26 26 25 25 25 25 24 24 24
50 50 50 51 51 50 51 51 50 50 50 50 49 49 48 48 47 46 45 45 44 43 42 42 40 39 38 37 37 37 37 36 36 35 34 34 34 34 34 33 33 33 33 33 33 33 32 32 32 31 32 32 31 31 31 31 30 30 30 30 29 29 29 29 28 28 28 28 27 27 27 27 26 26 26 26 26 25 25
51 51 51 52 53 53 52 52 51 51 51 51 50 50 49 49 48 47 47 44 42 42 43 43 42 40 40 39 39 38 38 37 37 36 35 34 34 34 34 34 33 34 34 34 34 33 33 33 33 33 32 32 33 32 32 32 32 31 31 31 31 30 30 30 29 29 29 29 28 28 28 28 28 27 27 27 27 27 26
52 53 54 54 54 54 54 53 53 52 52 52 51 50 50 49 47 46 45 42 42 41 41 41 41 41 41 41 40 40 39 39 38 38 37 36 36 35 35 35 35 35 34 35 35 35 34 34 34 34 34 34 34 34 34 33 33 33 32 32 32 32 31 31 31 30 30 30 30 29 29 29 29 28 28 28 28 28 27
54 55 56 56 56 55 55 54 54 53 53 52 52 51 50 46 45 45 45 44 44 44 43 43 43 43 42 42 42 41 41 40 40 39 38 38 38 37 37 37 37 36 36 36 36 36 36 36 35 35 35 35 35 35 35 35 34 34 34 34 33 33 33 32 32 32 31 31 31 30 30 30 30 30 29 29 29 29 29
55 56 57 57 57 56 55 55 54 54 53 53 52 52 50 48 47 47 46 46 46 45 45 44 44 44 44 43 43 43 42 42 41 41 40 40 39 39 39 39 38 38 38 38 38 37 37 37 37 37 36 37 37 37 36 36 36 36 35 35 35 34 34 34 33 33 33 32 32 32 31 31 31 31 31 30 30 30 30
57 58 58 58 57 57 56 55 54 54 52 50 49 48 48 48 48 47 47 47 47 46 46 46 46 46 45 45 45 44 44 43 43 42 42 42 41 41 41 40 40 40 40 39 39 39 39 39 38 38 38 38 37 38 38 38 37 37 37 36 36 36 35 35 35 34 34 34 33 33 33 32 32 32 32 32 32 31 31
58 60 57 57 57 57 56 55 54 54 52 51 50 49 49 48 48 48 48 48 48 48 47 47 47 47 47 46 46 46 45 45 45 44 44 43 43 43 42 42 42 41 41 41 41 41 40 40 40 40 40 39 38 38 40 39 39 39 38 38 38 37 37 36 36 36 35 35 35 34 34 34 34 33 33 33 33 33 33
55 59 57 56 56 55 55 55 54 54 53 52 51 50 49 49 49 49 49 49 49 49 49 49 49 49 48 48 48 48 47 47 47 46 46 45 45 45 44 44 44 43 43 43 42 42 42 42 42 41 41 41 40 40 40 41 41 40 40 40 39 39 38 38 37 37 37 36 36 36 35 35 35 35 35 34 34 34 34
53 57 57 57 55 56 55 55 54 53 53 53 52 50 50 49 49 50 50 50 50 50 50 50 50 50 50 50 50 50 49 49 49 48 48 47 47 47 46 46 45 45 45 45 44 44 44 44 43 43 43 42 42 41 41 41 41 40 41 41 41 40 40 39 39 39 38 38 37 37 37 37 36 36 36 36 36 36 35
53 56 54 55 55 55 54 54 54 53 53 53 51 50 50 50 50 50 51 51 51 52 52 52 52 52 52 52 52 52 51 51 51 50 50 50 49 49 48 48 47 47 47 46 46 46 45 45 45 45 44 44 44 43 43 43 43 42 42 42 43 42 42 41 41 40 40 39 39 39 38 38 38 38 38 37 37 37 37
52 53 53 53 55 55 55 54 54 55 54 54 52 50 50 50 51 51 52 52 53 53 53 54 54 54 54 54 54 54 54 53 53 53 52 52 51 51 50 50 49 49 49 48 48 47 47 47 47 46 46 46 46 46 45 45 45 44 44 43 44 44 44 43 42 42 41 41 40 40 40 40 39 39 39 39 39 39 39
