Part_1_SDMs/env_data/present_climate/bioclim_7.asc
NCOLS 888 
NROWS 876 
XLLCORNER -19 
YLLCORNER -35 
CELLSIZE 0.0833333333333333 
NODATA_value -32768 
[rows 210 to 244 of 876, columns 79 to 157 of 888]
297 298 298 299 299 300 300 301 302 302 302 303 303 304 304 305 306 306 307 307 308 308 308 309 309 310 311 311 311 311 313 313 314 314 314 315 316 317 317 318 318 318 319 319 321 320 322 322 322 324 323 325 325 326 326 326 328 329 329 330 331 331 332 333 332 334 335 336 337 338 340 340 341 342 344 345 345 346 348
296 295 297 297 298 298 299 299 300 301 301 301 302 302 304 303 304 304 305 305 306 306 306 307 308 308 308 309 310 310 311 311 312 312 313 314 314 314 315 315 316 317 318 318 318 318 319 320 320 322 322 323 323 324 325 326 326 327 327 327 328 330 330 330 331 333 333 336 336 336 338 339 341 341 342 345 345 345 347
294 295 296 295 297 297 298 298 299 299 300 300 300 301 301 301 301 302 303 303 304 304 304 305 306 306 307 307 308 308 308 309 310 311 311 312 312 312 313 313 314 315 316 316 317 317 318 318 318 319 321 321 321 322 322 323 324 325 325 326 326 327 329 330 331 332 333 334 335 336 338 338 340 341 342 343 343 345 347
292 293 293 294 295 295 296 296 297 297 297 297 298 299 298 300 301 300 301 302 302 303 303 304 304 304 305 306 306 306 307 308 308 309 309 309 310 310 312 311 313 313 314 314 315 315 315 317 317 317 317 319 319 320 320 321 322 323 324 325 325 327 328 329 330 330 332 334 334 335 335 337 339 339 340 342 343 344 346
291 292 293 293 293 294 294 295 294 295 296 297 296 297 298 298 299 299 299 300 300 301 301 302 303 303 303 303 304 305 305 305 306 306 307 308 308 309 309 310 310 311 312 312 313 314 314 314 315 315 316 316 318 319 319 320 320 321 323 323 325 326 326 328 328 330 330 331 333 334 335 337 338 339 339 342 342 343 345
290 290 291 291 292 293 292 293 293 293 294 295 295 295 295 296 296 297 298 297 298 300 300 300 300 300 302 303 303 303 304 304 305 305 306 306 306 307 307 308 308 309 309 310 311 311 312 313 314 313 314 315 316 317 318 319 320 321 322 323 324 324 325 327 328 328 330 331 332 334 334 334 337 338 338 340 341 342 343
288 289 289 289 290 291 291 291 291 292 292 292 293 293 293 294 294 296 296 297 297 297 298 298 299 300 300 300 300 301 302 302 302 303 303 304 305 305 305 306 307 307 308 308 310 311 311 311 312 313 313 315 315 316 317 317 319 320 320 321 323 323 324 325 326 327 329 330 330 332 333 334 335 336 338 338 340 342 342
288 288 288 289 289 290 291 291 291 291 291 292 292 292 293 293 293 294 294 295 296 296 297 297 297 298 298 299 300 300 301 301 302 302 303 303 303 305 305 306 306 306 307 308 308 309 309 310 311 311 313 313 314 315 315 317 318 318 319 320 321 322 323 324 325 327 328 328 330 331 332 333 335 336 336 338 340 340 342
287 288 288 288 289 290 290 291 291 291 291 291 292 292 292 293 293 293 294 294 294 295 295 296 297 298 297 297 298 298 300 300 300 301 302 302 303 303 303 305 305 306 306 306 307 308 308 309 310 311 312 313 313 314 314 315 315 317 318 319 320 320 322 324 324 325 326 327 328 329 331 331 333 334 336 337 338 340 340
287 288 288 288 288 289 289 289 289 290 290 291 291 291 291 291 292 293 293 293 294 294 296 296 295 296 297 297 297 298 298 299 299 300 300 301 301 302 302 303 304 304 306 305 306 306 307 308 308 309 309 311 312 312 314 314 315 316 317 318 318 319 321 322 323 324 325 325 327 328 329 331 331 333 335 336 336 338 340
287 287 288 288 288 288 288 290 290 289 289 290 290 290 291 292 292 293 293 293 293 293 294 296 296 295 295 295 296 297 297 298 298 299 299 300 301 300 301 302 303 303 304 305 305 306 307 307 307 309 309 309 310 311 312 313 314 315 316 316 317 319 319 320 321 323 324 324 326 327 328 329 331 332 333 335 335 336 338
286 287 287 287 288 288 288 289 289 289 289 289 289 289 290 290 291 291 292 292 292 292 293 293 294 294 295 296 296 296 296 296 297 298 298 299 299 300 300 300 301 302 302 303 304 304 305 306 307 307 307 308 309 310 310 312 313 313 314 314 316 318 318 318 320 322 322 323 324 326 326 328 329 330 332 333 335 335 337
286 287 287 286 287 287 288 288 288 288 288 288 289 289 289 290 290 291 291 291 292 291 292 292 292 293 293 294 294 295 296 297 297 297 297 298 298 299 299 300 301 301 302 302 303 303 303 305 306 306 306 307 309 309 309 310 312 312 312 314 315 316 316 317 319 320 321 322 323 325 326 327 328 329 330 332 333 335 336
285 286 286 286 286 287 287 287 287 287 287 288 288 288 288 289 289 289 289 290 291 292 291 292 292 292 293 294 294 294 294 295 296 296 297 297 297 299 298 299 299 300 301 301 302 302 302 303 303 305 305 306 307 307 308 309 309 310 312 312 313 314 315 317 317 318 319 321 321 322 325 325 327 328 328 330 331 333 335
285 285 286 286 286 286 286 287 286 287 287 287 286 287 287 288 289 288 289 290 290 290 290 291 291 292 292 292 293 293 294 295 294 295 296 296 297 297 298 298 298 299 299 300 300 301 302 301 303 303 304 305 305 306 307 307 309 309 310 311 312 312 314 315 316 316 318 319 320 321 323 324 325 327 328 328 329 331 333
284 285 285 285 285 286 285 285 286 285 286 286 286 287 287 287 288 287 288 287 288 289 289 290 290 290 291 292 292 293 292 293 294 294 294 295 296 296 296 296 297 297 298 299 299 300 300 301 302 302 303 304 304 304 306 307 307 308 308 310 310 312 312 313 315 316 317 317 318 320 320 322 323 325 327 328 328 329 331
284 284 284 285 284 285 285 285 285 285 284 285 286 286 286 286 286 287 287 288 288 288 288 289 290 290 290 291 291 291 292 293 292 292 293 294 294 295 295 296 295 296 297 297 298 298 299 299 300 301 302 302 303 303 304 304 306 306 307 308 309 310 311 311 313 314 315 316 317 318 319 320 321 323 325 326 328 329 329
283 284 283 284 284 284 285 284 284 284 284 284 284 285 285 285 285 285 285 286 287 287 288 289 288 289 290 290 290 291 291 290 291 292 292 292 292 294 294 293 294 295 296 296 296 297 298 298 299 299 300 301 301 302 303 303 304 305 305 306 307 309 309 310 311 312 313 314 315 317 318 318 320 321 323 324 326 327 329
282 283 283 283 283 283 283 284 283 283 282 283 284 284 284 284 284 284 285 286 286 286 287 287 288 289 288 289 289 289 289 290 290 291 292 291 292 292 292 293 294 293 294 294 295 296 296 296 298 298 299 299 300 301 301 301 302 303 304 305 306 306 308 308 309 310 311 313 314 315 317 317 318 320 321 323 324 326 327
282 282 283 283 282 282 282 283 282 282 282 282 282 282 283 283 283 284 284 285 285 285 286 286 287 287 288 288 288 288 288 289 290 289 290 290 290 291 291 292 292 292 293 294 294 294 295 295 295 296 297 298 298 299 299 300 300 302 302 304 304 305 306 307 308 308 310 311 311 313 315 316 317 318 320 321 322 324 325
281 282 282 282 282 282 282 282 281 281 281 281 281 282 282 281 282 283 284 284 284 284 285 285 286 286 287 287 287 288 287 288 288 288 289 289 290 290 290 291 291 291 292 292 293 293 294 293 295 295 295 295 297 298 298 298 299 300 300 301 303 303 305 305 306 307 308 309 311 311 312 314 315 316 318 319 321 322 323
281 281 281 281 282 281 281 280 280 280 280 280 279 280 281 281 282 282 282 282 283 284 284 285 285 286 286 286 286 287 287 286 287 288 288 289 288 289 290 289 290 290 291 291 291 292 293 293 292 293 294 294 294 295 296 297 297 299 299 300 300 302 303 303 305 305 307 307 308 310 311 311 313 314 316 317 319 320 320
281 281 280 281 280 281 281 280 280 279 279 279 280 280 280 281 280 281 282 282 282 282 283 283 284 284 284 285 285 286 285 285 286 287 287 288 288 288 287 288 288 289 289 289 290 290 291 291 292 292 293 292 293 294 295 295 296 296 297 298 299 300 301 302 302 304 305 306 307 308 310 310 311 313 314 316 316 318 320
281 281 280 281 280 280 280 280 279 278 279 278 278 279 279 280 280 280 281 281 282 282 282 283 283 283 284 284 284 285 285 285 285 285 286 286 287 286 287 286 286 288 287 288 288 289 290 290 290 290 291 291 292 292 293 293 294 295 295 297 297 298 299 300 301 301 303 304 305 306 307 308 310 311 313 314 315 316 318
280 281 280 280 280 280 279 279 278 279 278 277 278 278 278 279 279 280 280 280 281 282 282 282 282 283 283 284 284 284 283 284 284 284 285 284 285 285 286 285 286 286 286 286 287 287 288 289 288 289 290 290 291 291 292 291 292 294 294 295 296 296 297 298 299 300 301 303 303 304 306 307 308 309 311 311 313 314 315
280 279 280 280 279 278 279 278 278 278 278 278 277 278 278 278 279 279 279 281 281 282 281 282 282 282 282 282 283 283 283 282 283 283 284 284 284 284 284 284 285 285 285 285 286 286 286 286 287 288 288 288 289 289 289 290 290 291 292 293 294 295 295 295 297 298 299 300 301 303 304 305 305 307 308 310 311 312 313
279 279 279 279 280 279 279 278 278 278 278 278 277 277 278 278 279 279 281 281 282 282 282 282 282 282 281 282 282 281 282 282 282 283 282 283 283 283 283 283 283 284 284 284 285 285 285 285 286 286 287 287 287 287 288 288 289 289 290 291 292 293 294 294 294 296 297 297 299 300 301 302 304 305 307 308 309 310 311
279 279 279 278 279 279 278 278 278 278 277 278 277 277 278 280 280 280 280 281 281 280 280 281 281 280 281 281 281 280 281 280 280 281 282 282 282 282 282 282 282 283 283 283 283 283 284 284 284 284 285 285 285 286 287 287 287 287 289 289 290 290 292 292 293 294 295 296 297 298 299 301 302 303 304 305 307 308 310
279 279 279 278 278 278 278 278 277 278 278 277 277 277 277 279 278 279 279 280 280 280 279 280 280 279 279 279 280 280 280 280 280 280 280 280 280 281 281 280 281 281 281 282 282 282 282 283 282 283 283 283 284 284 284 285 286 286 287 287 288 288 289 291 291 292 293 295 296 296 298 298 299 301 302 304 305 307 308
278 279 279 279 279 278 278 278 278 277 278 278 278 279 278 278 279 279 279 279 280 279 279 279 279 279 279 279 279 278 279 279 279 280 279 279 279 279 279 280 279 280 280 280 280 280 281 280 281 282 282 282 283 282 282 283 284 284 284 286 286 286 287 289 290 290 291 293 293 294 295 296 297 299 300 301 302 304 305
277 278 278 278 278 277 278 277 277 278 278 278 278 278 278 279 278 279 279 279 278 279 278 278 279 279 279 278 278 279 278 277 277 278 278 278 278 278 278 278 278 278 279 279 279 279 279 280 279 280 280 281 281 281 281 281 282 283 283 283 285 285 285 285 287 287 289 289 291 292 294 294 296 297 298 299 301 302 303
277 278 278 278 278 278 278 277 278 278 278 278 278 278 278 279 278 278 279 278 278 278 278 278 277 277 277 277 276 278 277 276 277 277 276 277 277 276 277 277 277 277 277 277 277 277 278 278 278 278 278 278 279 280 279 279 280 280 280 281 282 283 284 284 284 286 287 288 289 291 290 293 293 294 296 298 299 300 301
277 277 277 278 277 277 278 277 278 278 278 277 278 278 278 278 279 278 278 278 278 278 278 277 277 276 276 276 276 276 275 275 275 276 276 275 276 275 276 275 275 276 276 276 276 276 277 276 277 277 277 277 277 278 278 278 278 279 279 280 279 281 281 283 283 284 285 286 287 288 289 290 291 292 294 295 296 298 299
276 276 277 277 277 277 277 277 277 277 277 278 278 277 278 278 278 278 278 278 277 278 277 277 276 276 276 276 275 275 275 274 274 274 274 274 274 274 274 275 274 274 275 275 275 275 276 275 275 275 276 276 276 276 276 276 277 277 277 277 278 278 279 280 281 281 282 284 284 286 287 288 289 291 291 293 294 296 296
275 275 276 277 276 277 277 277 276 277 276 277 277 278 278 279 278 278 278 278 277 277 277 276 275 275 275 275 274 274 274 274 273 274 273 273 273 272 272 273 274 273 273 274 273 274 273 274 274 274 274 274 274 275 274 275 275 275 276 276 276 276 277 277 279 279 281 282 282 283 285 286 287 288 290 291 292 293 295
