Part_1_SDMs/env_data/present_climate/bioclim_13.asc
NCOLS 888 
NROWS 876 
XLLCORNER -19 
YLLCORNER -35 
CELLSIZE 0.0833333333333333 
NODATA_value -32768 
[rows 35 to 69 of 876, columns 158 to 236 of 888]
146 167 157 163 159 152 167 182 159 164 161 143 119 120 86 103 76 71 66 66 65 59 59 60 59 64 61 55 52 50 47 45 46 46 47 47 48 50 52 51 49 48 48 48 49 50 52 54 57 60 64 66 69 73 76 77 76 75 70 67 65 62 57 55 57 61 60 58 61 59 59 55 55 55 54 54 54 53 52
137 139 149 150 158 170 162 175 169 135 140 132 132 140 131 111 119 96 79 71 75 86 79 66 63 72 62 53 51 50 48 47 46 45 45 46 46 48 46 45 45 45 45 46 47 47 48 51 57 59 61 66 70 73 74 74 71 71 65 61 56 53 49 52 47 48 51 54 55 52 51 51 51 51 51 52 52 51 50
138 131 150 155 157 169 160 148 144 138 131 127 131 126 145 146 126 112 101 82 87 96 76 70 68 65 59 54 53 51 50 49 50 51 47 45 42 42 42 44 44 46 48 54 50 47 46 47 48 52 57 62 68 74 75 71 67 62 56 50 48 47 45 46 43 43 47 48 49 48 47 47 47 49 49 49 49 49 47
134 147 140 150 158 157 155 143 138 139 135 124 119 121 107 124 114 93 93 91 81 84 77 83 75 70 64 53 52 52 48 47 49 48 44 44 43 42 44 48 53 51 54 55 48 44 44 44 44 48 54 65 78 85 82 74 65 59 56 49 45 42 40 39 39 40 42 43 44 44 44 45 46 46 47 48 47 46 45
122 129 131 131 136 146 149 137 136 138 133 120 115 104 97 90 97 97 83 81 76 83 83 77 75 69 64 57 52 51 50 49 46 44 41 41 40 44 47 49 46 44 43 43 43 44 43 44 46 51 58 64 69 74 76 70 68 59 51 47 43 40 41 40 39 39 40 42 43 43 43 44 44 45 45 44 44 43 42
112 117 117 122 127 130 128 127 125 133 127 118 114 106 101 95 89 88 85 81 79 79 79 73 71 67 64 62 56 50 48 49 42 39 37 37 38 38 41 41 41 41 41 40 41 41 43 46 51 59 72 73 76 70 64 67 62 57 51 47 42 44 42 39 38 39 43 44 44 43 42 42 42 42 42 41 41 40 39
106 108 112 114 117 123 120 118 119 116 117 115 109 106 102 96 88 86 86 82 81 79 75 73 70 66 63 63 60 48 43 41 38 36 35 34 35 37 38 39 39 39 39 42 44 43 47 51 64 73 73 76 73 69 65 62 57 53 48 42 40 41 39 39 39 42 42 42 41 40 40 40 40 39 39 38 38 37 37
100 103 105 106 108 110 112 112 116 115 113 110 105 102 100 98 95 94 92 87 83 78 76 72 70 64 60 53 50 44 41 38 35 35 33 32 35 37 39 41 39 40 40 44 47 44 50 53 58 65 71 71 70 65 61 58 54 50 46 42 40 40 39 40 40 40 40 39 38 38 37 37 37 36 36 36 35 35 34
93 96 101 103 105 111 111 104 105 106 105 105 102 100 98 94 94 94 89 90 90 81 81 74 69 62 55 49 44 40 38 36 35 33 33 31 35 43 43 44 41 40 42 50 54 49 52 55 57 60 61 63 63 61 58 56 53 49 46 43 41 40 39 39 38 38 37 37 36 35 35 34 34 34 34 33 33 32 31
88 94 101 104 97 100 100 96 96 97 95 97 95 93 92 93 94 94 93 93 95 92 86 78 68 58 50 45 42 38 36 35 34 34 34 34 39 39 46 49 45 41 42 43 45 47 51 52 53 55 55 57 57 57 57 56 52 48 45 43 41 40 39 38 37 36 36 35 34 34 33 32 32 32 31 31 30 30 30
90 96 99 104 95 96 96 95 95 95 91 89 88 89 90 89 90 91 89 93 94 87 85 75 65 54 48 44 41 37 35 35 34 33 33 34 38 36 35 36 36 35 35 37 40 43 46 48 49 51 52 55 56 55 54 53 50 47 44 42 40 39 38 37 36 35 35 34 33 32 31 31 30 30 29 29 29 29 29
103 95 97 100 99 94 90 89 87 88 86 84 84 82 82 82 82 84 85 70 65 59 62 63 60 51 47 43 40 36 36 35 34 34 34 34 36 38 38 39 41 38 38 38 38 39 43 45 47 50 53 54 53 52 51 50 48 45 43 41 39 38 37 36 35 35 34 32 31 30 29 29 28 28 28 28 28 28 29
99 98 93 101 107 95 85 83 81 80 78 78 78 78 78 78 79 77 71 57 57 55 54 55 54 49 46 42 38 36 36 35 38 39 40 40 41 42 42 41 39 38 38 38 38 38 42 44 46 48 49 49 49 49 48 47 45 43 41 40 38 37 36 35 35 33 32 32 31 30 29 28 28 28 28 28 28 29 29
90 93 91 90 91 88 80 77 75 74 74 74 73 72 72 72 67 62 55 54 52 52 51 52 48 47 44 40 37 37 35 37 45 48 52 50 46 46 42 39 38 37 37 38 37 38 40 42 44 45 46 46 46 46 45 44 43 42 40 39 37 36 35 35 34 33 32 32 31 30 29 28 28 27 28 28 29 29 30
91 94 93 93 90 87 82 78 75 73 72 70 68 66 65 60 55 52 52 51 51 51 49 50 47 47 44 40 36 38 41 42 49 50 47 45 44 43 40 37 36 35 36 37 36 38 39 41 42 43 43 44 44 43 43 42 41 40 39 38 37 36 35 34 34 33 33 32 31 30 29 28 28 29 29 29 29 29 29
93 96 95 95 91 88 87 85 81 77 74 67 61 58 59 54 52 51 50 54 60 56 53 50 43 47 43 36 35 37 41 44 46 45 44 42 40 38 37 35 35 35 35 36 36 37 39 39 39 40 40 40 41 41 41 40 40 39 38 37 36 36 35 34 34 33 33 32 30 30 29 28 28 29 30 30 30 30 31
98 98 99 97 95 97 101 99 94 85 81 66 56 53 53 52 50 48 49 52 68 74 56 46 52 47 35 33 33 35 38 41 42 42 41 39 38 36 35 34 34 34 35 35 35 37 37 38 38 38 38 38 38 38 39 38 38 37 37 36 36 35 34 34 34 34 34 32 31 30 29 28 27 28 29 31 31 31 33
96 104 107 109 108 117 116 111 104 96 83 66 56 53 49 50 47 48 58 56 65 59 55 59 64 37 31 31 32 34 36 38 40 40 39 38 36 35 34 34 33 33 33 34 35 36 36 37 37 37 37 38 38 38 38 37 37 36 36 35 35 34 34 33 33 34 36 32 31 30 29 28 27 28 28 30 31 31 32
105 116 120 124 108 115 126 127 123 106 86 74 62 57 50 47 46 44 51 57 70 67 71 72 46 33 29 29 31 34 36 38 39 39 38 37 36 35 34 33 33 33 33 34 35 35 35 36 36 36 37 37 37 37 36 36 36 35 35 35 34 34 33 33 33 35 35 32 31 30 29 28 27 27 28 29 29 30 31
103 116 110 104 103 107 114 117 124 105 88 70 62 55 55 60 48 43 46 57 70 65 51 43 35 28 27 28 31 34 36 38 39 38 37 37 35 34 34 33 33 33 33 34 34 34 35 35 35 35 35 35 35 35 35 35 35 34 34 34 33 33 32 32 32 32 32 31 30 29 28 27 27 27 28 28 28 29 30
120 108 101 98 104 108 119 123 111 101 82 67 65 66 67 54 47 45 46 53 57 54 38 33 29 25 25 28 31 35 37 39 39 38 38 37 35 35 34 33 33 33 33 34 34 34 34 34 34 34 34 34 34 34 34 34 33 33 33 33 32 32 31 31 31 30 30 30 29 28 27 27 26 27 27 28 28 29 28
114 113 106 103 104 115 124 115 105 95 81 74 72 65 58 51 48 45 45 46 50 46 32 28 26 24 25 28 32 36 37 38 39 39 38 36 36 35 34 33 33 33 33 33 33 34 34 33 33 33 33 33 33 33 33 32 32 32 32 32 31 31 30 30 30 29 29 28 28 28 26 26 26 25 26 28 26 26 26
116 110 112 108 109 121 114 106 99 90 83 80 71 63 53 49 46 42 41 38 37 32 29 26 25 24 26 29 33 37 39 40 40 40 38 37 37 35 35 34 33 33 33 33 33 33 33 33 33 32 32 32 32 32 32 31 31 31 32 30 30 30 29 29 29 28 28 28 28 26 26 27 26 25 25 25 24 24 25
111 110 112 109 114 114 107 100 92 84 78 71 63 56 49 47 44 39 36 34 32 29 27 25 25 25 26 29 33 38 41 42 41 41 40 40 40 38 37 35 34 33 34 34 33 34 33 33 32 31 31 31 31 31 31 30 30 31 30 29 29 29 28 28 27 27 27 26 25 25 25 26 24 24 23 23 23 23 25
105 107 104 103 107 104 100 93 87 81 72 62 55 50 46 45 43 41 35 32 29 27 26 26 26 26 28 30 34 38 40 42 44 43 43 44 42 41 39 36 35 34 35 34 35 35 33 32 31 31 31 31 30 30 30 30 30 30 29 28 28 28 28 27 27 27 26 25 24 24 23 23 24 24 23 23 21 22 21
104 102 100 105 103 98 93 87 81 71 60 54 49 45 43 43 40 35 32 30 27 26 26 26 27 28 29 32 35 39 43 45 46 46 45 44 44 42 38 37 37 36 35 35 34 33 32 31 30 30 30 30 30 29 29 29 29 28 28 28 27 29 27 26 29 25 24 25 23 22 22 22 23 22 21 21 21 20 20
101 100 97 98 95 90 84 81 72 61 54 49 45 41 38 38 36 31 29 28 27 27 27 27 28 29 31 35 39 42 44 46 48 47 46 45 44 42 39 37 38 38 36 34 32 31 31 31 29 28 28 28 28 29 29 29 28 28 27 27 28 28 24 27 27 23 23 23 22 22 21 23 21 20 19 19 19 20 20
99 98 95 90 88 82 77 72 64 56 50 46 42 38 36 35 31 29 28 28 28 27 28 28 30 33 35 37 41 44 47 48 49 48 47 46 43 42 39 38 37 37 35 32 31 30 29 28 27 26 26 26 28 29 30 28 27 27 26 26 26 24 22 23 22 22 22 22 23 21 22 21 19 19 19 19 19 19 19
103 100 95 89 84 79 72 65 58 51 47 43 39 36 36 33 31 30 29 29 29 29 30 31 32 34 37 39 43 46 49 50 49 50 47 46 45 42 40 38 36 35 34 32 30 29 29 28 27 26 26 27 28 30 27 26 25 26 25 24 23 22 22 25 22 21 21 21 21 19 19 19 18 18 19 19 18 18 18
97 93 89 84 79 73 67 61 56 50 46 44 41 40 40 37 39 41 38 33 34 34 37 37 37 39 39 40 44 48 52 53 52 50 47 47 46 43 41 38 37 35 32 30 29 28 28 27 28 28 26 25 25 26 25 24 24 25 24 23 23 22 26 24 22 20 21 20 19 19 18 18 18 18 18 18 18 18 18
91 87 83 78 74 69 64 59 55 50 58 64 58 58 52 40 36 40 40 38 39 40 41 42 36 41 39 40 44 49 55 55 55 50 47 46 43 38 34 32 30 28 26 25 25 26 26 26 26 25 24 24 23 23 24 23 24 23 24 24 27 23 20 20 19 20 20 19 18 18 18 17 17 17 18 18 17 17 17
87 83 78 74 71 68 65 60 53 64 76 71 63 43 38 33 31 31 36 35 33 37 38 33 31 32 33 38 43 48 55 56 50 47 46 45 41 36 33 31 29 27 25 24 24 24 25 25 24 23 23 24 23 23 22 23 27 23 22 27 22 20 21 19 19 19 18 18 18 17 17 17 17 17 17 17 17 17 16
82 77 72 69 66 64 69 64 58 57 54 52 42 34 29 28 27 30 31 28 26 25 25 25 25 26 28 33 36 44 51 54 50 46 49 45 39 37 34 30 28 26 24 23 23 23 26 27 25 23 23 25 23 22 22 22 27 21 21 21 20 21 20 18 18 18 18 18 18 17 17 17 17 16 17 16 16 16 16
75 72 67 65 65 63 64 62 53 43 40 38 32 30 27 24 23 23 22 23 23 22 22 22 23 25 25 26 30 37 43 45 41 47 49 39 33 34 33 30 27 24 23 23 22 24 27 28 25 23 22 22 22 22 22 22 23 23 20 20 20 19 19 18 18 18 18 18 17 17 17 16 16 16 16 16 16 16 15
74 71 67 67 69 68 63 55 50 47 43 34 30 28 27 26 22 20 22 24 22 20 20 19 19 21 22 26 31 34 38 37 34 36 33 28 27 27 26 26 24 23 23 23 24 25 25 26 25 24 23 22 22 22 21 21 20 20 20 20 19 19 18 18 18 18 18 17 17 17 17 16 16 16 16 15 15 15 15
