Part_1_SDMs/env_data/present_climate/bioclim_14.asc
NCOLS 888 
NROWS 876 
XLLCORNER -19 
YLLCORNER -35 
CELLSIZE 0.0833333333333333 
NODATA_value -32768 
[rows 720 to 755 of 876, columns 581 to 663 of 888]
1 1 1 1 1 1 1 1 1 1 1 1 1 1 1 1 1 1 2 2 2 3 3 2 2 3 3 3 3 3 2 2 2 2 2 2 2 2 2 2 2 2 2 2 2 2 2 3 3 3 3 3 3 3 3 4 4 5 5 6 7 8 9 10 11 12 13 14 15 16 17 18 -32768 -32768 -32768 -32768 -32768 -32768 -32768 -32768 -32768 -32768 -32768
1 1 1 1 1 1 1 1 1 1 1 1 1 1 1 1 1 1 1 2 2 2 2 2 2 2 2 2 2 2 2 2 2 2 2 2 2 2 2 2 2 2 2 2 2 2 2 3 3 3 3 3 3 3 3 4 4 5 5 6 7 8 9 10 11 12 13 14 15 16 18 18 19 19 -32768 -32768 -32768 -32768 -32768 -32768 -32768 -32768 -32768
1 1 1 1 1 1 1 1 1 1 1 1 1 1 1 1 1 1 1 2 2 2 2 2 2 2 2 2 2 2 2 1 1 1 1 2 2 2 2 2 2 2 2 2 2 2 2 3 3 3 3 3 3 3 3 4 4 5 5 6 7 8 9 10 11 12 13 14 15 17 18 18 19 19 -32768 -32768 -32768 -32768 -32768 -32768 -32768 -32768 -32768
1 1 1 1 1 1 1 1 1 1 1 1 1 1 1 1 1 1 2 2 1 2 2 2 2 2 2 2 2 1 1 1 1 1 1 1 1 2 2 2 2 2 2 2 2 2 3 3 3 3 3 3 3 3 4 4 4 5 6 6 7 8 9 10 11 12 13 15 16 17 19 19 19 19 -32768 -32768 -32768 -32768 -32768 -32768 -32768 -32768 -32768
1 1 2 2 2 2 2 2 2 2 1 1 1 1 1 2 2 2 2 2 2 2 2 2 2 2 1 1 2 1 1 1 1 1 1 1 1 1 1 2 2 2 2 2 2 3 3 3 3 3 3 3 3 3 4 4 4 5 6 6 7 8 9 10 11 13 14 15 16 18 19 19 20 20 -32768 -32768 -32768 -32768 -32768 -32768 -32768 -32768 -32768
1 2 2 2 2 2 2 2 2 2 2 2 2 2 2 2 2 2 2 2 2 2 2 2 2 1 1 1 1 1 1 1 1 1 1 1 1 1 1 1 2 2 2 2 2 2 3 3 3 3 3 3 4 4 4 4 4 5 6 6 7 8 9 10 12 13 14 16 17 18 19 20 20 20 -32768 -32768 -32768 -32768 -32768 -32768 -32768 -32768 -32768
1 2 2 2 2 2 3 3 3 3 3 3 3 3 3 3 3 3 2 2 2 3 3 2 2 2 1 1 1 1 1 1 1 1 1 1 1 1 1 1 1 2 2 2 2 2 3 3 3 3 3 4 4 4 4 4 5 5 6 6 7 8 10 11 12 13 15 16 18 19 20 20 21 21 -32768 -32768 -32768 -32768 -32768 -32768 -32768 -32768 -32768
1 1 2 2 2 3 3 4 4 4 5 5 6 8 8 7 5 4 3 3 3 3 3 3 2 2 1 1 1 1 1 0 0 1 1 1 1 1 1 1 1 2 2 2 2 2 2 3 3 3 4 4 4 4 4 4 5 5 6 6 7 9 10 11 12 14 15 17 18 20 20 21 21 21 -32768 -32768 -32768 -32768 -32768 -32768 -32768 -32768 -32768
1 1 2 2 3 4 4 4 6 8 12 14 13 9 6 7 8 5 4 3 3 3 3 3 3 2 2 1 1 1 1 0 0 0 1 1 1 1 1 1 1 2 2 2 2 2 2 2 3 3 3 4 4 4 4 5 5 5 6 7 7 9 10 11 13 14 16 18 19 20 21 22 22 22 -32768 -32768 -32768 -32768 -32768 -32768 -32768 -32768 -32768
1 2 2 3 3 4 5 7 11 15 18 17 11 7 9 9 6 4 4 4 3 3 3 3 3 3 2 2 1 1 1 0 0 1 1 1 1 1 1 1 1 2 2 2 2 2 2 2 3 3 3 4 4 4 5 5 5 5 6 7 8 9 10 12 13 15 17 19 20 21 22 22 23 23 -32768 -32768 -32768 -32768 -32768 -32768 -32768 -32768 -32768
1 2 2 4 5 6 8 9 13 18 20 19 12 8 6 6 5 5 4 4 4 3 3 3 3 3 3 2 1 1 1 1 1 1 1 1 1 1 1 1 2 2 2 2 2 2 2 2 3 3 3 4 4 5 5 5 5 6 6 7 8 9 10 12 14 16 18 20 21 22 22 23 24 23 24 -32768 -32768 -32768 -32768 -32768 -32768 -32768 -32768
3 5 5 9 11 14 15 18 18 19 21 14 9 8 7 7 6 5 5 4 4 4 3 3 3 3 3 2 2 1 1 1 1 1 1 1 1 1 1 2 2 2 2 2 2 2 3 3 3 3 4 4 5 5 5 5 5 6 6 7 8 9 11 12 14 16 18 21 21 22 23 24 24 24 24 -32768 -32768 -32768 -32768 -32768 -32768 -32768 -32768
6 4 3 5 7 9 10 13 16 16 16 11 9 8 7 6 5 5 5 4 4 4 4 4 3 3 3 3 2 2 1 1 1 1 1 1 1 2 2 2 2 2 2 2 2 3 3 3 3 4 4 4 5 5 5 5 6 6 6 7 8 10 11 13 15 17 19 21 22 23 24 25 25 25 -32768 -32768 -32768 -32768 -32768 -32768 -32768 -32768 -32768
2 2 3 4 6 8 9 11 12 12 12 10 10 8 7 6 5 5 5 4 4 4 4 4 4 3 3 3 3 2 2 1 1 1 1 2 2 2 2 2 2 2 2 3 3 3 3 3 4 4 4 5 5 6 6 6 6 7 7 8 9 10 12 13 15 17 20 22 23 24 24 26 26 25 -32768 -32768 -32768 -32768 -32768 -32768 -32768 -32768 -32768
2 3 4 6 7 9 11 12 11 10 10 9 9 7 6 5 4 4 4 4 4 4 4 4 4 3 3 3 3 2 2 2 2 2 2 2 2 2 2 2 2 3 3 3 3 3 3 4 4 4 5 5 6 6 6 6 7 7 8 8 9 11 12 14 16 18 20 22 23 24 25 26 27 -32768 -32768 -32768 -32768 -32768 -32768 -32768 -32768 -32768 -32768
3 4 5 7 9 11 11 13 11 12 10 9 8 6 5 4 4 4 4 4 4 5 5 4 4 4 3 3 3 3 2 2 2 2 2 2 2 2 3 3 3 3 3 3 3 4 4 4 4 5 5 6 6 6 7 7 7 8 9 9 10 11 13 14 16 18 21 23 24 25 26 27 27 -32768 -32768 -32768 -32768 -32768 -32768 -32768 -32768 -32768 -32768
4 5 6 8 10 12 14 15 13 11 10 10 8 7 6 4 4 4 4 4 4 5 5 4 4 4 3 3 3 3 3 3 3 3 2 2 3 3 3 3 3 3 4 4 4 4 4 5 5 5 6 6 7 7 7 8 8 9 9 10 11 12 13 15 17 19 21 23 24 25 26 27 27 -32768 -32768 -32768 -32768 -32768 -32768 -32768 -32768 -32768 -32768
4 5 6 8 11 13 16 15 12 11 10 10 8 7 6 5 4 4 4 4 4 5 4 4 4 4 4 3 3 3 3 3 3 3 3 3 3 3 3 4 4 4 4 4 4 5 5 5 5 6 6 7 7 8 8 8 9 9 10 11 12 13 14 15 17 19 21 24 25 25 26 26 26 -32768 -32768 -32768 -32768 -32768 -32768 -32768 -32768 -32768 -32768
5 6 7 9 11 14 15 13 12 11 12 11 9 7 6 5 4 4 4 4 4 4 4 4 4 4 4 4 3 3 3 3 3 3 4 4 4 4 4 4 4 4 5 5 5 5 5 6 6 6 7 7 8 8 9 9 10 10 11 12 12 13 14 16 18 19 22 24 25 25 26 26 25 -32768 -32768 -32768 -32768 -32768 -32768 -32768 -32768 -32768 -32768
5 6 7 10 12 14 15 13 14 14 15 12 8 6 5 4 4 4 4 4 4 4 4 4 4 4 4 4 4 4 3 4 4 4 4 4 4 4 5 5 5 5 5 5 6 6 6 6 7 7 7 8 8 9 10 10 11 11 12 12 13 14 15 16 18 20 22 24 26 26 25 25 25 -32768 -32768 -32768 -32768 -32768 -32768 -32768 -32768 -32768 -32768
5 6 8 10 12 14 15 16 17 15 10 9 7 5 5 4 4 4 4 4 4 4 4 4 4 4 4 5 5 4 4 4 4 5 5 5 5 5 5 6 6 6 6 6 6 7 7 7 7 8 8 9 9 10 10 11 11 12 13 13 14 15 16 17 18 20 22 24 26 27 26 26 26 -32768 -32768 -32768 -32768 -32768 -32768 -32768 -32768 -32768 -32768
5 6 7 9 11 12 14 16 12 11 10 8 7 6 5 4 4 4 5 4 4 4 4 4 4 4 4 5 5 5 5 5 5 5 5 6 6 6 6 6 6 7 7 7 7 7 8 8 8 8 9 9 10 10 11 12 12 13 14 14 15 16 17 18 19 21 23 25 26 27 28 28 29 30 -32768 -32768 -32768 -32768 -32768 -32768 -32768 -32768 -32768
4 6 7 9 10 11 13 15 13 10 8 8 9 8 6 5 4 4 5 4 4 4 5 5 5 4 4 5 5 5 5 5 5 6 6 6 7 7 7 7 7 7 8 8 8 8 8 9 9 9 10 10 11 11 12 13 14 14 15 15 16 17 17 19 20 22 24 25 27 27 29 29 31 31 -32768 -32768 -32768 -32768 -32768 -32768 -32768 -32768 -32768
5 6 7 8 10 11 12 14 14 9 8 9 10 10 7 6 5 5 4 4 4 4 5 5 5 5 5 5 5 5 5 6 6 7 7 7 8 8 8 8 8 8 8 8 9 9 9 9 10 10 10 11 11 12 13 14 15 15 16 16 17 18 19 20 21 23 25 27 28 29 30 31 32 32 -32768 -32768 -32768 -32768 -32768 -32768 -32768 -32768 -32768
5 6 7 8 10 11 12 13 13 11 9 8 8 9 8 7 7 6 5 4 4 4 5 5 5 5 5 5 5 6 7 7 7 8 8 8 8 9 9 9 9 9 9 9 10 10 10 10 11 11 11 12 12 13 13 14 15 16 17 18 19 20 20 21 23 25 27 28 30 31 31 32 33 33 -32768 -32768 -32768 -32768 -32768 -32768 -32768 -32768 -32768
4 6 7 8 9 10 11 12 12 13 10 8 8 8 7 7 6 5 5 4 4 4 5 5 5 6 5 6 6 7 8 8 8 9 9 9 10 10 10 10 10 10 10 10 10 11 11 11 11 12 12 13 13 14 14 15 16 17 18 20 21 22 22 24 25 27 29 30 32 33 33 34 35 -32768 -32768 -32768 -32768 -32768 -32768 -32768 -32768 -32768 -32768
4 5 7 8 7 7 8 9 9 12 12 10 7 7 7 6 6 5 5 5 5 5 5 6 6 6 6 6 7 7 8 9 9 10 10 11 11 11 12 12 11 11 11 11 11 12 12 12 12 13 13 13 14 15 15 16 17 18 19 20 22 23 24 25 26 28 29 32 34 35 35 36 36 -32768 -32768 -32768 -32768 -32768 -32768 -32768 -32768 -32768 -32768
3 4 4 5 5 6 7 8 8 9 9 12 8 7 7 6 5 5 5 5 5 5 6 6 7 7 7 7 7 8 9 9 10 11 11 12 13 13 13 13 13 13 12 12 12 13 13 13 13 14 14 14 15 16 16 17 18 19 20 21 22 23 24 25 27 29 31 33 35 37 38 37 -32768 -32768 -32768 -32768 -32768 -32768 -32768 -32768 -32768 -32768 -32768
3 4 4 4 5 7 8 7 7 9 8 9 11 8 6 6 6 5 5 4 5 6 7 7 7 7 7 7 8 8 9 10 11 12 13 14 14 15 15 14 14 14 14 13 13 14 14 14 15 15 15 15 16 16 17 18 19 20 21 22 23 24 25 26 27 29 31 33 36 37 38 37 -32768 -32768 -32768 -32768 -32768 -32768 -32768 -32768 -32768 -32768 -32768
3 3 4 4 5 6 8 6 7 9 9 8 8 9 9 11 9 6 6 5 6 7 7 8 8 8 8 8 8 9 9 10 11 13 14 15 16 17 16 16 15 15 15 15 15 15 16 16 16 16 16 17 17 17 18 19 19 21 22 23 24 26 27 27 28 29 31 33 35 37 38 -32768 -32768 -32768 -32768 -32768 -32768 -32768 -32768 -32768 -32768 -32768 -32768
3 3 4 5 5 6 7 7 7 9 8 7 9 11 11 10 10 11 8 7 7 7 8 8 8 8 8 8 9 9 10 11 12 13 15 16 18 19 18 17 17 16 16 16 17 17 17 17 17 17 18 18 18 18 19 19 21 22 23 25 26 27 28 29 29 31 32 34 36 37 -32768 -32768 -32768 -32768 -32768 -32768 -32768 -32768 -32768 -32768 -32768 -32768 -32768
3 4 5 5 6 6 7 9 7 7 7 7 9 10 10 11 12 12 10 9 8 8 8 8 8 8 9 9 9 10 11 12 12 14 16 17 19 19 19 18 18 18 18 18 19 19 19 19 19 19 19 19 19 19 20 21 22 23 25 26 28 29 30 32 33 34 35 36 36 -32768 -32768 -32768 -32768 -32768 -32768 -32768 -32768 -32768 -32768 -32768 -32768 -32768 -32768
3 4 5 6 6 7 6 8 7 6 7 7 9 9 10 11 12 12 11 10 9 9 9 8 8 9 9 9 10 10 11 12 13 14 16 17 18 19 18 18 18 19 20 20 21 21 21 21 21 21 21 21 20 20 21 22 24 25 26 28 30 32 34 36 36 36 35 35 -32768 -32768 -32768 -32768 -32768 -32768 -32768 -32768 -32768 -32768 -32768 -32768 -32768 -32768 -32768
4 5 5 6 6 7 7 7 6 7 7 7 8 9 10 12 11 13 12 11 10 9 9 9 9 9 9 10 10 10 11 12 13 14 16 17 17 17 18 18 18 19 21 22 23 23 23 23 23 23 23 23 22 22 23 24 25 27 29 30 32 34 35 35 36 -32768 -32768 -32768 -32768 -32768 -32768 -32768 -32768 -32768 -32768 -32768 -32768 -32768 -32768 -32768 -32768 -32768 -32768
4 5 6 7 7 7 6 6 6 7 7 7 7 8 10 12 11 13 13 12 11 10 9 9 9 9 9 9 10 11 12 12 13 13 14 16 16 16 17 17 18 19 21 23 24 25 25 25 25 26 25 25 25 25 26 26 28 29 30 31 32 33 -32768 -32768 -32768 -32768 -32768 -32768 -32768 -32768 -32768 -32768 -32768 -32768 -32768 -32768 -32768 -32768 -32768 -32768 -32768 -32768 -32768
5 6 7 7 7 6 5 6 6 6 6 6 6 8 11 12 12 15 14 13 11 10 9 9 9 9 9 9 10 11 12 12 12 13 14 15 16 16 16 16 17 19 21 23 25 27 27 27 28 28 28 28 28 28 28 28 29 29 30 -32768 -32768 -32768 -32768 -32768 -32768 -32768 -32768 -32768 -32768 -32768 -32768 -32768 -32768 -32768 -32768 -32768 -32768 -32768 -32768 -32768 -32768 -32768 -32768
