Part_1_SDMs/env_data/present_climate/bioclim_17.asc
NCOLS 888 
NROWS 876 
XLLCORNER -19 
YLLCORNER -35 
CELLSIZE 0.0833333333333333 
NODATA_value -32768 
[rows 665 to 699 of 876, columns 720 to 799 of 888]
-32768 -32768 -32768 -32768 -32768 -32768 -32768 -32768 -32768 -32768 -32768 -32768 -32768 -32768 -32768 -32768 -32768 -32768 -32768 -32768 -32768 -32768 -32768 -32768 -32768 -32768 -32768 -32768 -32768 -32768 -32768 -32768 -32768 -32768 -32768 11 11 11 11 11 10 10 11 11 11 13 14 16 16 16 17 17 17 17 17 17 15 15 14 10 10 10 10 11 11 11 10 10 9 9 9 8 8 8 8 10 9 8 9 10
-32768 -32768 -32768 -32768 -32768 -32768 -32768 -32768 -32768 -32768 -32768 -32768 -32768 -32768 -32768 -32768 -32768 -32768 -32768 -32768 -32768 -32768 -32768 -32768 -32768 -32768 -32768 -32768 -32768 -32768 -32768 -32768 -32768 -32768 -32768 11 11 11 11 11 10 10 11 12 12 13 13 14 16 16 16 17 17 17 17 16 15 14 14 13 12 11 13 12 11 12 11 11 9 9 9 9 9 9 10 10 10 10 10 10
-32768 -32768 -32768 -32768 -32768 -32768 -32768 -32768 -32768 -32768 -32768 -32768 -32768 -32768 -32768 -32768 -32768 -32768 -32768 -32768 -32768 -32768 -32768 -32768 -32768 -32768 -32768 -32768 -32768 -32768 -32768 -32768 -32768 -32768 -32768 11 11 11 11 11 10 11 11 12 13 13 13 15 16 16 16 16 17 17 16 16 15 16 16 14 15 15 14 13 13 12 11 11 11 10 10 10 10 10 10 10 12 11 10 11
-32768 -32768 -32768 -32768 -32768 -32768 -32768 -32768 -32768 -32768 -32768 -32768 -32768 -32768 -32768 -32768 -32768 -32768 -32768 -32768 -32768 -32768 -32768 -32768 -32768 -32768 -32768 -32768 -32768 -32768 -32768 -32768 -32768 -32768 -32768 12 12 11 11 11 10 12 12 12 12 14 14 14 15 15 16 16 17 17 18 17 16 16 16 16 16 15 14 14 14 13 12 12 12 12 11 12 12 10 11 11 13 13 13 12
-32768 -32768 -32768 -32768 -32768 -32768 -32768 -32768 -32768 -32768 -32768 -32768 -32768 -32768 -32768 -32768 -32768 -32768 -32768 -32768 -32768 -32768 -32768 -32768 -32768 -32768 -32768 -32768 -32768 -32768 -32768 -32768 -32768 -32768 -32768 -32768 12 12 12 12 12 12 12 12 12 12 13 13 15 15 16 16 16 17 18 18 18 18 17 17 16 15 15 15 14 14 14 13 13 13 12 12 12 12 13 13 13 13 13 15
-32768 -32768 -32768 -32768 -32768 -32768 -32768 -32768 -32768 -32768 -32768 -32768 -32768 -32768 -32768 -32768 -32768 -32768 -32768 -32768 -32768 -32768 -32768 -32768 -32768 -32768 -32768 -32768 -32768 -32768 -32768 -32768 -32768 -32768 -32768 -32768 12 12 12 12 12 12 12 12 12 13 13 13 15 15 15 16 16 18 18 18 18 18 18 18 18 16 16 16 15 14 14 13 13 13 15 14 12 13 14 14 15 15 15 15
-32768 -32768 -32768 -32768 -32768 -32768 -32768 -32768 -32768 -32768 -32768 -32768 -32768 -32768 -32768 -32768 -32768 -32768 -32768 -32768 -32768 -32768 -32768 -32768 -32768 -32768 -32768 -32768 -32768 -32768 -32768 -32768 -32768 -32768 -32768 -32768 12 12 12 11 12 12 12 12 12 12 13 14 15 15 15 16 16 17 18 18 17 17 18 18 18 18 17 17 17 16 16 15 13 15 15 16 15 14 14 15 16 17 16 18
-32768 -32768 -32768 -32768 -32768 -32768 -32768 -32768 -32768 -32768 -32768 -32768 -32768 -32768 -32768 -32768 -32768 -32768 -32768 -32768 -32768 -32768 -32768 -32768 -32768 -32768 -32768 -32768 -32768 -32768 -32768 -32768 -32768 -32768 -32768 -32768 12 12 11 11 12 12 12 12 12 12 13 15 15 15 16 16 17 17 18 17 17 18 19 19 19 19 17 17 17 17 16 15 16 16 15 15 15 14 15 15 16 19 19 21
-32768 -32768 -32768 -32768 -32768 -32768 -32768 -32768 -32768 -32768 -32768 -32768 -32768 -32768 -32768 -32768 -32768 -32768 -32768 -32768 -32768 -32768 -32768 -32768 -32768 -32768 -32768 -32768 -32768 -32768 -32768 -32768 -32768 -32768 -32768 -32768 11 10 10 11 12 12 12 12 12 12 12 15 15 15 16 16 17 17 17 18 18 20 20 20 20 20 20 18 17 17 16 16 16 16 16 16 15 15 17 17 18 19 22 22
-32768 -32768 -32768 -32768 -32768 -32768 -32768 -32768 -32768 -32768 -32768 -32768 -32768 -32768 -32768 -32768 -32768 -32768 -32768 -32768 -32768 -32768 -32768 -32768 -32768 -32768 -32768 -32768 -32768 -32768 -32768 -32768 -32768 -32768 -32768 -32768 10 10 10 11 12 12 12 12 13 13 13 14 15 15 16 16 17 17 18 18 19 20 20 21 21 20 20 19 19 17 17 16 16 16 16 16 16 15 17 17 19 22 25 25
-32768 -32768 -32768 -32768 -32768 -32768 -32768 -32768 -32768 -32768 -32768 -32768 -32768 -32768 -32768 -32768 -32768 -32768 -32768 -32768 -32768 -32768 -32768 -32768 -32768 -32768 -32768 -32768 -32768 -32768 -32768 -32768 -32768 -32768 -32768 -32768 10 10 10 11 11 12 12 12 12 13 13 14 14 15 16 16 17 17 18 18 19 20 21 21 21 21 21 19 18 18 18 16 16 16 16 16 15 17 18 20 20 23 25 28
-32768 -32768 -32768 -32768 -32768 -32768 -32768 -32768 -32768 -32768 -32768 -32768 -32768 -32768 -32768 -32768 -32768 -32768 -32768 -32768 -32768 -32768 -32768 -32768 -32768 -32768 -32768 -32768 -32768 -32768 -32768 -32768 -32768 -32768 -32768 -32768 10 10 11 11 11 12 12 12 12 13 13 14 14 14 15 16 16 16 18 19 19 19 20 21 21 21 19 17 19 19 19 18 16 16 16 16 17 18 18 20 20 25 28 31
-32768 -32768 -32768 -32768 -32768 -32768 -32768 -32768 -32768 -32768 -32768 -32768 -32768 -32768 -32768 -32768 -32768 -32768 -32768 -32768 -32768 -32768 -32768 -32768 -32768 -32768 -32768 -32768 -32768 -32768 -32768 -32768 -32768 -32768 -32768 -32768 10 10 11 11 11 11 12 12 12 13 13 14 14 14 15 16 16 16 17 19 19 19 20 20 20 20 19 18 18 19 19 17 16 17 17 16 17 17 18 20 20 25 29 33
-32768 -32768 -32768 -32768 -32768 -32768 -32768 -32768 -32768 -32768 -32768 -32768 -32768 -32768 -32768 -32768 -32768 -32768 -32768 -32768 -32768 -32768 -32768 -32768 -32768 -32768 -32768 -32768 -32768 -32768 -32768 -32768 -32768 -32768 -32768 -32768 -32768 10 11 11 11 11 11 12 13 13 12 14 14 14 14 15 16 16 16 18 19 20 20 20 20 20 20 18 18 18 18 18 17 17 17 17 17 17 18 20 22 25 28 34
-32768 -32768 -32768 -32768 -32768 -32768 -32768 -32768 -32768 -32768 -32768 -32768 -32768 -32768 -32768 -32768 -32768 -32768 -32768 -32768 -32768 -32768 -32768 -32768 -32768 -32768 -32768 -32768 -32768 -32768 -32768 -32768 -32768 -32768 -32768 -32768 -32768 11 11 11 11 11 11 12 13 12 12 14 14 14 14 14 16 16 16 17 18 20 20 20 20 20 20 19 18 18 18 18 17 17 17 17 17 17 17 20 22 25 31 36
-32768 -32768 -32768 -32768 -32768 -32768 -32768 -32768 -32768 -32768 -32768 -32768 -32768 -32768 -32768 -32768 -32768 -32768 -32768 -32768 -32768 -32768 -32768 -32768 -32768 -32768 -32768 -32768 -32768 -32768 -32768 -32768 -32768 -32768 -32768 -32768 -32768 -32768 11 11 11 11 11 12 12 12 12 14 14 14 14 15 15 16 16 17 17 18 19 19 19 19 19 19 18 18 18 18 18 17 17 17 17 17 17 18 20 25 31 40
-32768 -32768 -32768 -32768 -32768 -32768 -32768 -32768 -32768 -32768 -32768 -32768 -32768 -32768 -32768 -32768 -32768 -32768 -32768 -32768 -32768 -32768 -32768 -32768 -32768 -32768 -32768 -32768 -32768 -32768 -32768 -32768 -32768 -32768 -32768 -32768 -32768 -32768 11 11 11 11 11 12 12 11 11 13 14 14 14 15 15 16 16 17 17 17 19 19 19 19 19 17 17 17 17 17 18 17 18 17 18 18 18 18 20 22 29 43
-32768 -32768 -32768 -32768 -32768 -32768 -32768 -32768 -32768 -32768 -32768 -32768 -32768 -32768 -32768 -32768 -32768 -32768 -32768 -32768 -32768 -32768 -32768 -32768 -32768 -32768 -32768 -32768 -32768 -32768 -32768 -32768 -32768 -32768 -32768 -32768 -32768 -32768 11 11 11 11 11 11 12 11 11 12 13 13 13 15 15 15 15 17 17 17 19 19 19 19 17 17 17 17 17 17 17 19 18 18 18 19 19 19 20 23 29 46
-32768 -32768 -32768 -32768 -32768 -32768 -32768 -32768 -32768 -32768 -32768 -32768 -32768 -32768 -32768 -32768 -32768 -32768 -32768 -32768 -32768 -32768 -32768 -32768 -32768 -32768 -32768 -32768 -32768 -32768 -32768 -32768 -32768 -32768 -32768 -32768 -32768 -32768 10 10 11 11 11 11 11 11 11 12 13 13 14 14 14 15 15 17 16 16 16 19 19 19 18 18 17 17 17 17 18 19 19 20 20 20 21 20 21 26 32 47
-32768 -32768 -32768 -32768 -32768 -32768 -32768 -32768 -32768 -32768 -32768 -32768 -32768 -32768 -32768 -32768 -32768 -32768 -32768 -32768 -32768 -32768 -32768 -32768 -32768 -32768 -32768 -32768 -32768 -32768 -32768 -32768 -32768 -32768 -32768 -32768 -32768 -32768 10 10 10 11 11 11 11 11 11 12 12 13 14 14 14 14 14 15 16 16 16 18 18 18 18 18 17 18 18 19 21 21 20 23 24 24 24 22 23 27 34 47
-32768 -32768 -32768 -32768 -32768 -32768 -32768 -32768 -32768 -32768 -32768 -32768 -32768 -32768 -32768 -32768 -32768 -32768 -32768 -32768 -32768 -32768 -32768 -32768 -32768 -32768 -32768 -32768 -32768 -32768 -32768 -32768 -32768 -32768 -32768 -32768 -32768 -32768 10 10 10 11 11 11 11 11 11 12 12 14 14 14 15 13 14 15 15 16 16 17 18 18 18 19 19 19 19 20 24 23 22 26 27 29 29 28 26 30 34 45
-32768 -32768 -32768 -32768 -32768 -32768 -32768 -32768 -32768 -32768 -32768 -32768 -32768 -32768 -32768 -32768 -32768 -32768 -32768 -32768 -32768 -32768 -32768 -32768 -32768 -32768 -32768 -32768 -32768 -32768 -32768 -32768 -32768 -32768 -32768 -32768 -32768 -32768 -32768 8 8 9 9 10 10 10 11 11 12 12 13 14 15 15 14 15 15 16 16 16 18 19 18 19 19 19 19 21 24 26 25 29 31 34 38 40 33 31 35 44
-32768 -32768 -32768 -32768 -32768 -32768 -32768 -32768 -32768 -32768 -32768 -32768 -32768 -32768 -32768 -32768 -32768 -32768 -32768 -32768 -32768 -32768 -32768 -32768 -32768 -32768 -32768 -32768 -32768 -32768 -32768 -32768 -32768 -32768 -32768 -32768 -32768 -32768 -32768 -32768 9 9 9 9 9 9 11 10 10 11 12 14 14 15 14 14 15 16 16 16 19 19 19 19 19 20 22 22 24 27 32 34 34 38 45 48 42 40 44 49
-32768 -32768 -32768 -32768 -32768 -32768 -32768 -32768 -32768 -32768 -32768 -32768 -32768 -32768 -32768 -32768 -32768 -32768 -32768 -32768 -32768 -32768 -32768 -32768 -32768 -32768 -32768 -32768 -32768 -32768 -32768 -32768 -32768 -32768 -32768 -32768 -32768 -32768 -32768 -32768 8 8 8 9 9 9 10 10 10 10 11 14 15 15 14 14 15 16 16 17 19 19 20 20 22 22 22 22 24 28 34 36 37 42 48 48 49 52 55 59
-32768 -32768 -32768 -32768 -32768 -32768 -32768 -32768 -32768 -32768 -32768 -32768 -32768 -32768 -32768 -32768 -32768 -32768 -32768 -32768 -32768 -32768 -32768 -32768 -32768 -32768 -32768 -32768 -32768 -32768 -32768 -32768 -32768 -32768 -32768 -32768 -32768 -32768 -32768 -32768 -32768 8 8 8 8 9 10 10 10 10 10 13 15 15 14 15 16 17 18 17 18 19 20 21 22 22 22 24 27 31 35 39 42 44 50 51 53 56 61 67
-32768 -32768 -32768 -32768 -32768 -32768 -32768 -32768 -32768 -32768 -32768 -32768 -32768 -32768 -32768 -32768 -32768 -32768 -32768 -32768 -32768 -32768 -32768 -32768 -32768 -32768 -32768 -32768 -32768 -32768 -32768 -32768 -32768 -32768 -32768 -32768 -32768 -32768 -32768 -32768 -32768 7 7 8 8 8 10 10 10 10 10 13 15 15 15 14 16 15 17 17 18 19 20 22 22 22 24 25 27 31 37 39 43 48 51 52 55 59 65 71
-32768 -32768 -32768 -32768 -32768 -32768 -32768 -32768 -32768 -32768 -32768 -32768 -32768 -32768 -32768 -32768 -32768 -32768 -32768 -32768 -32768 -32768 -32768 -32768 -32768 -32768 -32768 -32768 -32768 -32768 -32768 -32768 -32768 -32768 -32768 -32768 -32768 -32768 -32768 -32768 5 5 6 7 8 8 9 10 10 10 10 13 14 14 14 14 15 16 17 18 17 19 20 22 22 24 25 26 27 33 39 42 44 49 52 54 57 63 70 76
-32768 -32768 -32768 -32768 -32768 -32768 -32768 -32768 -32768 -32768 -32768 -32768 -32768 -32768 -32768 -32768 -32768 -32768 -32768 -32768 -32768 -32768 -32768 -32768 -32768 -32768 -32768 -32768 -32768 -32768 -32768 -32768 -32768 -32768 -32768 -32768 -32768 -32768 -32768 -32768 4 4 5 6 7 7 8 9 10 10 11 12 13 14 14 13 16 17 16 18 18 20 21 22 22 25 25 27 27 31 38 42 45 47 52 54 61 68 75 82
-32768 -32768 -32768 -32768 -32768 -32768 -32768 -32768 -32768 -32768 -32768 -32768 -32768 -32768 -32768 -32768 -32768 -32768 -32768 -32768 -32768 -32768 -32768 -32768 -32768 -32768 -32768 -32768 -32768 -32768 -32768 -32768 -32768 -32768 -32768 -32768 -32768 -32768 -32768 -32768 4 4 4 4 7 7 7 9 9 9 9 10 12 13 13 13 14 17 17 18 18 21 22 22 25 25 26 27 29 30 34 39 36 41 53 57 63 72 79 86
-32768 -32768 -32768 -32768 -32768 -32768 -32768 -32768 -32768 -32768 -32768 -32768 -32768 -32768 -32768 -32768 -32768 -32768 -32768 -32768 -32768 -32768 -32768 -32768 -32768 -32768 -32768 -32768 -32768 -32768 -32768 -32768 -32768 -32768 -32768 -32768 -32768 -32768 -32768 -32768 4 4 4 4 6 7 7 7 9 9 9 10 11 13 13 14 15 17 17 18 21 21 21 22 24 25 27 27 30 31 34 35 36 42 54 60 67 76 83 91
-32768 -32768 -32768 -32768 -32768 -32768 -32768 -32768 -32768 -32768 -32768 -32768 -32768 -32768 -32768 -32768 -32768 -32768 -32768 -32768 -32768 -32768 -32768 -32768 -32768 -32768 -32768 -32768 -32768 -32768 -32768 -32768 -32768 -32768 -32768 -32768 -32768 -32768 -32768 -32768 -32768 3 3 3 5 6 7 7 7 9 9 10 10 11 12 13 16 16 19 19 21 21 24 23 23 26 27 30 30 35 38 39 39 47 57 64 71 79 87 96
-32768 -32768 -32768 -32768 -32768 -32768 -32768 -32768 -32768 -32768 -32768 -32768 -32768 -32768 -32768 -32768 -32768 -32768 -32768 -32768 -32768 -32768 -32768 -32768 -32768 -32768 -32768 -32768 -32768 -32768 -32768 -32768 -32768 -32768 -32768 -32768 -32768 -32768 -32768 -32768 -32768 3 3 3 4 5 6 7 7 8 9 9 9 11 12 13 16 16 18 18 21 23 24 26 24 26 28 30 33 38 40 40 45 53 59 66 75 83 92 100
-32768 -32768 -32768 -32768 -32768 -32768 -32768 -32768 -32768 -32768 -32768 -32768 -32768 -32768 -32768 -32768 -32768 -32768 -32768 -32768 -32768 -32768 -32768 -32768 -32768 -32768 -32768 -32768 -32768 -32768 -32768 -32768 -32768 -32768 -32768 -32768 -32768 -32768 -32768 -32768 2 3 3 3 4 4 5 5 8 8 8 9 10 11 13 14 15 17 18 18 20 23 24 27 26 27 30 32 34 39 40 45 51 55 62 69 78 88 98 106
-32768 -32768 -32768 -32768 -32768 -32768 -32768 -32768 -32768 -32768 -32768 -32768 -32768 -32768 -32768 -32768 -32768 -32768 -32768 -32768 -32768 -32768 -32768 -32768 -32768 -32768 -32768 -32768 -32768 -32768 -32768 -32768 -32768 -32768 -32768 -32768 -32768 -32768 -32768 1 1 2 2 3 4 4 5 6 7 8 8 10 11 11 13 15 16 17 18 18 20 21 24 27 27 29 31 37 37 40 44 47 51 60 65 74 85 95 105 114
-32768 -32768 -32768 -32768 -32768 -32768 -32768 -32768 -32768 -32768 -32768 -32768 -32768 -32768 -32768 -32768 -32768 -32768 -32768 -32768 -32768 -32768 -32768 -32768 -32768 -32768 -32768 -32768 -32768 -32768 -32768 -32768 -32768 -32768 -32768 -32768 -32768 -32768 -32768 1 1 2 2 1 4 4 5 6 6 9 9 10 11 13 14 16 18 17 19 20 19 21 22 27 29 31 34 37 39 42 47 51 56 62 70 79 91 102 111 121
