Part_1_SDMs/env_data/present_climate/bioclim_11.asc
NCOLS 888 
NROWS 876 
XLLCORNER -19 
YLLCORNER -35 
CELLSIZE 0.0833333333333333 
NODATA_value -32768 
[rows 70 to 104 of 876, columns 79 to 157 of 888]
-32768 -32768 -32768 -32768 -32768 -32768 -32768 -32768 -32768 -32768 -32768 -32768 -32768 -32768 -32768 -32768 -32768 -32768 -32768 -32768 -32768 -32768 -32768 -32768 -32768 -32768 -32768 -32768 -32768 -32768 -32768 -32768 -32768 -32768 -32768 -32768 -32768 139 134 132 130 124 120 116 118 118 114 112 111 111 112 113 114 116 119 119 119 119 118 118 118 118 118 118 119 111 110 105 100 99 92 86 98 81 66 38 18 15 -4
-32768 -32768 -32768 -32768 -32768 -32768 -32768 -32768 -32768 -32768 -32768 -32768 -32768 -32768 -32768 -32768 -32768 -32768 -32768 -32768 -32768 -32768 -32768 -32768 -32768 -32768 -32768 -32768 -32768 -32768 -32768 -32768 -32768 -32768 -32768 -32768 141 137 133 129 120 112 112 117 120 120 117 115 115 114 114 114 116 118 120 120 119 117 116 115 115 116 116 115 109 103 105 107 98 86 79 83 85 64 68 56 31 33 19
-32768 -32768 -32768 -32768 -32768 -32768 -32768 -32768 -32768 -32768 -32768 -32768 -32768 -32768 -32768 -32768 -32768 -32768 -32768 -32768 -32768 -32768 -32768 -32768 -32768 -32768 -32768 -32768 -32768 -32768 -32768 -32768 -32768 -32768 -32768 140 138 138 131 121 115 113 111 124 124 122 121 118 113 112 112 115 117 118 118 114 109 105 104 109 113 112 113 111 106 96 96 91 90 87 74 49 66 69 48 60 16 18 22
-32768 -32768 -32768 -32768 -32768 -32768 -32768 -32768 -32768 -32768 -32768 -32768 -32768 -32768 -32768 -32768 -32768 -32768 -32768 -32768 -32768 -32768 -32768 -32768 -32768 -32768 -32768 -32768 -32768 -32768 -32768 -32768 -32768 -32768 139 136 133 136 133 130 127 123 122 128 128 125 124 120 117 111 116 112 111 111 110 109 109 108 109 111 111 111 111 110 105 98 93 91 85 79 66 57 57 34 19 44 21 6 2
-32768 -32768 -32768 -32768 -32768 -32768 -32768 -32768 -32768 -32768 -32768 -32768 -32768 -32768 -32768 -32768 -32768 -32768 -32768 -32768 -32768 -32768 -32768 -32768 -32768 -32768 -32768 -32768 -32768 -32768 -32768 -32768 -32768 139 136 130 125 121 128 131 132 130 126 128 130 128 125 124 121 120 122 121 118 117 116 116 112 113 112 110 108 107 108 106 103 96 90 87 80 61 49 39 28 12 0 7 11 -6 -1
-32768 -32768 -32768 -32768 -32768 -32768 -32768 -32768 -32768 -32768 -32768 -32768 -32768 -32768 -32768 -32768 -32768 -32768 -32768 -32768 -32768 -32768 -32768 -32768 -32768 -32768 -32768 -32768 -32768 -32768 -32768 -32768 143 138 129 121 120 111 111 125 125 128 129 128 126 126 126 125 125 124 124 124 123 122 121 119 116 114 111 109 105 101 97 91 87 84 86 74 70 52 46 29 23 3 -19 -20 -13 3 25
-32768 -32768 -32768 -32768 -32768 -32768 -32768 -32768 -32768 -32768 -32768 -32768 -32768 -32768 -32768 -32768 -32768 -32768 -32768 -32768 -32768 -32768 -32768 -32768 -32768 -32768 -32768 -32768 -32768 -32768 -32768 -32768 139 136 131 120 114 113 117 118 114 116 121 121 122 122 122 122 121 122 122 122 121 120 119 118 114 112 107 102 95 90 86 65 57 57 59 46 28 34 36 21 13 -1 11 15 2 3 29
-32768 -32768 -32768 -32768 -32768 -32768 -32768 -32768 -32768 -32768 -32768 -32768 -32768 -32768 -32768 -32768 -32768 -32768 -32768 -32768 -32768 -32768 -32768 -32768 -32768 -32768 -32768 -32768 -32768 -32768 -32768 143 138 133 128 124 117 113 113 115 115 114 113 114 116 115 116 116 117 118 119 117 115 115 115 114 109 100 96 90 78 65 75 68 55 44 37 7 -16 21 -12 -22 -21 -6 6 13 4 27 25
-32768 -32768 -32768 -32768 -32768 -32768 -32768 -32768 -32768 -32768 -32768 -32768 -32768 -32768 -32768 -32768 -32768 -32768 -32768 -32768 -32768 -32768 -32768 -32768 -32768 -32768 -32768 -32768 -32768 -32768 -32768 142 138 134 127 119 114 111 107 110 112 111 109 110 110 110 111 111 111 110 109 111 108 106 107 106 99 87 78 55 69 47 44 37 52 51 32 13 -4 3 -16 -13 3 21 37 43 45 48 46
-32768 -32768 -32768 -32768 -32768 -32768 -32768 -32768 -32768 -32768 -32768 -32768 -32768 -32768 -32768 -32768 -32768 -32768 -32768 -32768 -32768 -32768 -32768 -32768 -32768 -32768 -32768 -32768 -32768 -32768 144 141 137 130 125 120 113 101 99 103 102 101 104 107 107 107 106 105 101 97 99 104 94 92 96 93 74 48 56 45 53 24 1 3 -1 10 29 17 -8 -2 27 34 33 45 50 53 54 58 61
-32768 -32768 -32768 -32768 -32768 -32768 -32768 -32768 -32768 -32768 -32768 -32768 -32768 -32768 -32768 -32768 -32768 -32768 -32768 -32768 -32768 -32768 -32768 -32768 -32768 -32768 -32768 -32768 -32768 -32768 -32768 139 133 118 120 107 106 97 91 83 85 96 102 103 103 102 100 95 92 90 92 97 71 72 65 63 56 15 26 10 31 35 42 34 13 33 47 28 43 48 61 55 54 54 62 66 65 61 58
-32768 -32768 -32768 -32768 -32768 -32768 -32768 -32768 -32768 -32768 -32768 -32768 -32768 -32768 -32768 -32768 -32768 -32768 -32768 -32768 -32768 -32768 -32768 -32768 -32768 -32768 -32768 -32768 -32768 -32768 -32768 134 124 108 110 103 92 82 77 74 79 86 90 93 84 75 65 72 60 65 74 78 74 55 21 8 23 5 12 36 34 46 52 50 55 71 69 68 72 75 77 72 76 76 75 71 62 52 45
-32768 -32768 -32768 -32768 -32768 -32768 -32768 -32768 -32768 -32768 -32768 -32768 -32768 -32768 -32768 -32768 -32768 -32768 -32768 -32768 -32768 -32768 -32768 -32768 -32768 -32768 -32768 -32768 -32768 -32768 138 131 127 122 114 98 86 83 68 62 71 69 62 64 70 44 44 53 34 47 43 60 38 22 -6 -20 -26 19 40 45 52 62 65 74 79 85 84 85 84 85 86 82 83 80 73 63 49 36 35
-32768 -32768 -32768 -32768 -32768 -32768 -32768 -32768 -32768 -32768 -32768 -32768 -32768 -32768 -32768 -32768 -32768 -32768 -32768 -32768 -32768 -32768 -32768 -32768 -32768 -32768 -32768 -32768 -32768 -32768 -32768 134 129 120 112 103 87 83 74 65 67 58 37 38 47 26 41 19 0 12 27 53 12 -31 -3 -4 13 31 42 57 68 75 80 85 88 92 92 93 94 94 92 89 83 73 64 49 43 62 69
-32768 -32768 -32768 -32768 -32768 -32768 -32768 -32768 -32768 -32768 -32768 -32768 -32768 -32768 -32768 -32768 -32768 -32768 -32768 -32768 -32768 -32768 -32768 -32768 -32768 -32768 -32768 -32768 -32768 -32768 -32768 131 126 115 102 102 93 82 64 60 76 58 28 10 34 15 1 1 20 45 46 44 23 18 42 33 20 29 44 60 72 79 84 89 93 97 99 100 98 93 88 83 78 72 54 46 60 78 89
-32768 -32768 -32768 -32768 -32768 -32768 -32768 -32768 -32768 -32768 -32768 -32768 -32768 -32768 -32768 -32768 -32768 -32768 -32768 -32768 -32768 -32768 -32768 -32768 -32768 -32768 -32768 -32768 -32768 -32768 -32768 131 124 116 116 106 95 81 65 78 89 69 45 19 8 14 16 36 41 40 59 57 24 46 53 29 19 32 49 51 65 76 78 78 87 95 100 96 93 90 81 76 71 59 52 67 75 92 101
-32768 -32768 -32768 -32768 -32768 -32768 -32768 -32768 -32768 -32768 -32768 -32768 -32768 -32768 -32768 -32768 -32768 -32768 -32768 -32768 -32768 -32768 -32768 -32768 -32768 -32768 -32768 -32768 -32768 -32768 -32768 132 127 124 116 98 79 60 71 97 86 52 16 25 45 56 70 84 85 84 77 55 50 57 64 45 22 17 39 49 62 68 68 68 78 87 92 87 83 82 94 99 93 84 86 89 90 90 95
-32768 -32768 -32768 -32768 -32768 -32768 -32768 -32768 -32768 -32768 -32768 -32768 -32768 -32768 -32768 -32768 -32768 -32768 -32768 -32768 -32768 -32768 -32768 -32768 -32768 -32768 -32768 -32768 -32768 -32768 141 134 129 120 111 78 66 73 101 76 78 62 75 89 83 95 110 113 115 113 106 97 95 81 70 47 24 4 25 47 58 66 69 77 85 82 87 83 74 74 94 109 105 106 111 106 100 97 99
-32768 -32768 -32768 -32768 -32768 -32768 -32768 -32768 -32768 -32768 -32768 -32768 -32768 -32768 -32768 -32768 -32768 -32768 -32768 -32768 -32768 -32768 -32768 -32768 -32768 -32768 -32768 -32768 -32768 -32768 136 131 125 109 97 89 92 102 108 108 119 120 116 121 119 122 124 124 123 119 115 98 89 58 58 54 46 32 36 52 60 70 75 81 79 77 78 80 86 97 95 91 93 90 95 104 85 91 103
-32768 -32768 -32768 -32768 -32768 -32768 -32768 -32768 -32768 -32768 -32768 -32768 -32768 -32768 -32768 -32768 -32768 -32768 -32768 -32768 -32768 -32768 -32768 -32768 -32768 -32768 -32768 -32768 -32768 -32768 -32768 148 138 130 118 109 113 134 138 141 141 141 140 140 139 136 131 123 115 104 100 85 90 90 85 79 69 59 53 57 68 76 81 84 91 84 85 92 91 89 87 88 92 101 112 120 111 107 119
-32768 -32768 -32768 -32768 -32768 -32768 -32768 -32768 -32768 -32768 -32768 -32768 -32768 -32768 -32768 -32768 -32768 -32768 -32768 -32768 -32768 -32768 -32768 -32768 -32768 -32768 -32768 -32768 -32768 -32768 -32768 -32768 147 139 132 134 140 145 146 146 146 146 145 143 138 130 113 94 80 77 80 79 89 81 70 68 58 54 54 58 70 76 76 85 96 98 96 90 87 96 94 86 86 87 96 108 120 124 126
-32768 -32768 -32768 -32768 -32768 -32768 -32768 -32768 -32768 -32768 -32768 -32768 -32768 -32768 -32768 -32768 -32768 -32768 -32768 -32768 -32768 -32768 -32768 -32768 -32768 -32768 -32768 -32768 -32768 -32768 -32768 -32768 -32768 147 147 147 147 147 146 146 146 146 144 130 122 111 104 96 92 85 81 84 84 77 65 58 57 54 52 61 72 76 71 83 86 87 108 108 105 95 89 92 86 92 98 104 105 115 126
-32768 -32768 -32768 -32768 -32768 -32768 -32768 -32768 -32768 -32768 -32768 -32768 -32768 -32768 -32768 -32768 -32768 -32768 -32768 -32768 -32768 -32768 -32768 -32768 -32768 -32768 -32768 -32768 -32768 -32768 -32768 -32768 -32768 147 148 147 146 145 144 145 145 142 138 108 99 96 90 84 87 79 77 75 69 65 62 55 48 53 55 58 64 75 66 91 96 101 114 114 112 102 93 95 91 93 101 106 121 128 131
-32768 -32768 -32768 -32768 -32768 -32768 -32768 -32768 -32768 -32768 -32768 -32768 -32768 -32768 -32768 -32768 -32768 -32768 -32768 -32768 -32768 -32768 -32768 -32768 -32768 -32768 -32768 -32768 -32768 -32768 -32768 -32768 -32768 147 147 147 146 144 140 136 135 134 122 99 89 85 75 75 70 66 61 56 58 54 47 49 49 67 73 83 91 87 92 106 116 121 125 124 123 111 98 104 108 111 116 124 127 128 131
-32768 -32768 -32768 -32768 -32768 -32768 -32768 -32768 -32768 -32768 -32768 -32768 -32768 -32768 -32768 -32768 -32768 -32768 -32768 -32768 -32768 -32768 -32768 -32768 -32768 -32768 -32768 -32768 -32768 -32768 -32768 -32768 -32768 148 148 147 146 143 133 125 116 108 93 88 82 69 61 58 51 41 58 71 61 66 65 67 73 85 97 106 103 110 119 121 115 110 123 121 126 118 105 111 118 121 119 115 120 122 123
-32768 -32768 -32768 -32768 -32768 -32768 -32768 -32768 -32768 -32768 -32768 -32768 -32768 -32768 -32768 -32768 -32768 -32768 -32768 -32768 -32768 -32768 -32768 -32768 -32768 -32768 -32768 -32768 -32768 -32768 -32768 -32768 151 151 149 147 146 135 124 113 104 101 87 76 71 56 57 58 62 68 86 87 74 77 81 84 94 105 108 118 120 124 123 125 131 131 132 123 115 124 115 114 115 115 113 117 119 126 129
-32768 -32768 -32768 -32768 -32768 -32768 -32768 -32768 -32768 -32768 -32768 -32768 -32768 -32768 -32768 -32768 -32768 -32768 -32768 -32768 -32768 -32768 -32768 -32768 -32768 -32768 -32768 -32768 -32768 -32768 -32768 154 150 154 149 147 143 124 113 83 88 84 86 74 63 58 67 64 63 80 99 97 81 82 89 93 98 98 119 123 127 125 121 133 135 134 135 135 129 117 129 142 143 141 138 134 131 128 136
-32768 -32768 -32768 -32768 -32768 -32768 -32768 -32768 -32768 -32768 -32768 -32768 -32768 -32768 -32768 -32768 -32768 -32768 -32768 -32768 -32768 -32768 -32768 -32768 -32768 -32768 -32768 -32768 -32768 -32768 -32768 152 150 152 151 147 140 132 114 73 71 83 82 72 58 63 81 66 76 85 92 96 104 96 86 85 100 116 124 125 128 133 130 136 135 130 136 137 140 141 143 144 144 144 143 141 141 141 141
-32768 -32768 -32768 -32768 -32768 -32768 -32768 -32768 -32768 -32768 -32768 -32768 -32768 -32768 -32768 -32768 -32768 -32768 -32768 -32768 -32768 -32768 -32768 -32768 -32768 -32768 -32768 -32768 -32768 -32768 152 151 150 149 148 148 139 124 107 76 61 67 68 68 55 65 86 73 79 75 83 79 107 115 107 107 117 120 117 115 134 135 138 139 136 140 140 140 140 143 144 144 144 144 144 143 143 143 142
-32768 -32768 -32768 -32768 -32768 -32768 -32768 -32768 -32768 -32768 -32768 -32768 -32768 -32768 -32768 -32768 -32768 -32768 -32768 -32768 -32768 -32768 -32768 -32768 -32768 -32768 -32768 -32768 -32768 153 146 148 146 145 144 140 131 112 105 101 97 89 71 57 54 62 85 97 85 100 103 109 120 124 124 124 127 129 131 135 137 139 140 139 142 143 143 141 142 142 141 144 144 144 144 144 144 143 142
-32768 -32768 -32768 -32768 -32768 -32768 -32768 -32768 -32768 -32768 -32768 -32768 -32768 -32768 -32768 -32768 -32768 -32768 -32768 -32768 -32768 -32768 -32768 -32768 -32768 -32768 -32768 -32768 156 151 140 144 140 138 138 131 122 105 89 98 95 75 62 66 60 68 86 106 112 117 119 115 129 131 134 136 136 138 140 138 139 141 142 142 144 144 144 144 144 142 144 145 144 145 144 144 144 142 141
-32768 -32768 -32768 -32768 -32768 -32768 -32768 -32768 -32768 -32768 -32768 -32768 -32768 -32768 -32768 -32768 -32768 -32768 -32768 -32768 -32768 -32768 -32768 -32768 -32768 -32768 -32768 -32768 154 141 133 135 131 123 127 132 107 86 83 78 75 69 73 80 80 94 100 102 113 122 122 123 132 134 136 138 140 141 142 141 142 143 144 140 141 143 144 144 141 140 141 139 142 141 140 142 142 138 139
-32768 -32768 -32768 -32768 -32768 -32768 -32768 -32768 -32768 -32768 -32768 -32768 -32768 -32768 -32768 -32768 -32768 -32768 -32768 -32768 -32768 -32768 -32768 -32768 -32768 -32768 -32768 153 143 142 127 119 116 105 113 124 92 83 79 80 84 82 91 96 102 106 109 105 119 125 118 126 135 137 139 140 142 143 143 142 144 144 144 143 142 142 142 143 137 138 138 140 141 138 137 137 136 132 132
-32768 -32768 -32768 -32768 -32768 -32768 -32768 -32768 -32768 -32768 -32768 -32768 -32768 -32768 -32768 -32768 -32768 -32768 -32768 -32768 -32768 -32768 -32768 -32768 -32768 -32768 156 154 142 141 119 111 100 95 95 93 83 79 80 81 85 90 98 105 104 107 113 115 123 127 131 135 138 140 141 142 144 141 141 143 143 142 140 138 136 137 141 143 142 139 136 137 135 131 131 132 133 133 134
-32768 -32768 -32768 -32768 -32768 -32768 -32768 -32768 -32768 -32768 -32768 -32768 -32768 -32768 -32768 -32768 -32768 -32768 -32768 -32768 -32768 -32768 -32768 -32768 -32768 159 151 147 137 131 116 108 95 91 87 88 85 93 93 90 91 100 100 107 114 114 124 128 132 135 136 137 139 142 143 144 142 139 139 141 141 140 137 131 129 127 130 134 130 129 130 131 131 132 133 133 134 134 135
