Part_1_SDMs/env_data/present_climate/bioclim_6.asc
NCOLS 888 
NROWS 876 
XLLCORNER -19 
YLLCORNER -35 
CELLSIZE 0.0833333333333333 
NODATA_value -32768 
[rows 665 to 699 of 876, columns 553 to 631 of 888]
100 108 112 114 114 113 109 107 105 104 103 101 100 103 103 101 103 102 100 100 100 98 97 95 93 93 91 91 85 81 77 72 69 66 62 61 61 62 62 60 55 49 42 38 39 43 45 45 44 44 47 51 53 56 58 60 61 63 65 67 71 76 77 77 77 82 86 92 94 96 103 106 105 108 111 114 118 120 123
108 111 114 116 115 112 111 108 106 105 102 96 93 95 99 98 101 103 102 100 98 96 95 94 92 91 90 89 86 82 79 75 70 67 65 62 61 61 61 62 55 49 44 43 42 46 47 47 48 48 50 52 55 57 59 60 61 63 64 66 69 72 74 76 79 81 85 87 91 96 101 97 100 105 109 112 115 118 122
109 112 115 115 114 112 111 110 107 97 93 87 89 97 100 100 101 101 99 99 97 94 93 93 91 90 90 87 85 82 78 74 72 68 65 63 61 59 60 59 53 49 49 46 46 48 49 51 50 51 53 55 57 58 59 60 61 62 64 65 67 70 72 75 78 81 81 81 88 95 95 97 100 104 109 112 114 117 121
108 113 114 113 112 109 100 94 89 91 88 89 95 99 98 97 98 99 97 97 96 93 91 91 89 88 88 86 83 82 79 76 72 68 64 63 60 58 58 55 53 52 51 50 50 50 53 54 53 55 56 57 58 59 59 59 60 61 62 64 66 69 72 74 76 79 78 76 85 89 89 96 98 105 110 112 112 116 118
110 111 111 108 101 92 96 89 88 87 89 96 99 98 96 96 96 97 97 96 95 92 89 89 88 87 86 84 82 80 78 75 72 67 66 64 61 58 55 54 53 52 52 52 52 52 57 60 56 55 56 57 58 59 58 58 59 58 61 62 65 68 70 72 75 78 76 70 71 84 89 93 97 108 110 111 112 115 118
107 108 108 105 100 101 98 92 92 90 96 98 97 96 94 93 93 94 95 94 92 91 89 87 87 86 85 83 81 78 76 73 71 69 68 66 63 60 57 54 52 52 51 52 52 53 58 63 60 56 54 55 58 59 58 58 58 58 59 63 65 67 69 72 73 76 75 65 59 85 90 85 97 108 110 111 112 115 117
103 103 104 98 94 98 96 94 92 94 97 96 94 94 90 89 90 91 91 92 91 89 85 86 86 85 83 81 80 77 75 72 70 69 67 65 62 60 58 55 53 51 51 51 51 54 57 61 61 58 54 56 57 57 57 57 58 57 58 61 63 65 68 68 69 72 74 72 52 78 85 76 91 109 110 111 113 114 116
101 96 90 88 89 92 91 91 92 94 94 93 91 91 88 86 84 84 87 88 89 85 83 85 84 83 80 79 77 76 73 71 69 67 65 63 61 60 58 55 54 52 51 51 51 53 56 58 59 57 55 54 55 55 54 56 55 54 56 59 60 62 65 64 65 71 72 71 55 74 82 76 91 108 111 111 113 114 115
92 86 86 87 86 85 84 87 88 90 89 88 87 88 86 84 80 78 81 84 84 82 82 81 81 81 79 77 75 73 72 70 68 65 63 61 60 59 58 56 54 52 52 51 51 53 54 56 57 57 55 54 53 52 52 52 52 53 53 55 57 60 63 60 64 68 70 68 44 60 82 86 100 108 110 111 112 113 114
76 76 79 82 80 76 80 81 83 79 81 83 84 84 83 79 76 75 77 79 80 80 79 77 76 78 78 76 73 72 70 69 68 66 62 61 60 59 58 56 54 52 52 52 50 52 54 55 57 56 55 53 52 51 51 51 53 52 50 51 54 58 58 58 56 62 67 64 44 55 70 89 102 107 109 110 112 113 114
71 71 73 73 69 69 73 73 73 74 77 76 77 76 78 78 77 76 76 76 76 77 75 73 71 73 74 73 73 71 69 69 70 71 65 61 61 60 57 55 53 52 51 51 50 51 54 56 57 56 55 54 55 54 54 52 53 52 50 48 50 51 50 48 48 59 61 56 48 55 86 98 103 106 108 110 111 112 113
68 65 64 64 65 67 65 66 67 68 70 70 71 69 69 69 70 71 72 72 72 71 70 67 65 66 67 71 70 70 68 68 69 71 67 63 62 60 58 55 53 51 51 51 53 55 55 56 57 56 56 56 57 57 57 53 54 53 51 48 47 46 46 46 47 51 50 52 57 78 96 100 103 104 107 109 110 112 112
63 61 62 63 65 65 64 65 64 65 65 64 63 64 63 64 65 66 67 68 68 67 65 64 63 64 64 67 67 67 66 66 65 65 65 63 61 59 57 55 52 51 51 51 53 54 55 56 57 56 57 57 58 59 59 55 53 54 51 49 48 47 47 49 51 54 54 57 64 89 94 98 101 104 106 108 110 111 112
56 57 58 60 61 60 60 60 59 59 60 60 60 60 59 60 61 63 64 64 66 64 64 62 62 62 64 65 64 65 64 62 61 62 62 61 59 57 56 54 53 52 51 51 52 54 55 56 56 57 58 59 60 62 61 57 54 52 52 50 50 48 48 54 56 56 59 64 82 84 89 97 100 103 105 108 109 111 112
50 52 49 53 56 56 54 53 54 54 55 55 56 56 56 57 58 61 63 64 65 64 63 62 61 61 62 62 63 63 62 61 60 60 60 59 58 57 55 53 53 52 51 51 52 53 54 55 56 57 58 59 60 64 62 57 53 51 53 52 50 51 52 57 61 63 63 70 77 78 89 94 98 101 104 107 109 111 112
45 47 49 49 49 52 53 51 50 50 51 53 55 56 57 59 60 62 65 65 65 64 62 60 58 58 59 60 60 60 60 59 59 59 59 59 58 56 55 53 53 52 52 51 51 52 54 54 55 56 58 59 60 61 59 56 56 55 55 54 53 53 54 61 64 63 62 58 59 79 87 92 96 100 103 106 109 110 112
43 43 44 45 47 47 47 47 48 49 51 54 56 57 58 60 61 62 63 64 62 60 60 59 58 57 58 58 58 58 59 58 57 57 57 57 57 56 54 53 53 53 51 51 52 53 54 54 54 55 56 57 59 59 59 56 57 57 56 55 54 55 57 62 65 64 64 59 63 80 86 90 94 99 102 106 108 110 111
44 43 42 43 42 43 44 43 41 43 46 49 52 54 54 56 57 58 59 61 60 57 56 56 58 58 57 56 56 56 56 56 56 57 56 55 55 55 53 53 53 53 52 53 53 54 53 53 53 54 55 56 57 58 58 55 57 57 57 55 54 56 57 61 63 66 68 70 79 80 86 89 93 96 102 105 108 110 111
44 43 42 41 41 40 40 40 40 42 43 46 48 50 52 53 54 54 55 56 57 57 56 55 55 57 57 56 55 54 54 55 55 56 55 55 55 54 53 53 53 53 53 54 54 55 53 53 54 55 56 58 58 58 58 58 57 57 58 57 56 56 57 60 64 66 72 75 78 80 84 89 92 98 102 105 108 110 112
44 43 42 41 40 38 38 39 39 40 43 45 47 49 51 52 53 54 54 54 54 54 55 55 55 55 57 57 55 53 52 53 53 53 55 54 54 54 53 53 53 53 53 54 55 56 55 55 56 57 58 60 60 60 59 58 57 55 55 56 57 55 57 61 65 68 71 74 76 82 85 89 93 98 102 106 109 111 112
45 44 42 41 39 38 37 38 39 40 42 45 47 48 49 51 52 53 53 53 52 52 54 55 55 54 56 57 56 54 52 51 51 53 54 55 54 53 53 54 54 54 54 55 56 57 56 58 59 60 61 62 62 61 60 59 56 53 52 55 57 58 58 62 66 66 70 69 75 83 86 90 93 97 102 106 110 111 112
47 45 43 42 40 38 36 37 38 41 43 45 46 48 50 52 53 53 52 52 52 52 53 55 56 55 54 56 57 56 54 53 53 54 55 54 53 52 53 54 54 54 54 55 55 56 57 59 61 62 62 62 62 62 61 60 58 56 54 57 58 61 60 62 67 68 71 73 80 83 87 90 93 97 101 105 108 110 112
48 46 45 43 41 39 38 38 39 42 43 45 48 49 50 51 51 52 53 53 52 52 53 55 54 55 56 56 57 57 55 54 54 55 55 53 51 50 51 53 54 54 53 53 54 55 56 59 61 63 64 65 65 64 62 62 61 61 59 60 61 62 63 64 69 71 73 71 74 83 88 90 93 96 100 103 107 110 112
49 48 46 45 43 42 41 41 42 43 46 47 48 50 51 53 53 53 53 53 52 53 53 54 54 54 55 56 56 56 56 54 53 54 55 54 51 49 51 53 54 55 53 52 53 54 56 59 61 63 64 66 66 65 64 63 62 63 62 63 64 65 65 66 70 73 72 66 60 79 89 91 93 95 99 103 106 109 114
51 49 48 47 46 45 45 46 46 47 48 49 51 51 52 53 55 55 54 54 52 53 53 53 53 54 53 53 54 54 54 53 53 54 53 53 55 53 54 53 54 55 54 54 54 54 56 60 62 63 64 66 66 66 65 64 63 63 63 64 66 67 66 68 71 74 71 67 65 81 90 92 90 96 99 102 106 109 116
52 51 50 49 49 49 49 50 51 51 51 51 52 52 53 54 55 56 56 55 54 53 53 52 52 52 53 52 53 54 54 53 54 55 54 56 57 55 56 56 56 55 55 56 56 57 58 61 65 64 65 66 66 66 66 66 65 64 64 66 68 70 69 70 73 75 71 70 68 77 90 91 93 96 99 102 106 113 117
53 52 51 51 51 52 53 54 55 54 54 54 54 55 55 55 56 57 57 57 57 55 52 51 50 50 51 52 53 53 54 54 55 57 54 57 59 59 59 58 58 57 58 60 59 59 59 63 67 65 65 66 67 66 66 66 67 66 66 68 70 72 73 73 75 71 70 68 65 71 81 90 93 97 100 102 108 113 116
54 53 53 53 53 55 56 58 59 57 56 56 56 56 56 57 58 59 59 59 59 57 53 51 50 48 48 51 52 53 53 54 56 58 57 59 60 60 61 60 61 61 60 61 60 60 60 62 64 64 65 66 67 67 67 67 68 69 67 69 71 74 76 76 77 72 73 71 68 68 79 85 79 94 100 102 109 112 115
54 54 54 55 55 56 58 59 60 59 58 57 58 57 56 57 59 60 61 60 59 56 53 51 49 47 46 48 51 54 55 56 57 59 61 62 62 62 62 62 62 62 61 61 61 61 61 62 62 62 63 64 65 67 68 69 68 68 71 72 74 75 77 78 77 74 74 73 71 70 80 68 80 91 100 106 109 112 115
55 55 55 55 56 57 58 58 59 59 59 59 60 60 58 58 59 62 63 62 58 55 53 50 50 50 45 46 48 52 55 56 58 60 63 63 64 63 63 63 63 62 62 61 61 60 62 63 63 62 63 64 67 68 70 70 69 69 72 75 76 78 79 79 77 73 66 68 75 76 81 79 87 95 104 107 109 112 115
55 55 55 56 56 57 58 58 57 57 58 59 61 62 59 58 59 63 66 64 56 52 51 51 51 52 47 45 48 53 55 56 59 61 64 64 66 65 64 65 65 63 61 60 60 61 63 65 64 63 63 65 65 67 69 67 70 71 73 74 77 79 80 80 79 72 66 70 75 78 81 83 93 99 104 107 109 112 115
55 55 55 55 56 56 57 57 56 56 56 57 57 56 55 57 57 62 67 63 56 51 51 52 53 53 50 49 52 53 55 57 59 61 63 66 67 67 66 66 65 62 63 61 61 61 63 66 66 66 65 66 64 67 72 66 69 73 75 77 78 79 80 80 80 77 78 79 79 81 84 90 95 98 104 106 109 111 114
55 55 55 54 56 55 56 57 56 55 54 54 53 52 51 52 53 56 62 58 53 53 52 53 53 53 51 51 52 54 54 55 58 61 63 66 69 69 68 67 67 65 65 63 62 62 63 64 64 65 66 69 69 74 75 74 75 76 77 78 79 80 80 80 81 84 86 83 82 83 83 90 96 99 103 106 108 111 113
55 54 55 54 54 55 55 56 56 55 54 51 49 49 48 46 47 46 48 49 51 53 54 53 52 53 52 51 52 54 54 55 57 61 64 67 69 69 69 68 67 67 67 67 62 62 64 65 65 64 66 72 74 76 77 77 76 76 78 79 80 80 80 80 82 87 90 86 85 84 85 90 94 98 102 106 109 111 113
54 53 53 53 53 54 55 55 56 56 54 51 48 46 44 41 40 38 39 45 47 50 51 50 50 51 51 51 51 53 55 56 58 61 64 68 69 69 68 68 66 66 68 68 63 61 62 65 67 68 69 75 77 78 79 78 78 78 79 80 81 81 80 80 83 87 88 87 82 87 86 91 96 99 103 106 109 111 114
