Part_1_SDMs/env_data/present_climate/bioclim_17.asc
NCOLS 888 
NROWS 876 
XLLCORNER -19 
YLLCORNER -35 
CELLSIZE 0.0833333333333333 
NODATA_value -32768 
[rows 840 to 874 of 876, columns 480 to 559 of 888]
34 33 30 31 33 35 33 34 34 33 33 35 33 36 37 38 43 42 45 45 41 37 33 30 27 28 30 27 27 29 37 38 47 45 47 60 58 60 56 54 53 50 52 49 49 53 54 68 53 51 49 46 39 38 33 38 45 45 41 42 40 45 51 57 60 54 58 52 49 46 45 44 44 46 45 43 41 48 53 50
34 36 34 36 38 39 38 40 41 38 35 35 31 39 36 38 50 47 50 51 35 34 34 31 29 29 28 27 27 28 35 37 44 56 53 63 65 62 47 47 49 49 45 46 48 51 60 69 61 63 59 49 45 42 36 36 44 43 42 45 44 51 58 62 69 62 69 63 56 52 55 53 46 44 48 48 45 46 50 55
37 38 39 39 41 43 39 33 45 35 26 29 32 28 25 26 45 48 46 38 29 29 29 29 29 29 27 27 28 28 31 32 37 48 61 59 59 50 44 45 45 48 45 48 53 58 74 78 73 77 66 59 55 53 49 39 39 39 42 45 51 63 72 70 83 78 83 76 63 60 64 65 54 50 55 51 51 46 46 48
41 49 48 43 41 45 43 26 24 23 28 26 28 23 22 25 29 37 35 31 30 29 32 30 27 26 27 32 31 29 29 31 34 46 58 41 35 46 45 42 42 46 44 49 55 55 58 60 68 73 75 73 71 68 62 53 41 42 50 63 66 76 84 81 93 99 98 87 80 82 77 79 73 67 60 59 54 58 52 47
42 51 53 51 43 31 25 23 20 19 20 20 21 21 22 25 26 28 30 30 30 29 29 29 28 27 27 29 32 31 28 31 32 40 50 34 32 37 37 39 39 38 40 42 51 49 48 57 59 53 73 68 68 59 62 50 43 49 55 77 70 73 87 90 98 100 100 99 98 99 94 94 91 78 75 67 70 73 59 55
45 46 53 37 25 21 19 18 17 17 18 20 21 21 23 25 26 29 30 32 32 32 30 30 30 29 29 29 29 28 29 30 31 33 34 32 31 33 33 39 37 37 37 39 41 41 44 44 48 45 64 68 65 63 65 63 53 51 67 70 63 77 72 78 72 76 88 98 82 101 111 107 105 98 90 84 80 59 55 55
52 48 29 23 22 21 19 18 17 17 18 20 20 22 24 25 27 29 33 33 33 32 32 32 31 31 31 31 31 29 30 30 31 32 32 32 33 33 35 40 43 36 35 36 37 39 39 42 45 45 56 68 68 60 70 64 58 54 57 57 68 79 72 65 69 83 90 76 65 79 112 119 119 114 109 101 80 59 57 57
58 46 25 20 19 19 20 20 19 18 18 19 21 22 24 27 30 32 34 36 35 35 34 33 32 32 32 33 32 32 31 31 31 34 35 36 36 35 35 36 36 35 35 34 36 38 41 43 46 44 47 58 71 64 73 74 63 57 53 58 71 74 65 60 69 83 73 73 68 94 103 104 117 88 87 98 74 68 64 62
43 41 26 22 19 19 21 22 20 20 19 20 21 24 27 30 33 35 38 39 39 38 38 35 35 35 35 35 35 32 32 33 34 35 37 39 38 37 37 36 36 35 34 34 37 41 42 43 46 45 46 56 63 64 73 71 71 62 61 64 61 61 62 57 70 82 64 65 75 86 74 83 87 76 96 91 69 65 64 65
34 38 34 25 22 19 21 22 23 22 20 21 23 27 31 34 37 41 42 44 42 41 41 38 38 38 37 35 35 34 34 34 35 38 39 39 40 42 40 41 43 42 37 33 36 45 41 43 47 47 44 57 67 67 66 64 62 58 63 68 64 62 62 62 71 69 67 60 73 76 74 74 70 83 84 67 60 56 61 69
33 36 35 26 23 22 22 23 25 25 23 23 25 29 34 38 44 48 51 49 49 47 45 44 42 41 39 38 37 37 37 37 39 39 38 38 40 40 38 39 40 42 36 34 36 42 38 45 45 48 43 53 64 68 68 63 67 61 65 73 71 67 64 64 64 68 72 67 68 76 74 72 73 76 74 70 65 64 68 78
36 42 37 30 25 24 25 25 26 27 27 25 27 32 38 45 50 54 55 57 55 54 53 51 48 46 43 42 40 40 38 41 45 44 41 40 42 40 38 38 36 35 34 32 33 35 36 40 39 42 44 56 64 64 66 66 69 65 66 73 71 75 78 78 74 70 72 79 75 77 79 76 77 72 74 76 75 76 86 94
37 41 35 32 29 27 25 27 27 28 28 26 30 39 49 54 58 59 59 61 60 57 58 57 55 53 50 47 44 44 45 49 55 49 44 43 48 45 41 38 38 37 36 35 36 36 35 34 33 33 37 43 50 56 60 62 64 67 66 68 68 71 72 75 78 83 84 77 80 78 81 81 77 76 77 80 81 88 100 106
34 37 37 35 34 32 29 28 30 29 29 30 35 43 52 56 58 63 64 65 64 63 62 62 60 60 57 53 50 49 50 51 58 52 51 55 57 51 44 39 39 44 41 39 39 39 37 35 35 33 36 40 46 54 62 67 69 70 72 72 78 79 80 79 79 82 83 84 89 84 82 85 86 86 84 86 91 99 108 117
36 39 45 42 39 37 35 32 32 31 33 36 40 49 59 62 66 67 69 69 68 69 69 68 67 65 64 64 62 57 53 54 54 55 55 55 53 48 48 48 47 50 49 51 48 50 48 45 42 40 40 50 55 62 73 75 71 72 72 76 85 96 97 95 97 97 99 100 94 90 88 85 89 90 89 94 99 106 114 121
43 51 64 67 63 58 50 42 49 53 63 67 72 79 86 92 84 77 77 80 82 82 81 78 78 76 73 71 69 62 63 64 64 64 64 61 58 55 51 46 44 49 56 58 53 56 57 59 56 53 52 55 57 72 79 76 84 85 83 82 82 84 92 100 107 113 116 116 118 115 110 98 97 95 97 100 106 110 114 -32768
50 59 70 85 82 85 73 58 69 81 86 89 82 84 83 92 103 98 89 97 101 96 94 92 93 89 89 86 82 82 84 82 79 76 74 73 69 64 57 52 49 52 55 56 56 55 59 57 53 51 54 53 52 55 59 63 70 75 80 86 85 95 104 108 109 115 117 116 118 120 116 107 104 102 101 104 108 -32768 -32768 -32768
60 68 70 74 70 67 66 49 50 55 58 62 72 81 81 81 86 86 89 100 103 104 105 105 103 101 100 96 98 102 98 95 94 99 95 89 84 80 76 70 65 64 65 64 64 64 65 65 61 57 55 55 56 58 60 65 69 76 83 88 90 100 106 112 116 119 122 123 122 123 120 114 107 104 106 107 -32768 -32768 -32768 -32768
60 58 61 64 67 73 72 59 47 51 53 57 57 63 65 71 78 84 91 98 103 111 117 119 119 118 116 114 112 112 113 111 108 107 104 105 105 101 102 95 84 82 84 84 87 91 85 84 77 73 71 69 66 66 69 74 80 86 93 97 102 105 110 116 121 126 128 127 129 124 121 114 110 107 -32768 -32768 -32768 -32768 -32768 -32768
63 63 64 71 80 88 83 63 54 54 56 58 60 58 62 71 84 98 117 127 130 137 141 139 137 136 134 134 133 133 133 130 130 130 126 124 120 116 112 109 108 105 106 97 93 98 100 96 98 96 100 94 82 74 80 84 89 96 99 103 109 115 119 127 127 125 116 121 123 128 122 116 -32768 -32768 -32768 -32768 -32768 -32768 -32768 -32768
70 69 68 68 71 79 80 76 72 83 89 93 76 75 84 94 102 110 119 131 138 144 149 152 154 153 152 150 149 147 147 146 146 146 146 143 141 135 131 127 124 118 114 110 104 101 102 106 98 96 90 81 81 81 88 94 96 93 96 98 98 100 105 115 125 121 118 116 116 -32768 -32768 -32768 -32768 -32768 -32768 -32768 -32768 -32768 -32768 -32768
77 76 76 75 71 70 70 67 67 69 80 92 95 100 101 112 123 132 137 148 154 159 165 169 173 175 173 170 168 166 166 167 167 168 175 174 173 165 158 153 146 138 133 127 121 112 105 106 111 106 98 90 81 88 100 100 99 94 -32768 -32768 -32768 -32768 91 94 99 110 107 -32768 -32768 -32768 -32768 -32768 -32768 -32768 -32768 -32768 -32768 -32768 -32768 -32768
84 84 84 82 79 78 73 72 76 90 99 108 115 120 128 133 141 148 155 161 169 174 177 183 189 196 191 188 189 191 191 188 186 187 187 191 191 192 186 178 169 161 153 146 141 128 110 105 105 111 113 108 105 109 105 101 -32768 -32768 -32768 -32768 -32768 -32768 -32768 -32768 -32768 -32768 -32768 -32768 -32768 -32768 -32768 -32768 -32768 -32768 -32768 -32768 -32768 -32768 -32768 -32768
92 95 95 97 99 97 90 82 86 86 93 91 95 103 112 123 136 153 163 168 173 176 183 189 195 206 203 201 198 202 203 207 220 236 234 233 227 216 211 203 189 171 159 159 150 134 120 108 104 108 110 113 117 116 113 108 106 -32768 -32768 -32768 -32768 -32768 -32768 -32768 -32768 -32768 -32768 -32768 -32768 -32768 -32768 -32768 -32768 -32768 -32768 -32768 -32768 -32768 -32768 -32768
95 94 90 88 88 89 87 82 80 81 92 90 86 92 107 125 138 155 161 163 176 171 183 181 182 206 214 210 198 197 -32768 -32768 -32768 238 238 238 235 227 214 202 189 177 161 145 135 127 117 109 -32768 -32768 -32768 107 110 112 114 111 107 -32768 -32768 -32768 -32768 -32768 -32768 -32768 -32768 -32768 -32768 -32768 -32768 -32768 -32768 -32768 -32768 -32768 -32768 -32768 -32768 -32768 -32768 -32768
95 95 93 91 92 93 88 86 83 85 91 93 90 87 -32768 -32768 -32768 -32768 -32768 -32768 -32768 -32768 -32768 -32768 -32768 -32768 207 214 206 -32768 -32768 -32768 -32768 -32768 -32768 -32768 -32768 -32768 -32768 191 179 168 158 148 137 121 113 -32768 -32768 -32768 -32768 -32768 -32768 -32768 -32768 -32768 -32768 -32768 -32768 -32768 -32768 -32768 -32768 -32768 -32768 -32768 -32768 -32768 -32768 -32768 -32768 -32768 -32768 -32768 -32768 -32768 -32768 -32768 -32768 -32768
98 97 96 96 95 95 95 93 90 90 91 92 95 96 -32768 -32768 -32768 -32768 -32768 -32768 -32768 -32768 -32768 -32768 -32768 -32768 -32768 -32768 -32768 -32768 -32768 -32768 -32768 -32768 -32768 -32768 -32768 -32768 -32768 -32768 -32768 -32768 152 142 132 124 114 -32768 -32768 -32768 -32768 -32768 -32768 -32768 -32768 -32768 -32768 -32768 -32768 -32768 -32768 -32768 -32768 -32768 -32768 -32768 -32768 -32768 -32768 -32768 -32768 -32768 -32768 -32768 -32768 -32768 -32768 -32768 -32768 -32768
100 103 101 98 98 99 98 99 97 92 92 91 -32768 -32768 -32768 -32768 -32768 -32768 -32768 -32768 -32768 -32768 -32768 -32768 -32768 -32768 -32768 -32768 -32768 -32768 -32768 -32768 -32768 -32768 -32768 -32768 -32768 -32768 -32768 -32768 -32768 -32768 -32768 -32768 -32768 -32768 -32768 -32768 -32768 -32768 -32768 -32768 -32768 -32768 -32768 -32768 -32768 -32768 -32768 -32768 -32768 -32768 -32768 -32768 -32768 -32768 -32768 -32768 -32768 -32768 -32768 -32768 -32768 -32768 -32768 -32768 -32768 -32768 -32768 -32768
104 106 106 106 101 97 98 101 103 98 94 -32768 -32768 -32768 -32768 -32768 -32768 -32768 -32768 -32768 -32768 -32768 -32768 -32768 -32768 -32768 -32768 -32768 -32768 -32768 -32768 -32768 -32768 -32768 -32768 -32768 -32768 -32768 -32768 -32768 -32768 -32768 -32768 -32768 -32768 -32768 -32768 -32768 -32768 -32768 -32768 -32768 -32768 -32768 -32768 -32768 -32768 -32768 -32768 -32768 -32768 -32768 -32768 -32768 -32768 -32768 -32768 -32768 -32768 -32768 -32768 -32768 -32768 -32768 -32768 -32768 -32768 -32768 -32768 -32768
-32768 -32768 98 104 99 -32768 -32768 -32768 -32768 -32768 -32768 -32768 -32768 -32768 -32768 -32768 -32768 -32768 -32768 -32768 -32768 -32768 -32768 -32768 -32768 -32768 -32768 -32768 -32768 -32768 -32768 -32768 -32768 -32768 -32768 -32768 -32768 -32768 -32768 -32768 -32768 -32768 -32768 -32768 -32768 -32768 -32768 -32768 -32768 -32768 -32768 -32768 -32768 -32768 -32768 -32768 -32768 -32768 -32768 -32768 -32768 -32768 -32768 -32768 -32768 -32768 -32768 -32768 -32768 -32768 -32768 -32768 -32768 -32768 -32768 -32768 -32768 -32768 -32768 -32768
-32768 -32768 -32768 -32768 -32768 -32768 -32768 -32768 -32768 -32768 -32768 -32768 -32768 -32768 -32768 -32768 -32768 -32768 -32768 -32768 -32768 -32768 -32768 -32768 -32768 -32768 -32768 -32768 -32768 -32768 -32768 -32768 -32768 -32768 -32768 -32768 -32768 -32768 -32768 -32768 -32768 -32768 -32768 -32768 -32768 -32768 -32768 -32768 -32768 -32768 -32768 -32768 -32768 -32768 -32768 -32768 -32768 -32768 -32768 -32768 -32768 -32768 -32768 -32768 -32768 -32768 -32768 -32768 -32768 -32768 -32768 -32768 -32768 -32768 -32768 -32768 -32768 -32768 -32768 -32768
-32768 -32768 -32768 -32768 -32768 -32768 -32768 -32768 -32768 -32768 -32768 -32768 -32768 -32768 -32768 -32768 -32768 -32768 -32768 -32768 -32768 -32768 -32768 -32768 -32768 -32768 -32768 -32768 -32768 -32768 -32768 -32768 -32768 -32768 -32768 -32768 -32768 -32768 -32768 -32768 -32768 -32768 -32768 -32768 -32768 -32768 -32768 -32768 -32768 -32768 -32768 -32768 -32768 -32768 -32768 -32768 -32768 -32768 -32768 -32768 -32768 -32768 -32768 -32768 -32768 -32768 -32768 -32768 -32768 -32768 -32768 -32768 -32768 -32768 -32768 -32768 -32768 -32768 -32768 -32768
-32768 -32768 -32768 -32768 -32768 -32768 -32768 -32768 -32768 -32768 -32768 -32768 -32768 -32768 -32768 -32768 -32768 -32768 -32768 -32768 -32768 -32768 -32768 -32768 -32768 -32768 -32768 -32768 -32768 -32768 -32768 -32768 -32768 -32768 -32768 -32768 -32768 -32768 -32768 -32768 -32768 -32768 -32768 -32768 -32768 -32768 -32768 -32768 -32768 -32768 -32768 -32768 -32768 -32768 -32768 -32768 -32768 -32768 -32768 -32768 -32768 -32768 -32768 -32768 -32768 -32768 -32768 -32768 -32768 -32768 -32768 -32768 -32768 -32768 -32768 -32768 -32768 -32768 -32768 -32768
-32768 -32768 -32768 -32768 -32768 -32768 -32768 -32768 -32768 -32768 -32768 -32768 -32768 -32768 -32768 -32768 -32768 -32768 -32768 -32768 -32768 -32768 -32768 -32768 -32768 -32768 -32768 -32768 -32768 -32768 -32768 -32768 -32768 -32768 -32768 -32768 -32768 -32768 -32768 -32768 -32768 -32768 -32768 -32768 -32768 -32768 -32768 -32768 -32768 -32768 -32768 -32768 -32768 -32768 -32768 -32768 -32768 -32768 -32768 -32768 -32768 -32768 -32768 -32768 -32768 -32768 -32768 -32768 -32768 -32768 -32768 -32768 -32768 -32768 -32768 -32768 -32768 -32768 -32768 -32768
-32768 -32768 -32768 -32768 -32768 -32768 -32768 -32768 -32768 -32768 -32768 -32768 -32768 -32768 -32768 -32768 -32768 -32768 -32768 -32768 -32768 -32768 -32768 -32768 -32768 -32768 -32768 -32768 -32768 -32768 -32768 -32768 -32768 -32768 -32768 -32768 -32768 -32768 -32768 -32768 -32768 -32768 -32768 -32768 -32768 -32768 -32768 -32768 -32768 -32768 -32768 -32768 -32768 -32768 -32768 -32768 -32768 -32768 -32768 -32768 -32768 -32768 -32768 -32768 -32768 -32768 -32768 -32768 -32768 -32768 -32768 -32768 -32768 -32768 -32768 -32768 -32768 -32768 -32768 -32768
