Part_1_SDMs/env_data/present_climate/bioclim_8.asc
NCOLS 888 
NROWS 876 
XLLCORNER -19 
YLLCORNER -35 
CELLSIZE 0.0833333333333333 
NODATA_value -32768 
[rows 140 to 174 of 876, columns 79 to 157 of 888]
195 194 194 194 192 190 189 191 194 196 197 198 198 197 197 197 195 194 193 192 192 192 191 235 235 235 236 236 237 237 237 238 239 240 241 241 241 242 244 245 246 246 246 247 247 249 249 250 250 251 251 252 252 252 253 254 255 309 311 312 313 313 314 315 315 315 316 317 319 319 319 320 319 320 320 320 321 321 321
195 194 194 192 192 191 190 190 193 195 198 196 196 197 197 196 195 194 191 189 190 235 235 235 236 237 237 238 239 239 240 240 241 242 243 243 243 244 246 246 247 248 248 249 249 250 250 251 252 252 252 253 253 253 254 254 255 310 311 312 313 313 313 314 315 316 316 318 318 319 320 319 319 320 320 321 322 322 322
195 194 193 192 192 192 191 192 193 196 198 197 196 194 193 194 195 194 193 235 233 234 234 235 236 238 240 240 241 242 242 242 242 244 245 245 245 246 248 248 248 250 250 251 251 251 252 253 254 253 254 253 254 253 254 255 309 310 311 312 312 313 314 315 315 316 317 317 318 319 320 320 320 320 321 322 322 322 322
195 194 193 193 194 194 194 194 195 198 196 196 195 191 191 193 195 194 235 235 234 235 236 237 238 240 241 242 243 244 244 244 244 245 247 247 247 248 249 249 250 251 252 252 253 253 254 254 255 255 255 255 255 254 255 256 309 311 311 312 312 313 314 315 316 316 317 318 318 319 320 320 320 321 322 322 322 323 323
196 195 195 196 196 194 193 195 197 199 197 194 193 234 234 236 237 236 236 236 237 238 238 239 241 242 243 244 245 245 246 246 247 247 248 249 249 251 250 251 252 252 253 255 254 255 255 255 256 255 256 256 256 256 256 309 310 310 311 312 312 313 314 315 315 316 317 318 318 319 319 320 320 321 323 323 324 324 324
198 198 198 197 194 194 194 195 196 198 195 195 236 235 236 237 237 238 238 238 239 240 241 242 243 244 245 246 247 248 248 248 249 250 250 250 251 252 252 252 253 254 255 256 255 256 256 256 257 257 257 257 309 309 309 310 311 311 311 312 313 313 314 315 316 316 316 317 318 318 319 320 320 322 322 324 325 325 325
199 199 199 197 192 195 197 238 239 197 238 238 237 238 239 239 239 240 240 241 241 242 243 244 244 246 247 248 249 249 250 250 251 251 252 252 252 253 253 255 255 255 256 257 257 256 257 257 257 259 309 310 310 311 310 311 312 312 312 313 313 314 314 315 315 316 317 317 317 318 319 319 321 322 323 323 325 325 325
198 200 201 197 196 238 239 241 241 239 239 239 239 241 241 242 242 243 242 244 244 245 245 245 247 248 249 249 250 250 251 252 252 253 254 254 254 255 255 256 257 257 257 258 257 258 259 258 258 309 310 311 311 312 312 312 313 313 314 314 314 315 315 315 315 316 316 317 317 318 318 319 320 322 323 323 324 325 326
198 199 201 238 239 241 242 243 240 241 241 241 242 243 243 244 244 245 245 246 247 247 248 248 249 250 251 251 252 252 253 254 254 255 255 255 256 257 257 257 258 258 258 258 258 259 259 259 260 310 311 311 312 313 313 313 314 314 314 315 315 316 316 316 317 317 318 318 318 319 319 319 321 322 323 324 324 325 326
236 238 239 237 241 242 243 243 243 242 241 242 244 245 246 246 245 248 247 248 249 249 250 250 251 252 252 253 254 254 255 255 255 256 257 257 258 258 258 259 258 258 259 259 259 259 259 260 310 310 311 312 313 314 314 315 315 316 316 316 317 317 317 318 318 318 319 319 319 320 320 321 321 322 324 325 325 326 327
237 236 237 238 240 242 243 244 244 244 244 244 246 247 249 249 247 249 250 251 251 251 252 252 252 254 255 255 255 256 257 257 257 258 258 259 260 260 260 260 260 260 260 260 260 260 260 260 310 311 312 312 314 314 315 316 317 317 317 318 318 318 319 319 319 319 320 320 320 321 321 321 322 324 324 326 326 326 327
238 235 236 237 238 242 243 245 246 245 246 247 248 249 251 251 251 251 253 254 254 254 254 254 255 255 256 256 257 258 259 258 259 260 260 261 261 261 261 261 261 261 261 261 261 261 261 261 309 311 312 313 314 315 315 317 317 318 319 319 319 320 320 320 320 320 321 321 321 322 322 322 322 323 325 326 327 327 328
234 236 240 241 243 243 245 247 249 248 249 250 250 251 252 253 253 253 255 255 255 256 256 256 257 257 257 258 258 260 260 260 261 261 261 262 262 262 263 263 262 262 262 263 262 261 261 310 310 312 313 314 315 316 316 317 317 318 319 320 321 321 321 321 321 322 322 322 323 323 323 323 323 324 325 326 327 328 326
236 239 243 245 245 246 248 249 251 252 252 251 253 254 254 255 255 255 257 257 258 258 257 258 259 259 260 260 260 261 262 262 263 263 263 263 263 263 264 264 263 263 264 264 311 311 311 311 312 312 313 314 315 316 317 318 318 318 319 320 321 322 323 322 322 323 322 324 324 324 325 324 324 324 325 327 328 327 325
240 243 244 247 248 249 250 251 253 254 254 254 255 256 257 257 257 258 259 259 259 259 259 260 260 261 261 262 262 263 263 264 264 264 264 264 264 265 265 264 264 265 312 312 312 312 313 312 313 313 314 315 315 316 317 317 318 318 319 320 321 322 323 324 323 324 324 325 326 326 326 325 324 325 326 326 327 326 326
246 244 247 249 251 251 252 254 255 255 256 257 257 258 258 259 259 260 261 261 261 261 261 262 262 263 263 263 263 264 265 265 265 265 265 265 265 265 266 265 312 312 313 313 313 313 314 314 314 314 314 315 316 316 317 318 318 319 319 320 321 322 323 324 325 325 326 326 326 327 327 326 326 327 327 326 326 326 326
247 247 250 251 252 253 254 256 257 257 258 259 259 260 260 260 261 262 261 262 262 262 263 264 264 264 264 264 265 265 265 266 266 266 266 267 266 266 267 312 313 314 314 314 314 315 316 315 315 315 315 315 315 316 317 318 319 319 320 321 321 322 324 324 324 325 326 327 327 328 328 327 327 328 328 327 327 327 327
249 251 252 254 254 256 257 258 259 259 260 261 261 262 262 262 262 263 262 262 264 264 265 265 264 265 265 265 266 266 266 266 267 267 268 268 267 267 313 314 314 314 315 315 316 316 317 316 316 316 315 316 315 316 317 318 319 319 320 321 322 323 324 324 324 325 326 327 328 328 329 329 329 329 327 327 327 328 329
253 254 255 255 256 257 259 260 260 261 262 262 261 262 263 264 264 302 302 264 264 265 265 265 265 266 266 267 267 266 267 268 268 268 268 268 313 313 314 314 315 316 316 317 317 318 317 317 317 317 317 317 317 317 317 318 319 320 321 321 321 323 324 324 324 324 326 327 328 329 329 329 329 327 327 328 328 329 329
255 255 256 257 258 259 260 261 298 299 299 300 300 300 301 302 302 303 304 305 305 306 307 307 307 308 309 309 309 310 311 312 312 312 313 313 314 315 316 316 316 316 317 317 317 319 318 318 318 318 318 318 318 317 317 317 319 320 321 322 322 323 324 325 324 324 324 326 327 328 329 330 328 328 328 329 329 329 331
255 256 257 258 260 261 262 298 298 300 301 302 302 302 303 304 304 305 306 306 307 307 308 309 309 309 310 310 311 311 312 312 313 314 314 314 315 316 316 317 317 317 318 318 318 318 319 319 318 319 319 319 319 318 318 318 319 319 321 322 322 323 324 325 325 326 325 325 327 329 330 330 329 329 329 330 331 332 333
257 258 258 259 261 296 298 299 300 301 302 303 304 304 305 305 306 306 307 308 309 309 309 310 310 311 311 312 312 313 313 314 314 314 315 315 316 317 318 318 318 318 319 320 320 320 320 320 320 319 320 320 320 320 319 319 320 320 321 323 323 322 323 324 325 326 326 326 327 329 330 329 329 329 330 332 332 334 335
259 260 261 262 263 298 299 301 302 304 304 305 305 306 306 307 308 309 308 309 310 310 311 311 311 312 312 313 313 314 314 315 315 316 316 317 317 318 319 319 319 319 320 320 321 321 321 321 320 320 321 321 321 321 320 320 321 321 322 323 323 322 323 324 324 325 327 327 328 328 328 329 329 330 332 332 333 334 335
261 262 295 297 298 300 301 303 304 305 306 306 307 307 307 308 310 310 310 310 311 311 312 312 312 313 314 314 315 315 316 316 316 317 317 318 318 319 319 320 320 320 321 321 321 322 322 322 321 321 321 321 321 321 321 322 322 323 323 324 323 323 323 324 325 326 328 329 328 328 328 329 330 331 332 332 333 334 335
263 296 298 299 300 302 302 303 305 306 307 308 309 309 309 310 311 311 311 311 312 312 313 313 314 314 315 316 316 316 317 317 317 318 319 319 319 320 320 321 321 321 322 322 322 322 323 322 322 321 321 321 322 322 322 323 323 324 325 325 325 324 324 325 327 328 328 328 328 329 329 330 331 331 332 333 333 333 333
296 297 299 300 301 303 304 305 305 305 306 308 309 310 311 312 311 311 312 312 313 314 314 315 315 315 316 316 317 318 318 318 319 319 319 320 320 321 322 321 322 322 323 323 323 323 323 322 322 322 322 322 322 323 323 324 324 324 325 326 325 326 327 327 328 328 327 328 329 330 330 331 331 332 333 334 334 333 333
297 298 299 300 302 303 305 306 307 308 307 307 308 310 311 313 313 312 313 313 314 315 315 316 316 317 318 318 318 318 319 319 320 320 320 320 321 322 323 323 323 323 323 324 324 324 324 323 323 323 323 323 323 323 324 324 324 325 326 326 326 327 328 327 328 328 329 329 330 331 332 333 333 333 333 332 333 334 334
298 299 299 301 302 303 305 306 307 309 310 309 309 310 312 313 314 314 314 315 316 316 316 317 318 318 319 319 319 319 320 320 320 321 322 322 322 323 323 324 323 323 324 325 325 325 325 324 324 324 324 323 323 324 325 325 325 325 326 326 328 328 328 328 329 330 330 332 332 332 333 334 334 333 332 333 333 333 333
298 300 300 301 303 304 305 306 307 309 310 311 312 311 313 314 315 315 315 316 317 317 318 318 318 319 319 319 320 320 321 321 321 322 322 323 323 324 324 324 325 325 325 325 325 326 326 325 325 324 324 324 324 325 325 326 325 326 326 328 329 328 328 329 330 330 332 332 332 332 332 334 335 334 334 334 334 334 334
299 300 301 303 304 305 305 307 308 309 310 311 313 313 314 315 315 316 316 317 318 318 317 318 318 319 319 320 321 321 321 322 322 323 323 324 324 324 325 325 326 326 326 326 326 326 326 326 325 325 325 324 325 325 325 325 326 327 328 329 329 329 330 331 330 331 331 331 330 362 332 334 334 333 332 333 333 333 333
300 300 302 304 304 306 306 307 308 309 310 311 312 313 315 316 316 316 317 318 318 318 318 318 320 320 320 320 321 322 323 323 323 324 324 324 324 325 325 326 326 326 326 327 327 327 326 326 326 325 325 325 326 326 326 326 327 329 329 329 329 330 332 331 330 331 330 330 363 364 332 333 332 333 333 333 334 333 333
300 301 302 304 305 306 307 308 309 310 311 312 313 314 316 316 317 317 318 318 319 319 319 320 320 320 321 321 322 322 323 323 324 324 325 325 325 326 326 327 327 327 327 328 327 327 327 327 327 326 326 326 326 327 327 328 329 329 329 330 330 331 331 330 331 363 363 363 363 364 364 365 365 365 365 365 365 365 366
300 301 303 304 305 307 307 308 309 310 311 312 314 315 316 317 317 318 318 318 318 319 320 320 320 321 321 322 322 322 324 324 325 325 325 325 326 326 327 327 328 328 328 328 328 327 327 327 327 327 327 327 327 327 328 330 330 329 331 330 330 330 331 332 332 363 331 331 363 364 364 365 366 365 365 366 366 366 365
301 302 303 304 305 307 308 309 310 311 312 313 314 316 317 317 318 319 319 319 319 320 321 321 321 322 322 322 323 323 324 324 325 326 326 326 326 327 327 328 328 329 329 329 328 328 327 328 327 327 327 327 327 329 330 330 329 329 330 330 330 330 331 331 332 331 331 363 363 364 364 364 364 365 365 365 366 365 365
303 303 304 305 306 307 308 309 311 312 313 314 316 317 317 318 318 319 320 320 320 321 321 322 321 322 323 323 324 323 324 325 325 327 327 327 327 327 328 328 329 329 329 329 329 328 329 328 328 328 327 327 329 330 329 329 330 330 331 332 331 330 330 331 331 331 331 362 363 363 363 364 364 364 364 365 365 365 366
