Part_1_SDMs/env_data/present_climate/bioclim_3.asc
NCOLS 888 
NROWS 876 
XLLCORNER -19 
YLLCORNER -35 
CELLSIZE 0.0833333333333333 
NODATA_value -32768 
[rows 324 to 359 of 876, columns 656 to 737 of 888]
69 68 68 68 69 68 68 68 66 66 66 68 70 72 73 73 73 74 75 75 74 75 75 75 76 76 77 78 78 77 77 76 78 76 76 77 77 77 77 76 76 76 75 75 74 74 74 73 69 67 68 67 65 65 64 64 62 62 61 61 60 60 59 59 60 58 57 57 57 56 55 55 55 53 53 52 51 51 50 50 49 50
68 68 69 68 68 67 67 67 66 66 68 69 71 72 73 72 73 74 73 74 74 74 76 77 76 77 77 77 78 77 77 77 77 77 76 77 76 76 77 76 76 76 75 75 74 74 73 73 68 65 67 65 65 65 64 64 62 62 61 61 61 60 59 59 59 58 57 58 58 56 55 56 55 54 53 52 52 51 51 51 50 50
68 68 69 68 68 68 67 66 67 67 69 69 70 71 72 73 73 73 74 74 74 74 75 76 75 76 76 76 76 77 77 77 76 76 75 76 76 76 76 76 76 75 75 74 74 74 73 73 71 64 66 68 65 64 63 63 61 61 61 61 61 60 61 60 58 57 58 57 57 56 56 56 55 54 55 54 54 53 52 51 51 51
69 69 68 68 68 67 67 67 67 67 67 68 70 70 71 72 72 72 73 72 73 74 75 76 76 76 75 75 75 76 76 75 75 75 75 76 76 76 76 76 75 75 75 74 74 73 73 73 72 66 65 67 65 64 63 63 62 61 61 61 60 60 60 59 58 58 57 57 57 57 57 56 55 55 55 55 54 54 53 53 52 52
70 69 68 68 67 67 68 68 67 67 67 68 69 69 71 71 72 72 72 73 73 74 75 75 76 75 75 76 75 75 75 75 75 75 75 75 75 75 75 76 76 76 75 74 74 73 73 73 73 68 64 66 65 64 63 62 61 60 61 61 60 60 59 60 59 58 58 57 58 57 57 56 56 55 55 55 55 54 54 53 53 53
70 69 68 68 68 67 68 68 69 69 69 69 69 70 71 71 72 71 71 73 73 74 74 75 75 75 75 75 75 75 74 75 75 74 75 75 74 75 75 75 75 75 75 74 74 73 72 72 72 71 66 65 64 63 62 62 61 61 60 60 60 60 59 59 59 59 58 58 58 57 57 56 56 56 55 55 55 55 54 54 54 54
69 69 69 69 69 68 68 69 69 68 68 69 69 69 70 71 72 71 72 73 74 74 75 75 75 75 75 75 74 74 74 74 74 75 75 74 74 74 75 75 75 75 75 74 74 73 72 72 72 72 68 66 64 63 62 61 61 61 60 60 61 60 60 59 58 59 58 58 58 58 57 57 57 57 56 56 55 56 55 56 56 55
69 69 69 69 69 69 69 69 68 69 69 69 69 69 70 70 72 71 73 73 74 74 74 74 74 74 74 74 73 73 73 73 74 74 74 74 74 74 74 74 74 75 75 74 73 73 72 72 72 72 68 65 64 62 61 61 60 60 60 60 60 60 60 59 59 59 58 59 59 58 58 57 57 57 57 56 56 56 56 56 56 56
68 70 69 68 69 69 69 69 68 69 69 70 70 70 70 70 71 71 72 73 74 74 74 74 74 74 74 74 73 73 73 74 74 74 74 74 73 74 74 74 74 74 74 74 74 72 72 71 71 71 68 64 63 62 62 61 61 60 60 60 59 59 60 59 59 59 59 59 59 58 58 58 58 57 57 57 57 57 56 56 56 56
68 68 69 67 68 71 69 68 69 70 70 70 71 71 71 71 71 72 72 73 73 73 73 73 73 73 74 73 73 73 73 74 74 74 73 73 73 74 74 74 75 74 75 74 74 73 72 71 71 71 68 64 62 62 61 61 61 60 60 60 60 60 60 59 59 60 59 59 59 59 58 58 58 58 58 57 58 57 57 57 57 58
67 67 68 66 66 66 68 70 71 72 71 71 71 71 72 72 73 72 71 71 72 72 73 73 74 73 73 74 73 74 74 74 74 74 73 74 74 74 74 74 74 74 74 74 74 73 71 70 70 70 65 62 62 62 61 61 61 60 60 60 60 61 60 60 60 59 60 60 59 59 59 59 59 58 58 58 58 58 58 58 58 58
66 66 66 66 66 68 72 72 72 72 72 72 72 72 73 73 74 72 72 72 72 72 72 73 73 73 73 74 74 74 73 72 73 74 74 74 74 74 74 74 73 74 75 74 74 72 71 70 70 69 64 62 62 62 62 61 61 60 60 61 62 62 61 60 60 60 60 60 60 60 60 60 59 59 59 59 59 59 59 59 59 60
66 66 66 66 66 70 73 72 73 73 74 73 73 73 74 74 75 74 73 72 72 72 72 72 73 73 73 73 73 74 72 70 71 73 72 73 74 73 74 74 74 74 73 74 73 71 71 70 70 68 65 63 62 62 62 61 61 61 61 61 61 60 61 61 61 60 60 60 60 60 60 60 60 60 60 60 60 60 60 61 61 61
66 65 65 65 66 68 74 74 74 74 75 74 73 73 73 73 75 75 74 72 72 72 72 72 73 72 73 73 74 74 72 70 70 72 71 71 73 74 74 74 74 73 72 73 72 71 70 69 69 69 66 64 63 63 62 62 62 61 61 62 61 61 61 61 61 61 61 61 61 61 60 61 61 61 60 61 61 61 62 62 63 64
65 65 65 64 65 66 73 75 74 74 74 74 73 71 72 73 76 76 74 73 72 72 74 73 73 73 73 74 74 74 73 71 71 71 70 71 70 73 72 72 73 72 72 70 71 71 70 68 70 69 67 65 63 63 62 63 62 62 62 62 61 62 61 62 62 62 62 62 62 61 62 62 61 62 62 62 62 62 63 64 65 66
65 65 66 64 64 65 68 72 71 73 69 71 71 71 73 74 76 76 75 75 73 73 74 72 74 74 74 74 74 74 74 74 74 73 71 71 70 71 72 72 72 72 71 69 69 68 67 68 71 69 66 64 64 63 63 63 63 62 62 62 62 62 62 63 63 63 63 63 63 63 63 63 64 64 63 63 64 65 65 67 68 69
66 64 65 64 63 64 65 66 66 67 68 68 70 71 73 75 77 76 75 75 74 74 74 73 74 74 74 74 73 74 74 74 74 74 73 71 71 71 71 71 72 72 70 69 68 66 66 68 69 69 66 64 64 63 64 64 63 63 63 63 63 63 63 63 64 64 64 64 64 64 65 65 65 65 65 69 71 70 72 72 71 71
68 67 65 64 63 63 63 64 64 66 67 68 68 69 71 75 78 76 76 75 75 75 74 73 74 74 74 74 74 74 74 73 74 74 75 74 73 72 72 72 72 72 70 69 67 66 67 68 69 69 67 65 64 64 64 64 64 64 64 64 64 65 65 64 65 65 65 66 66 67 68 70 70 70 71 74 75 75 75 74 73 73
68 65 64 63 63 62 63 64 64 66 67 67 68 69 71 73 78 77 76 75 76 75 73 73 73 73 74 74 74 74 74 73 74 73 74 74 73 72 73 73 73 71 70 69 68 66 67 71 70 69 67 65 64 64 65 65 64 65 64 65 65 66 68 66 66 69 69 70 73 75 78 78 79 78 78 78 78 77 76 76 74 73
72 66 64 63 62 62 64 65 65 66 66 67 68 69 74 74 78 77 76 76 76 75 74 73 72 73 74 75 75 74 74 74 73 73 73 73 73 73 73 73 72 71 70 69 69 68 69 70 69 68 66 66 65 65 65 64 65 65 65 66 66 67 67 68 72 73 75 77 80 80 80 80 81 81 80 80 79 78 76 76 75 73
75 71 73 67 62 61 63 65 66 67 67 68 70 74 74 75 77 78 77 76 76 74 73 73 73 73 74 75 75 75 74 74 74 74 73 73 73 73 74 74 73 72 71 70 70 70 71 70 70 68 67 66 65 65 65 65 65 66 68 69 68 68 69 71 74 77 78 79 81 81 80 81 81 82 81 81 81 80 76 75 74 73
76 76 75 73 65 60 63 65 68 70 70 72 77 77 76 76 75 76 78 78 77 76 75 74 74 74 74 75 76 76 75 75 74 74 74 75 74 75 74 74 73 72 72 72 71 71 71 71 70 69 66 66 65 65 65 65 66 67 68 69 69 70 72 74 77 78 80 81 81 81 81 82 83 83 82 79 79 78 76 75 74 72
75 77 76 69 66 61 61 64 69 75 77 78 82 80 77 75 73 74 75 79 79 79 77 76 74 75 76 77 76 76 75 75 75 73 74 75 75 75 75 74 73 72 72 72 72 71 72 70 69 68 66 66 66 66 66 66 67 68 68 69 71 73 74 77 79 79 81 81 82 81 81 83 83 83 82 79 79 77 76 75 74 73
74 77 76 70 62 59 61 63 71 79 78 78 76 76 75 74 73 73 74 75 76 78 76 75 75 76 77 77 77 76 76 75 74 73 73 74 73 75 75 74 73 73 73 72 73 72 72 71 69 68 68 67 66 66 66 67 68 68 70 71 75 77 78 79 79 79 80 81 81 80 81 83 83 82 82 79 79 78 77 76 75 73
77 77 73 66 62 60 61 63 71 79 78 75 71 71 74 75 74 73 74 74 75 77 78 78 77 76 78 77 77 77 76 75 75 75 74 75 73 75 75 74 74 74 73 73 72 72 72 71 68 68 68 68 66 66 67 68 69 71 74 76 77 78 79 78 78 80 78 80 80 79 82 83 82 82 82 80 79 78 78 76 76 74
77 77 72 67 65 64 63 65 66 79 78 76 71 72 75 77 77 76 74 74 75 76 78 79 78 78 78 77 77 77 77 76 76 76 76 75 75 75 75 75 74 73 73 73 72 72 72 70 70 68 67 66 66 67 68 70 71 74 76 76 75 76 78 79 76 77 77 81 80 80 82 82 80 80 80 79 79 79 78 77 76 75
76 76 74 71 67 69 69 75 66 77 78 80 74 71 73 76 78 76 75 76 77 79 79 79 79 78 78 78 77 78 77 77 77 76 75 75 75 75 75 75 74 74 73 73 72 72 71 71 71 69 68 67 68 69 71 72 74 75 75 75 76 77 77 77 77 76 76 80 78 80 81 81 80 79 80 79 79 79 79 77 77 75
75 75 76 75 75 71 72 75 68 72 80 80 77 72 73 76 79 76 76 78 79 79 79 79 79 79 78 78 78 78 78 77 77 77 76 76 76 75 75 75 73 73 73 73 72 72 71 71 70 70 69 70 70 71 73 76 75 74 75 76 77 76 77 77 77 78 77 79 79 80 79 80 79 80 80 80 79 79 78 77 77 76
75 74 74 75 74 74 72 73 69 69 70 72 74 72 73 75 78 77 76 77 77 78 78 79 79 79 79 79 79 78 78 78 78 77 77 76 76 76 75 74 73 72 72 72 72 72 72 70 70 70 71 71 72 75 77 78 74 74 74 75 77 77 77 76 79 80 79 78 79 80 79 80 79 79 78 79 78 78 77 78 77 76
73 73 74 73 73 73 73 73 72 69 70 70 71 73 77 77 78 76 77 77 77 77 77 77 77 78 79 80 79 78 78 77 77 76 76 77 76 75 75 74 73 73 72 72 72 72 72 71 71 72 72 73 75 78 78 75 75 75 75 75 77 78 79 77 77 80 79 77 80 80 79 79 78 78 78 79 78 77 77 78 77 76
73 73 73 73 73 72 72 73 72 74 72 73 72 74 78 79 79 76 78 78 76 76 76 77 77 78 79 80 80 79 78 77 76 76 76 77 76 76 75 74 73 73 72 71 72 72 72 72 72 73 75 76 80 80 76 73 75 75 76 75 75 77 79 79 78 78 78 78 79 80 78 79 78 78 78 78 77 77 77 77 77 77
73 73 72 73 73 73 72 72 72 73 75 75 73 76 77 79 76 77 79 79 75 75 76 76 76 77 78 79 79 79 77 77 76 76 77 78 76 75 74 74 73 73 72 71 71 71 72 74 77 79 81 82 81 76 74 73 75 75 76 77 75 75 78 78 79 80 78 77 78 78 78 79 78 78 78 78 77 77 77 77 77 77
74 73 74 74 74 73 74 74 74 74 75 75 75 75 76 77 76 76 79 78 75 75 75 75 77 77 78 79 78 78 77 77 76 77 78 77 77 75 75 74 73 72 72 71 72 72 77 84 84 84 84 83 77 74 74 74 74 75 76 77 77 76 76 77 79 79 79 78 78 77 77 78 77 78 78 77 77 76 77 77 77 77
75 75 75 75 74 75 76 76 75 75 76 76 75 75 76 76 76 77 79 78 75 75 75 75 76 77 77 78 78 77 76 77 77 79 78 77 76 76 75 73 72 72 72 71 72 77 83 84 84 84 82 83 77 74 74 74 74 76 76 77 77 76 78 78 77 79 79 78 78 77 77 78 77 77 77 77 76 76 76 77 77 76
77 76 76 76 76 76 76 76 75 75 75 75 75 75 76 75 76 77 77 77 75 76 76 75 76 77 78 77 77 77 77 76 78 78 78 77 76 75 75 74 72 72 74 74 76 81 83 84 84 82 81 83 79 76 75 75 75 76 77 77 77 78 79 78 77 77 77 77 77 77 76 77 77 77 77 76 76 76 76 76 76 76
78 78 77 78 77 76 76 76 76 76 76 76 75 76 75 75 76 76 76 76 75 76 76 74 76 77 76 77 76 77 77 77 77 77 77 76 75 75 74 73 73 73 75 77 79 80 81 83 84 82 80 79 75 75 74 75 75 76 77 79 79 79 79 78 77 77 78 77 78 77 76 77 77 76 76 75 75 75 75 75 75 76
