Part_1_SDMs/env_data/present_climate/bioclim_8.asc
NCOLS 888 
NROWS 876 
XLLCORNER -19 
YLLCORNER -35 
CELLSIZE 0.0833333333333333 
NODATA_value -32768 
[rows 210 to 244 of 876, columns 79 to 157 of 888]
326 312 330 331 332 333 334 335 336 336 336 337 337 338 337 338 339 339 339 340 340 340 341 341 341 341 342 342 342 342 343 343 343 343 343 343 343 344 344 344 344 344 344 345 345 346 346 346 346 346 347 347 347 348 348 349 348 349 349 350 350 350 350 351 350 351 352 352 352 352 352 353 353 354 354 353 354 354 354
327 329 330 331 332 334 334 335 336 337 337 337 338 338 338 338 339 339 339 339 340 340 340 340 341 341 341 341 341 341 342 342 342 342 342 343 343 343 343 344 344 344 344 345 345 345 346 346 346 346 346 347 347 347 348 348 348 349 349 349 349 350 350 350 350 350 351 351 352 352 351 352 352 352 353 353 353 353 353
326 329 330 332 333 334 335 336 337 337 337 337 338 338 337 338 338 339 339 339 339 340 340 340 340 340 340 340 341 341 341 341 341 342 342 342 342 342 343 343 343 344 344 344 345 344 345 345 346 346 346 346 346 347 347 348 348 348 349 349 349 349 350 350 350 350 350 350 351 351 351 351 352 352 352 352 353 353 353
326 327 330 332 334 335 335 336 336 337 337 338 338 337 336 337 338 338 338 339 339 339 340 340 340 340 339 340 340 340 341 341 341 341 341 341 342 342 342 343 343 343 343 343 344 345 345 345 345 345 346 346 346 347 346 347 348 348 348 348 348 348 349 349 349 349 350 350 350 350 351 351 351 351 351 351 352 352 352
327 327 330 332 334 336 336 337 337 337 338 338 338 337 336 337 338 338 338 338 339 339 339 339 339 340 339 339 340 339 340 340 341 341 341 341 341 341 342 342 342 343 343 343 343 344 345 345 345 345 345 345 346 347 346 347 347 347 347 348 348 348 348 348 349 349 349 349 349 349 350 350 350 350 350 351 351 351 351
325 328 331 333 335 336 337 338 338 338 339 338 339 336 336 337 337 338 338 337 338 339 339 338 338 338 339 340 340 340 340 340 340 340 341 341 340 341 341 341 341 342 343 343 343 344 344 344 344 345 345 345 345 345 346 346 347 347 347 347 347 348 348 348 347 348 349 349 348 349 349 349 350 349 349 350 350 350 350
326 329 329 331 334 336 337 338 338 338 338 338 337 336 337 337 337 337 338 338 338 338 338 338 338 338 339 338 338 338 339 339 339 339 339 340 341 341 341 341 341 342 342 342 343 343 344 344 344 344 344 345 345 345 345 345 345 346 346 347 346 347 347 348 347 347 347 348 348 348 348 348 349 349 349 349 349 349 349
329 330 332 333 335 337 337 338 339 339 339 338 337 337 337 337 337 338 338 337 338 337 337 337 337 337 337 338 338 338 338 338 338 339 339 340 340 339 340 341 341 341 341 342 342 343 343 343 344 343 344 345 344 344 345 346 345 345 346 346 346 346 346 346 347 347 347 347 347 347 348 348 348 348 348 348 349 348 348
331 333 335 336 334 335 336 338 339 338 338 338 337 337 336 337 337 337 337 337 337 337 337 337 337 337 337 337 337 338 338 338 338 338 338 339 340 340 340 340 340 341 341 342 342 342 342 343 343 343 343 344 344 344 344 344 345 345 345 345 345 345 346 346 345 346 346 347 347 346 347 347 347 347 347 347 347 348 348
332 335 336 337 335 335 336 339 339 339 338 338 337 336 336 337 337 336 337 337 336 336 336 336 336 336 336 336 337 337 337 337 338 338 338 338 339 339 339 340 339 340 340 341 341 341 342 342 342 343 343 343 343 343 344 344 344 344 344 345 345 345 345 345 346 346 345 346 346 346 346 346 346 346 346 347 346 347 347
335 336 334 338 337 336 337 339 339 339 339 338 336 336 337 337 337 336 336 336 335 336 335 335 335 335 336 336 336 336 337 337 337 337 338 338 338 338 339 339 339 339 340 340 340 340 341 342 342 342 342 342 343 343 343 343 343 344 344 344 344 344 344 344 345 344 345 345 345 345 345 345 346 345 346 346 346 346 346
338 339 337 338 337 336 339 340 339 338 336 335 336 336 336 335 335 335 335 335 335 334 335 335 335 335 335 335 335 335 336 337 337 337 337 338 338 338 338 338 339 338 339 340 340 340 340 340 341 341 341 341 342 342 343 342 343 343 343 343 343 343 343 344 344 344 344 344 344 345 345 345 344 345 345 345 345 345 345
341 340 340 339 337 337 339 338 336 336 335 336 337 337 335 334 334 334 334 335 334 334 334 334 334 334 334 334 335 335 335 336 336 337 336 336 337 337 338 338 339 338 338 339 339 339 340 340 340 340 340 341 342 341 342 342 342 342 342 342 342 343 343 343 343 343 343 343 344 343 344 344 344 344 344 344 344 344 344
341 341 340 339 338 338 339 339 338 335 336 337 336 334 334 334 333 333 333 333 333 332 332 333 333 333 333 334 334 334 335 335 335 336 336 336 337 337 337 337 338 338 338 338 338 339 339 339 340 340 340 340 341 341 341 341 341 342 342 342 342 342 342 342 342 343 342 342 343 343 343 343 343 343 343 343 343 343 343
339 339 339 339 339 340 339 338 336 336 338 338 334 333 333 333 332 332 331 331 331 331 331 331 332 332 332 333 333 334 334 334 335 335 335 336 336 336 336 337 337 337 337 338 338 338 338 339 339 339 339 339 340 341 341 340 340 341 341 341 341 341 341 342 342 341 342 342 342 342 342 342 342 342 342 342 342 342 342
336 337 338 338 339 339 338 334 336 338 336 335 334 332 331 331 330 330 331 330 330 330 330 330 330 331 332 332 332 333 333 333 334 334 334 335 335 335 336 336 336 336 337 337 337 338 338 338 338 338 339 339 339 339 340 340 340 340 340 340 340 341 341 340 341 341 341 341 341 341 341 341 341 341 341 341 342 341 341
335 336 337 338 339 337 336 337 338 336 334 332 330 329 329 328 328 328 329 329 328 329 329 330 330 330 331 331 331 332 332 333 333 333 334 334 335 335 335 335 335 336 337 336 336 337 337 337 338 338 338 338 338 339 339 339 339 339 339 340 339 339 340 340 340 340 340 340 341 340 340 340 340 340 341 340 340 340 341
336 336 338 338 338 337 338 337 336 335 334 331 329 328 328 327 326 326 326 327 327 328 328 328 329 330 330 330 330 331 331 332 333 333 333 333 334 334 335 335 335 335 336 336 336 336 336 337 337 337 338 338 338 338 338 338 338 338 338 339 339 339 339 339 339 340 339 339 340 340 339 339 340 339 339 339 340 339 340
337 337 337 338 338 338 335 335 332 332 330 330 327 325 327 327 326 325 325 325 325 326 327 327 328 328 328 329 329 330 331 331 332 332 333 333 334 333 334 334 334 335 335 335 335 335 336 336 336 336 337 337 337 337 337 337 338 338 338 338 338 338 339 338 338 339 339 338 339 338 339 339 339 338 339 338 338 339 339
336 337 337 337 337 335 334 332 330 327 326 325 325 324 324 325 325 325 325 325 324 325 325 326 327 327 327 328 328 329 330 330 331 331 332 332 332 333 333 333 333 334 334 335 335 334 335 335 336 336 336 336 337 337 337 337 337 337 337 337 337 337 338 337 338 338 337 337 338 337 337 337 338 338 337 337 338 338 338
336 336 337 337 335 330 331 329 328 326 323 323 323 322 323 323 323 323 323 324 324 324 324 325 325 327 328 328 328 329 330 330 331 331 331 331 332 332 332 333 333 333 333 334 335 335 335 335 335 335 336 336 336 336 336 336 336 336 337 337 336 336 337 337 337 337 337 337 336 337 337 336 336 337 337 337 336 337 337
335 336 334 332 330 328 327 327 325 325 323 322 321 320 320 321 321 321 321 322 322 322 323 324 325 326 328 329 330 330 332 331 331 330 331 331 331 331 331 332 332 332 333 333 333 334 335 335 335 334 335 335 335 335 335 335 336 336 335 335 336 336 336 336 336 336 336 336 335 335 335 336 336 336 335 336 336 336 335
335 335 329 329 328 325 324 324 323 322 322 322 320 319 319 319 319 320 319 320 321 321 322 324 325 326 325 327 328 330 331 332 331 330 329 330 330 331 331 331 332 332 332 333 333 334 335 335 335 333 334 334 334 335 335 335 335 335 335 335 335 335 335 335 335 335 335 335 335 335 335 334 334 335 335 334 335 335 335
334 332 328 327 325 324 323 321 321 320 319 320 321 320 319 318 317 318 318 319 319 320 322 323 326 326 325 328 330 331 332 332 333 334 331 329 329 330 330 331 330 331 331 331 333 333 333 335 335 334 334 334 333 333 334 334 334 334 334 335 335 334 334 334 334 334 334 334 334 334 334 334 334 334 334 334 334 333 334
333 331 329 328 327 326 324 322 321 320 318 318 319 318 317 316 316 317 317 317 318 318 320 321 327 332 335 333 331 331 331 331 331 332 334 332 330 331 331 331 332 331 330 331 332 332 333 334 335 335 333 333 333 333 333 334 333 334 334 334 334 334 334 334 334 334 334 334 333 333 333 333 333 333 333 333 333 333 333
333 332 331 327 324 323 324 322 320 318 318 316 316 316 316 315 314 314 315 325 330 330 321 319 325 330 330 330 329 330 329 330 330 331 334 336 337 337 336 334 336 335 332 331 332 333 334 333 335 335 335 334 333 332 332 333 333 333 333 333 333 333 333 333 334 333 333 333 333 333 332 332 332 332 332 332 332 332 332
333 330 328 327 324 321 321 319 317 316 317 315 315 314 314 315 322 322 327 335 335 335 335 333 331 330 329 329 329 329 329 329 330 331 332 332 333 334 333 334 335 336 336 335 332 334 334 334 335 334 335 335 331 331 331 332 332 332 332 332 332 332 333 332 332 332 333 332 332 332 332 332 331 331 331 331 331 330 330
331 328 325 324 321 320 318 316 316 314 314 314 313 312 314 329 330 330 329 329 329 329 330 330 330 329 328 328 328 329 328 329 330 330 331 331 331 331 332 332 333 334 335 334 333 333 334 333 334 334 335 332 331 331 331 331 331 331 331 331 331 331 332 332 332 331 332 331 331 331 331 331 330 330 330 330 329 330 329
330 329 326 323 321 319 318 315 314 313 312 311 311 312 317 323 325 326 327 327 327 328 328 328 328 328 327 328 327 328 328 329 329 329 330 330 331 331 331 332 332 332 332 332 333 333 333 333 333 334 334 331 330 329 330 330 330 330 330 330 330 330 331 331 331 331 331 331 330 330 330 330 330 330 329 329 329 329 328
328 327 326 324 323 319 318 316 315 313 315 324 324 325 325 324 324 325 326 326 326 326 327 327 327 327 327 327 328 328 328 328 328 329 329 329 330 330 331 330 331 331 331 331 331 332 332 333 333 334 333 333 334 330 328 329 330 330 329 329 329 330 330 330 330 330 330 330 330 329 329 329 329 328 328 328 328 328 328
327 325 328 326 322 319 316 315 314 314 318 320 321 322 322 324 324 324 325 325 326 326 326 326 326 326 326 326 327 327 328 328 328 328 329 329 329 329 329 330 330 330 331 331 331 331 331 331 332 332 332 333 335 334 328 328 328 328 328 328 328 328 329 329 329 329 329 329 329 329 329 328 328 328 328 327 327 327 327
329 324 327 325 323 321 318 314 315 314 313 316 318 320 322 323 323 324 324 325 325 325 326 325 325 325 325 326 326 326 327 327 328 328 328 328 328 328 329 329 329 330 330 330 330 330 330 331 330 330 331 332 334 336 332 327 327 328 328 328 328 328 328 328 328 328 328 328 328 328 328 328 327 327 326 326 326 326 326
328 322 322 321 321 318 316 314 313 313 312 311 313 318 320 323 323 323 324 324 324 324 325 325 325 325 325 325 325 326 326 326 326 327 327 328 327 327 328 328 329 328 329 329 329 329 329 330 329 330 330 331 333 336 336 334 333 334 332 328 327 327 327 327 327 327 327 327 327 327 327 326 326 326 326 325 325 325 325
323 319 321 320 317 314 315 313 312 312 311 311 316 317 320 322 322 323 323 324 324 324 324 324 324 324 324 325 325 325 325 326 326 326 326 326 327 328 327 327 328 328 328 328 328 328 329 329 329 329 330 331 331 332 333 333 333 334 334 330 326 326 326 326 326 326 326 326 326 325 326 325 325 325 324 324 324 324 323
318 316 318 318 313 312 312 312 310 307 308 308 313 319 320 322 323 323 323 323 323 323 323 323 322 322 322 323 323 324 324 324 325 326 326 326 326 326 326 327 327 327 327 328 328 328 328 328 329 329 330 329 330 330 330 330 331 333 334 333 326 325 325 325 325 325 325 325 325 324 324 324 324 324 323 323 323 323 322
