Part_1_SDMs/env_data/present_climate/bioclim_1.asc
NCOLS 888 
NROWS 876 
XLLCORNER -19 
YLLCORNER -35 
CELLSIZE 0.0833333333333333 
NODATA_value -32768 
[rows 140 to 174 of 876, columns 553 to 631 of 888]
215 215 216 215 215 216 218 218 213 210 209 208 208 212 215 217 219 218 219 219 219 220 220 221 221 219 217 216 217 218 216 216 216 218 219 219 219 219 221 222 222 222 223 223 223 223 223 222 220 219 219 219 218 220 221 225 230 232 233 233 233 229 220 221 226 229 230 236 237 233 230 228 228 225 219 213 209 210 214
214 215 215 214 216 216 218 218 216 211 210 209 208 209 212 215 218 218 218 219 220 220 220 220 222 223 222 222 221 218 217 217 216 217 218 219 220 220 221 221 222 222 222 222 222 223 223 222 221 220 220 220 220 221 222 222 225 230 234 235 235 227 222 230 236 239 239 240 237 230 224 226 229 228 222 217 212 213 211
214 215 216 215 217 218 218 219 219 216 212 211 209 209 210 211 214 217 218 219 219 220 220 220 219 220 222 222 223 223 220 219 218 217 218 218 219 220 220 221 221 221 222 222 223 223 223 223 222 221 221 222 222 222 223 223 223 224 232 236 237 233 230 239 240 240 240 240 240 237 233 231 232 232 228 223 220 218 217
215 216 217 217 219 218 218 219 221 220 217 215 216 217 214 211 212 214 216 217 218 219 217 218 219 219 220 220 219 219 220 220 220 220 216 216 219 221 227 228 224 223 224 223 223 223 223 223 223 222 222 221 222 223 223 224 225 228 233 236 238 239 239 240 239 237 233 232 242 241 238 235 235 235 232 229 224 223 220
218 218 216 215 218 218 218 219 221 222 222 221 222 223 224 224 218 216 214 214 215 217 218 216 216 217 218 217 218 217 215 215 216 217 217 218 219 221 222 226 228 231 233 227 222 223 223 223 223 223 222 222 223 224 224 224 225 228 234 235 233 238 238 238 236 230 228 240 243 242 242 240 238 237 235 233 230 226 221
216 217 216 215 216 218 218 220 221 223 224 224 224 225 225 227 228 229 224 215 213 214 215 216 216 216 216 216 217 217 216 216 216 218 218 217 221 220 217 221 224 230 234 226 222 222 222 223 223 223 223 223 224 225 225 225 226 226 230 229 227 236 235 229 225 225 234 244 244 243 241 242 241 240 238 236 232 229 225
216 216 215 216 217 218 219 219 221 223 224 224 224 225 226 227 228 229 229 219 214 215 213 212 212 212 213 213 214 214 214 214 214 213 214 218 219 220 219 224 223 227 235 231 223 222 222 223 223 223 223 223 224 225 225 226 226 227 227 227 227 229 228 227 225 227 239 245 245 242 239 240 241 240 239 237 234 230 228
217 216 216 216 217 218 219 219 220 222 225 224 225 225 226 227 228 229 229 224 228 230 230 223 214 212 212 214 213 213 212 212 213 216 218 223 228 227 231 234 233 234 237 234 226 223 223 222 222 222 222 223 224 225 226 226 227 227 227 227 226 227 226 227 234 243 245 247 244 240 234 237 237 239 239 238 235 230 229
216 217 216 217 218 218 219 219 220 221 223 223 224 225 226 227 228 229 228 226 231 233 231 218 219 224 225 224 215 213 213 213 213 213 213 217 223 232 233 235 229 235 239 237 230 224 223 223 222 222 222 222 223 225 226 226 226 227 226 227 226 226 227 239 245 246 245 245 243 238 229 229 235 238 237 238 235 231 227
217 217 216 217 217 218 218 219 219 220 221 222 223 225 226 227 228 229 227 230 231 233 234 234 232 233 233 228 219 218 215 213 212 212 212 213 221 232 234 236 232 236 240 239 235 224 224 223 222 222 222 222 223 223 225 225 226 226 226 225 225 227 237 243 246 244 240 237 241 238 228 224 235 238 236 236 236 231 227
216 216 216 216 217 217 218 218 219 220 221 222 223 224 226 227 228 227 226 229 229 230 233 233 233 234 234 234 232 223 214 212 212 213 213 214 227 234 234 236 237 239 241 240 234 224 224 224 223 223 222 222 223 224 226 225 225 226 226 225 224 227 235 243 246 242 233 231 237 238 234 233 235 237 238 235 236 233 229
216 217 217 217 217 217 217 218 219 220 221 222 223 225 227 227 226 228 227 226 227 228 229 232 233 234 234 234 233 231 227 220 215 214 215 225 232 234 234 237 239 241 244 242 233 225 226 225 225 225 224 224 224 225 225 227 226 226 225 225 224 224 230 239 247 248 244 241 240 236 235 236 237 239 239 237 237 235 232
217 217 217 217 217 217 217 218 220 219 220 221 224 225 227 227 227 227 226 223 223 225 229 232 233 233 232 230 231 234 233 232 231 230 230 232 234 234 235 238 241 243 245 244 232 226 227 227 227 226 226 226 226 226 227 226 227 227 226 225 225 225 225 229 246 249 247 243 239 239 240 239 240 239 240 237 238 237 234
216 217 218 217 217 217 218 219 220 221 221 222 223 224 224 226 228 227 223 222 225 227 229 230 231 231 229 228 229 230 232 235 236 235 234 235 235 235 235 238 242 244 245 244 240 230 227 228 228 228 228 228 227 228 227 227 228 228 228 228 227 228 228 235 245 248 249 248 244 243 241 241 242 242 242 242 240 239 236
216 217 218 218 218 218 219 221 221 221 221 222 222 223 224 227 227 225 225 226 227 228 228 229 228 228 228 227 229 231 231 231 233 233 234 235 236 235 236 240 243 245 245 244 243 237 228 229 229 229 229 229 228 228 228 228 228 228 229 229 229 229 233 242 245 247 249 249 249 247 244 244 246 243 242 242 242 241 238
216 217 218 219 220 219 221 221 221 222 223 224 225 224 226 227 225 225 227 227 228 228 227 227 226 228 227 229 230 231 232 233 233 233 234 235 236 236 238 241 243 246 246 245 244 241 232 229 230 230 230 230 229 229 229 229 229 229 230 230 230 230 230 234 244 247 248 249 250 250 248 248 245 245 244 244 244 242 240
216 216 218 218 218 220 220 221 222 222 223 224 225 226 226 227 225 226 226 227 228 228 226 226 227 228 226 228 229 232 232 233 234 234 233 235 236 237 240 243 244 246 246 245 242 241 239 236 231 231 230 230 230 229 229 230 229 230 230 231 231 231 231 233 243 247 248 249 249 251 249 246 245 245 245 244 244 242 241
216 217 217 218 219 220 220 221 222 222 223 223 224 224 225 226 227 226 226 227 227 226 226 226 228 228 227 230 232 232 233 233 233 233 234 236 238 239 242 243 245 247 247 246 242 242 241 239 232 231 231 231 231 230 230 230 230 231 231 231 231 232 234 238 245 248 249 249 249 251 250 248 247 247 245 244 245 244 242
216 218 218 219 220 219 220 221 222 222 222 222 223 224 226 226 227 227 227 226 226 225 226 226 229 228 230 232 232 232 232 232 232 233 235 236 239 241 243 243 245 248 249 243 237 238 240 240 234 232 232 232 232 232 231 231 231 231 232 231 231 232 233 236 243 250 250 250 249 250 250 249 247 247 247 247 247 245 244
216 217 218 218 220 221 221 222 222 223 223 223 224 225 226 227 227 228 227 226 225 226 225 227 228 230 232 232 232 232 232 232 233 235 236 237 239 241 243 245 247 249 250 239 233 234 238 239 235 233 233 233 233 233 232 232 232 232 232 232 232 233 233 233 244 251 251 251 250 250 251 249 248 248 249 248 248 248 246
216 216 217 218 221 222 222 223 223 223 223 224 225 225 226 227 227 228 228 226 226 226 227 228 229 230 231 231 232 233 233 233 235 236 237 238 240 242 245 246 247 249 250 250 240 235 237 236 236 236 234 234 234 234 234 234 234 235 235 234 234 234 234 236 249 252 252 252 251 251 253 250 250 251 251 250 250 249 248
214 216 218 219 220 221 222 223 223 223 224 225 226 227 228 229 230 230 229 227 227 227 228 229 230 231 231 232 232 233 233 234 236 237 238 239 241 243 245 245 247 248 250 250 249 236 237 237 238 239 237 235 236 236 236 236 236 237 238 238 238 237 236 241 253 254 254 254 253 253 254 255 256 255 255 254 251 250 250
213 214 217 219 220 221 223 223 224 225 226 226 226 227 228 229 231 232 233 232 232 233 233 231 230 231 231 232 232 233 234 234 236 238 240 241 242 244 245 246 247 248 250 251 250 244 238 238 239 240 237 237 237 237 238 238 238 239 239 239 239 239 241 252 255 254 256 256 255 257 258 259 259 258 257 256 255 253 252
211 213 216 218 220 222 224 225 226 226 227 226 227 228 230 230 231 233 233 233 233 233 233 233 232 230 230 231 232 232 233 234 236 238 240 243 244 245 244 244 245 247 250 251 248 241 239 239 240 242 241 239 239 239 239 239 239 240 240 240 240 242 251 255 255 249 256 259 258 261 263 260 259 257 256 257 256 255 253
212 215 218 221 224 227 227 226 226 226 228 228 229 230 231 231 232 233 234 234 233 234 234 233 231 231 230 231 231 232 234 235 236 238 240 242 243 244 243 244 244 247 250 250 249 242 241 242 242 243 241 239 240 240 240 240 240 241 241 242 242 242 248 256 257 258 261 262 262 263 261 260 258 258 256 255 256 254 253
213 220 224 226 227 227 227 226 227 227 228 229 230 231 232 232 233 234 235 235 234 233 233 232 232 232 232 232 233 235 236 236 237 239 241 243 243 244 244 246 246 249 250 250 242 244 247 247 246 244 241 240 241 241 242 241 241 241 242 242 242 241 246 254 258 261 263 263 263 266 263 261 260 257 256 255 256 256 254
215 222 224 225 226 227 227 226 227 229 229 230 231 233 233 233 234 235 235 235 234 233 233 233 233 234 234 234 235 236 237 237 239 240 241 242 244 246 247 247 249 250 251 251 244 247 248 248 245 246 243 242 242 242 242 242 242 243 243 243 242 243 248 250 249 259 264 264 265 267 264 262 259 257 256 254 253 254 254
216 223 223 225 227 228 227 227 229 229 230 230 231 233 233 234 235 235 235 235 235 234 234 233 234 236 236 236 237 238 238 240 240 240 241 243 245 247 247 248 250 251 251 251 251 248 247 248 245 243 244 244 243 243 243 243 244 244 244 244 247 246 250 251 251 260 265 266 267 268 265 262 260 257 255 254 253 252 251
221 224 224 226 227 229 228 229 230 230 231 231 233 234 234 235 236 236 236 236 236 235 234 234 235 237 237 238 239 240 240 241 241 241 241 243 246 247 248 250 251 250 251 252 251 251 245 244 244 245 245 246 245 245 246 246 246 246 246 247 247 248 253 255 261 265 266 268 269 268 265 262 260 258 253 252 251 251 251
223 224 226 226 228 229 230 230 230 231 232 232 234 234 235 236 236 237 237 237 237 236 235 235 236 238 239 239 240 242 242 243 243 242 243 244 247 248 250 251 252 250 251 251 249 249 248 245 245 246 246 246 247 248 249 247 246 246 246 246 247 252 255 260 263 266 267 268 269 268 266 264 262 259 258 255 252 250 250
225 226 227 228 228 229 230 231 232 233 233 234 234 235 236 236 237 237 238 238 238 237 237 237 237 238 240 240 241 242 243 244 245 244 244 245 247 249 251 251 252 252 250 250 250 250 247 246 246 247 247 248 249 249 249 248 249 249 248 247 250 251 252 260 264 266 267 268 267 268 267 265 263 260 257 255 252 250 251
226 226 226 226 228 230 231 232 233 233 234 234 235 236 236 237 238 238 239 239 239 239 239 239 239 240 240 241 242 243 244 244 245 245 245 247 249 250 251 251 252 252 250 250 250 250 247 247 247 249 249 249 250 250 250 250 250 249 248 248 249 249 250 259 265 266 267 268 268 268 268 265 261 258 255 255 253 251 250
223 224 224 224 229 231 233 233 234 234 235 235 236 236 237 238 239 240 240 241 241 240 240 240 240 240 242 242 243 243 244 244 245 245 245 247 250 252 253 252 252 252 251 251 251 249 248 249 252 251 250 251 250 249 250 249 249 249 248 248 250 250 255 262 265 267 268 268 268 268 267 265 261 260 259 257 255 252 250
222 221 222 226 229 232 233 234 235 235 236 236 237 237 238 239 240 240 241 242 242 241 241 241 242 242 242 243 244 245 246 246 246 246 247 249 251 253 252 252 254 253 251 252 254 251 250 251 252 251 251 251 250 249 249 248 248 247 248 250 251 253 261 264 266 267 267 268 268 268 267 263 261 258 258 257 255 253 251
223 220 221 225 228 232 234 236 236 236 237 237 238 239 239 240 240 241 242 242 242 243 242 242 243 243 243 244 245 246 246 247 247 247 249 251 252 253 252 253 254 255 255 256 254 252 251 252 252 252 252 252 250 252 252 250 250 251 252 257 259 260 262 264 266 266 267 267 267 267 266 265 261 256 256 256 254 254 253
