Part_1_SDMs/env_data/present_climate/bioclim_16.asc
NCOLS 888 
NROWS 876 
XLLCORNER -19 
YLLCORNER -35 
CELLSIZE 0.0833333333333333 
NODATA_value -32768 
[rows 175 to 209 of 876, columns 0 to 78 of 888]
-32768 -32768 -32768 -32768 -32768 -32768 -32768 -32768 -32768 -32768 -32768 -32768 -32768 -32768 -32768 -32768 -32768 -32768 -32768 -32768 -32768 -32768 -32768 -32768 -32768 -32768 -32768 -32768 -32768 -32768 -32768 -32768 -32768 -32768 -32768 18 18 18 17 17 17 17 17 18 18 19 19 19 19 18 18 18 18 18 18 18 18 18 20 20 20 20 21 22 22 22 22 22 23 23 24 24 24 24 24 24 24 24 25
-32768 -32768 -32768 -32768 -32768 -32768 -32768 -32768 -32768 -32768 -32768 -32768 -32768 -32768 -32768 -32768 -32768 -32768 -32768 -32768 -32768 -32768 -32768 -32768 -32768 -32768 -32768 -32768 -32768 -32768 -32768 -32768 -32768 -32768 18 18 18 17 17 17 17 18 18 19 19 17 17 17 17 17 17 18 18 18 18 18 18 18 20 20 20 20 20 21 22 22 22 23 23 23 23 24 24 24 24 24 24 25 25
-32768 -32768 -32768 -32768 -32768 -32768 -32768 -32768 -32768 -32768 -32768 -32768 -32768 -32768 -32768 -32768 -32768 -32768 -32768 -32768 -32768 -32768 -32768 -32768 -32768 -32768 -32768 -32768 -32768 -32768 -32768 -32768 -32768 -32768 17 17 17 17 17 17 17 18 18 18 17 17 17 17 17 17 17 17 17 18 17 17 17 18 20 20 20 20 20 21 21 22 22 24 24 24 23 23 24 25 25 25 25 25 25
-32768 -32768 -32768 -32768 -32768 -32768 -32768 -32768 -32768 -32768 -32768 -32768 -32768 -32768 -32768 -32768 -32768 -32768 -32768 -32768 -32768 -32768 -32768 -32768 -32768 -32768 -32768 -32768 -32768 -32768 -32768 -32768 -32768 17 17 17 17 17 17 17 18 18 18 18 17 17 17 17 17 17 17 17 17 17 17 18 18 18 19 20 20 20 20 21 21 22 23 24 24 24 24 24 26 26 26 26 26 25 25
-32768 -32768 -32768 -32768 -32768 -32768 -32768 -32768 -32768 -32768 -32768 -32768 -32768 -32768 -32768 -32768 -32768 -32768 -32768 -32768 -32768 -32768 -32768 -32768 -32768 -32768 -32768 -32768 -32768 -32768 -32768 -32768 -32768 -32768 17 17 17 17 17 17 18 18 18 18 17 17 17 17 17 17 17 17 17 18 18 18 18 18 18 19 19 20 20 21 22 22 22 24 24 24 24 25 26 26 26 26 26 26 26
-32768 -32768 -32768 -32768 -32768 -32768 -32768 -32768 -32768 -32768 -32768 -32768 -32768 -32768 -32768 -32768 -32768 -32768 -32768 -32768 -32768 -32768 -32768 -32768 -32768 -32768 -32768 -32768 -32768 -32768 -32768 -32768 -32768 16 16 16 16 17 17 16 17 17 17 17 17 17 17 17 17 17 18 18 18 18 18 18 18 18 18 19 20 20 21 22 22 22 22 23 24 24 25 25 25 26 26 27 27 27 27
-32768 -32768 -32768 -32768 -32768 -32768 -32768 -32768 -32768 -32768 -32768 -32768 -32768 -32768 -32768 -32768 -32768 -32768 -32768 -32768 -32768 -32768 -32768 -32768 -32768 -32768 -32768 -32768 -32768 -32768 -32768 -32768 16 16 16 16 16 16 16 16 17 17 17 17 17 17 17 17 17 17 18 18 18 18 18 19 18 19 20 20 20 20 20 22 22 22 23 24 24 24 26 26 26 26 28 28 28 28 27
-32768 -32768 -32768 -32768 -32768 -32768 -32768 -32768 -32768 -32768 -32768 -32768 -32768 -32768 -32768 -32768 -32768 -32768 -32768 -32768 -32768 -32768 -32768 -32768 -32768 -32768 -32768 -32768 -32768 -32768 -32768 -32768 16 16 16 16 16 16 16 16 17 17 17 17 17 17 17 17 17 18 18 18 18 18 18 19 19 19 19 20 20 20 20 20 22 22 23 24 24 24 24 26 26 27 28 29 28 29 27
-32768 -32768 -32768 -32768 -32768 -32768 -32768 -32768 -32768 -32768 -32768 -32768 -32768 -32768 -32768 -32768 -32768 -32768 -32768 -32768 -32768 -32768 -32768 -32768 -32768 -32768 -32768 -32768 -32768 -32768 -32768 15 15 15 16 16 16 16 16 17 17 17 17 17 17 17 17 16 16 17 18 18 18 18 19 19 19 19 19 19 20 21 21 21 21 22 22 24 24 24 24 25 25 26 27 29 29 31 29
-32768 -32768 -32768 -32768 -32768 -32768 -32768 -32768 -32768 -32768 -32768 -32768 -32768 -32768 -32768 -32768 -32768 -32768 -32768 -32768 -32768 -32768 -32768 -32768 -32768 -32768 -32768 -32768 -32768 -32768 -32768 15 15 15 15 15 16 16 16 17 17 17 17 17 17 17 17 16 17 17 18 18 18 19 19 19 19 19 19 19 20 21 21 21 21 22 22 22 23 24 24 25 25 25 27 27 28 31 30
-32768 -32768 -32768 -32768 -32768 -32768 -32768 -32768 -32768 -32768 -32768 -32768 -32768 -32768 -32768 -32768 -32768 -32768 -32768 -32768 -32768 -32768 -32768 -32768 -32768 -32768 -32768 -32768 -32768 -32768 14 14 15 15 15 15 15 15 15 16 16 16 16 16 16 16 17 17 17 17 17 17 18 19 19 19 20 20 19 19 20 21 21 21 21 22 23 23 23 24 24 24 25 25 25 26 26 27 27
-32768 -32768 -32768 -32768 -32768 -32768 -32768 -32768 -32768 -32768 -32768 -32768 -32768 -32768 -32768 -32768 -32768 -32768 -32768 -32768 -32768 -32768 -32768 -32768 -32768 -32768 -32768 -32768 -32768 -32768 14 14 14 15 15 15 15 15 15 16 16 16 16 16 16 16 17 17 17 17 17 18 17 17 17 18 19 19 19 19 19 19 20 21 21 21 21 23 23 23 24 24 24 24 24 25 25 25 25
-32768 -32768 -32768 -32768 -32768 -32768 -32768 -32768 -32768 -32768 -32768 -32768 -32768 -32768 -32768 -32768 -32768 -32768 -32768 -32768 -32768 -32768 -32768 -32768 -32768 -32768 -32768 -32768 -32768 -32768 14 14 14 14 15 15 15 15 15 15 16 16 16 16 16 17 17 17 17 17 17 17 17 17 17 19 19 19 19 19 19 20 20 20 21 21 21 22 23 23 24 24 24 23 24 24 24 24 24
-32768 -32768 -32768 -32768 -32768 -32768 -32768 -32768 -32768 -32768 -32768 -32768 -32768 -32768 -32768 -32768 -32768 -32768 -32768 -32768 -32768 -32768 -32768 -32768 -32768 -32768 -32768 13 12 13 13 14 14 14 14 14 15 15 15 15 16 16 16 16 17 17 17 17 17 17 17 17 17 17 18 18 18 18 19 20 20 20 20 20 20 22 22 22 24 24 24 24 24 24 23 23 24 24 24
-32768 -32768 -32768 -32768 -32768 -32768 -32768 -32768 -32768 -32768 -32768 -32768 -32768 -32768 -32768 -32768 -32768 -32768 -32768 -32768 -32768 -32768 -32768 -32768 -32768 -32768 12 12 12 12 12 13 14 14 14 14 14 14 14 14 15 16 16 16 17 17 17 16 16 17 17 17 17 18 18 18 18 19 19 19 20 20 21 21 21 22 22 22 22 24 24 24 23 24 24 23 23 23 23
-32768 -32768 -32768 -32768 -32768 -32768 -32768 -32768 -32768 -32768 -32768 -32768 -32768 -32768 -32768 -32768 -32768 -32768 -32768 -32768 -32768 -32768 -32768 -32768 -32768 -32768 12 12 12 12 12 12 14 14 14 14 14 14 14 14 15 15 16 16 17 17 17 16 17 17 17 17 18 18 18 18 19 19 19 19 19 21 21 21 22 22 23 23 23 24 23 24 24 23 23 24 23 23 23
-32768 -32768 -32768 -32768 -32768 -32768 -32768 -32768 -32768 -32768 -32768 -32768 -32768 -32768 -32768 -32768 -32768 -32768 -32768 -32768 -32768 -32768 -32768 -32768 -32768 12 12 12 12 12 12 12 12 14 14 14 14 14 14 14 15 15 15 17 17 17 15 15 16 17 16 17 18 18 18 19 19 19 19 20 20 21 22 22 22 22 22 22 23 23 24 24 24 24 24 23 23 23 22
-32768 -32768 -32768 -32768 -32768 -32768 -32768 -32768 -32768 -32768 -32768 -32768 -32768 -32768 -32768 -32768 -32768 -32768 -32768 -32768 -32768 -32768 -32768 -32768 -32768 12 12 12 12 12 12 12 12 13 13 14 14 14 14 15 15 15 15 16 16 16 15 16 16 16 16 18 18 18 19 19 19 19 20 20 21 22 22 22 22 23 23 23 23 24 25 25 24 25 25 24 24 23 23
-32768 -32768 -32768 -32768 -32768 -32768 -32768 -32768 -32768 -32768 -32768 -32768 -32768 -32768 -32768 -32768 -32768 -32768 -32768 -32768 -32768 -32768 -32768 -32768 11 11 11 11 12 12 12 12 12 13 13 13 14 14 14 15 15 15 15 16 16 15 16 16 16 16 17 17 18 19 19 19 19 20 20 21 21 21 23 23 23 23 23 24 24 24 26 25 25 25 25 25 24 24 24
-32768 -32768 -32768 -32768 -32768 -32768 -32768 -32768 -32768 -32768 -32768 -32768 -32768 -32768 -32768 -32768 -32768 -32768 -32768 -32768 -32768 -32768 -32768 -32768 11 11 11 11 11 11 11 12 12 12 13 13 13 13 14 15 15 15 16 16 16 15 16 16 16 17 17 17 18 18 18 19 20 20 21 21 22 22 22 23 24 24 24 24 25 25 25 26 26 26 25 26 25 25 25
-32768 -32768 -32768 -32768 -32768 -32768 -32768 -32768 -32768 -32768 -32768 -32768 -32768 -32768 -32768 -32768 -32768 -32768 -32768 -32768 -32768 -32768 -32768 -32768 11 11 11 11 11 11 11 11 12 12 13 13 13 13 13 15 15 15 16 16 15 15 16 16 16 17 17 17 18 18 18 19 20 21 21 22 22 22 24 24 24 25 25 25 25 26 25 26 26 27 27 26 26 26 26
-32768 -32768 -32768 -32768 -32768 -32768 -32768 -32768 -32768 -32768 -32768 -32768 -32768 -32768 -32768 -32768 -32768 -32768 -32768 -32768 -32768 -32768 -32768 -32768 11 11 11 11 11 11 11 11 12 12 12 13 13 13 14 15 15 16 16 16 15 16 16 16 17 17 17 18 18 18 19 19 20 21 22 22 22 24 24 25 25 26 26 26 26 27 27 27 27 28 28 27 27 27 27
-32768 -32768 -32768 -32768 -32768 -32768 -32768 -32768 -32768 -32768 -32768 -32768 -32768 -32768 -32768 -32768 -32768 -32768 -32768 -32768 -32768 -32768 -32768 -32768 11 11 11 11 11 11 11 11 11 12 13 13 13 13 14 15 15 16 16 16 17 16 16 17 17 17 18 18 18 18 19 19 21 21 22 22 24 24 25 25 26 26 27 27 27 28 28 28 28 29 29 28 28 28 27
-32768 -32768 -32768 -32768 -32768 -32768 -32768 -32768 -32768 -32768 -32768 -32768 -32768 -32768 -32768 -32768 -32768 -32768 -32768 -32768 -32768 -32768 -32768 10 11 10 10 10 11 11 11 11 11 12 13 13 13 14 15 15 15 16 16 17 17 17 17 17 17 17 18 18 18 19 19 20 21 22 22 24 24 25 25 26 27 27 28 28 29 29 29 29 30 31 30 29 29 29 28
-32768 -32768 -32768 -32768 -32768 -32768 -32768 -32768 -32768 -32768 -32768 -32768 -32768 -32768 -32768 -32768 -32768 -32768 -32768 -32768 -32768 -32768 -32768 10 10 10 10 10 10 10 11 11 11 13 13 13 13 15 15 15 16 16 16 17 17 17 17 17 17 18 18 18 19 19 19 21 22 22 24 24 25 27 27 28 28 29 29 29 29 30 30 31 33 32 31 31 30 30 29
-32768 -32768 -32768 -32768 -32768 -32768 -32768 -32768 -32768 -32768 -32768 -32768 -32768 -32768 -32768 -32768 -32768 -32768 -32768 -32768 -32768 -32768 -32768 10 10 9 9 10 10 10 11 11 11 13 13 13 14 15 15 16 16 16 17 17 17 18 18 18 19 19 19 20 20 21 21 22 22 25 25 26 27 28 29 29 30 31 31 32 33 33 32 33 34 34 33 32 32 32 31
-32768 -32768 -32768 -32768 -32768 -32768 -32768 -32768 -32768 -32768 -32768 -32768 -32768 -32768 -32768 -32768 -32768 -32768 -32768 -32768 -32768 -32768 -32768 10 10 9 9 10 11 11 11 11 11 13 13 14 14 15 16 16 16 17 17 17 19 19 19 19 19 19 20 20 21 21 21 23 25 25 26 26 28 29 29 30 31 32 33 32 33 34 34 36 36 35 34 34 34 33 32
-32768 -32768 -32768 -32768 -32768 -32768 -32768 -32768 -32768 -32768 -32768 -32768 -32768 -32768 -32768 -32768 -32768 -32768 -32768 -32768 -32768 -32768 -32768 10 9 9 9 11 11 11 11 11 12 13 13 14 15 15 16 16 17 17 18 19 19 19 20 20 21 20 20 22 22 23 24 25 25 27 27 28 29 30 31 32 32 33 33 34 35 35 35 38 37 36 36 36 35 34 34
-32768 -32768 -32768 -32768 -32768 -32768 -32768 -32768 -32768 -32768 -32768 -32768 -32768 -32768 -32768 -32768 -32768 -32768 -32768 -32768 -32768 -32768 -32768 11 9 11 11 11 11 11 11 12 13 13 14 14 15 16 16 17 18 18 19 19 19 20 20 22 22 22 23 23 24 24 25 26 27 27 28 29 30 31 33 33 34 34 35 37 36 36 38 40 39 39 38 37 36 35 34
-32768 -32768 -32768 -32768 -32768 -32768 -32768 -32768 -32768 -32768 -32768 -32768 -32768 -32768 -32768 -32768 -32768 -32768 -32768 -32768 -32768 -32768 11 11 -32768 -32768 11 11 11 11 12 13 13 14 14 15 16 16 16 18 18 18 19 19 20 21 22 22 22 23 23 24 25 26 26 27 27 29 29 30 32 32 33 35 35 36 38 38 39 40 42 42 42 40 39 38 37 36 35
-32768 -32768 -32768 -32768 -32768 -32768 -32768 -32768 -32768 -32768 -32768 -32768 -32768 -32768 -32768 -32768 -32768 -32768 -32768 -32768 -32768 -32768 11 11 -32768 -32768 11 11 12 12 13 13 14 14 15 16 16 16 18 18 19 19 20 21 21 22 22 22 24 24 25 25 26 26 28 28 29 29 31 32 33 34 36 37 38 39 40 41 41 41 45 43 43 42 42 40 39 38 36
-32768 -32768 -32768 -32768 -32768 -32768 -32768 -32768 -32768 -32768 -32768 -32768 -32768 -32768 -32768 -32768 -32768 -32768 -32768 -32768 -32768 -32768 -32768 11 -32768 -32768 -32768 12 12 13 13 14 14 15 16 16 16 18 18 19 19 20 21 21 22 23 24 24 24 25 26 27 27 28 30 30 30 31 33 34 36 37 37 39 40 40 42 42 43 44 47 46 45 44 43 41 40 38 37
-32768 -32768 -32768 -32768 -32768 -32768 -32768 -32768 -32768 -32768 -32768 -32768 -32768 -32768 -32768 -32768 -32768 -32768 -32768 -32768 -32768 -32768 -32768 -32768 -32768 -32768 -32768 13 13 13 14 14 15 16 16 16 18 19 20 21 21 22 22 24 23 24 24 24 26 27 27 27 29 30 30 33 33 34 35 36 38 38 40 41 41 43 44 45 47 47 49 48 47 45 45 42 41 39 39
-32768 -32768 -32768 -32768 -32768 -32768 -32768 -32768 -32768 -32768 -32768 -32768 -32768 -32768 -32768 -32768 -32768 -32768 -32768 -32768 -32768 -32768 -32768 -32768 -32768 -32768 -32768 -32768 14 14 14 15 16 16 17 18 19 20 21 21 22 22 24 24 25 25 27 27 28 29 30 29 31 32 33 33 35 35 37 38 39 40 42 42 42 45 47 47 48 51 52 50 49 47 47 46 44 42 43
-32768 -32768 -32768 -32768 -32768 -32768 -32768 -32768 -32768 -32768 -32768 -32768 -32768 -32768 -32768 -32768 -32768 -32768 -32768 -32768 -32768 -32768 -32768 -32768 -32768 -32768 -32768 -32768 -32768 15 15 16 16 17 19 19 20 21 21 22 23 24 24 25 26 27 28 29 29 30 31 32 32 34 34 35 37 37 39 39 41 42 44 44 46 47 48 48 50 54 54 53 52 50 52 51 48 45 44
