Part_1_SDMs/env_data/present_climate/bioclim_16.asc
NCOLS 888 
NROWS 876 
XLLCORNER -19 
YLLCORNER -35 
CELLSIZE 0.0833333333333333 
NODATA_value -32768 
[rows 315 to 349 of 876, columns 79 to 157 of 888]
1041 1027 1039 1033 1011 991 982 979 975 954 958 948 947 950 940 940 920 924 918 894 891 899 911 894 885 880 878 877 873 874 870 863 854 851 846 841 836 833 829 825 819 814 808 803 795 789 782 774 765 755 743 736 730 725 722 719 717 717 714 709 704 696 690 685 682 676 672 667 663 660 658 664 673 685 699 710 716 714 705
1053 1035 1032 1027 1017 998 1002 997 974 967 982 984 972 962 943 916 905 900 897 893 895 896 894 893 885 882 880 878 874 873 871 868 862 855 851 849 844 838 833 827 823 817 811 805 798 794 786 777 769 759 750 742 737 732 730 728 725 724 720 715 706 699 692 686 684 680 675 671 667 664 663 670 679 686 697 708 715 715 708
1069 1051 1036 1025 1019 1025 1020 1008 1003 1005 1002 994 975 959 941 917 907 898 895 905 900 895 893 886 884 883 880 880 878 876 875 872 868 862 861 853 849 842 836 830 826 821 814 807 804 798 788 781 772 764 755 747 743 738 736 734 733 731 728 722 711 699 693 688 685 683 682 678 674 670 669 674 681 688 697 706 716 717 715
1083 1061 1034 1028 1028 1029 1027 1034 1032 1029 1007 994 981 965 937 917 923 918 907 905 905 891 888 886 884 883 884 882 879 879 876 872 871 866 863 858 852 846 840 834 830 824 818 813 808 800 792 784 776 766 759 751 747 743 740 737 736 738 738 730 714 701 691 688 688 687 687 684 680 676 676 678 682 688 699 707 716 720 721
1059 1042 1033 1029 1026 1025 1023 1028 1025 1020 1008 988 968 934 930 912 911 910 894 910 900 888 885 884 884 884 885 883 883 880 880 878 874 871 866 862 857 850 845 839 834 830 824 819 811 803 797 789 779 770 761 756 751 746 742 741 740 741 743 734 718 702 692 690 690 691 691 687 682 679 677 679 684 689 700 710 718 723 726
1066 1045 1038 1032 1023 1023 1022 1015 1010 1006 982 956 937 917 913 911 914 908 884 886 888 884 885 884 884 886 888 887 886 886 886 883 881 876 873 870 864 858 851 847 842 836 831 824 816 809 800 791 781 773 765 759 753 748 744 741 739 739 737 731 719 707 698 695 693 692 690 688 684 682 680 682 686 691 700 712 719 724 728
1078 1067 1068 1041 1027 1017 1014 1010 1008 1003 981 949 937 916 907 893 886 905 881 880 882 883 883 885 887 887 889 890 891 890 887 887 885 883 881 876 872 866 861 853 848 844 836 829 823 815 804 796 787 776 765 761 756 748 743 739 735 734 733 728 720 712 704 700 696 694 690 687 686 683 682 683 687 693 701 711 719 725 728
1095 1086 1091 1052 1032 1023 1016 1017 1007 981 956 952 933 907 898 896 868 877 874 876 878 881 883 884 886 888 889 897 899 893 893 893 892 891 888 884 879 874 868 861 857 852 844 836 829 819 811 801 791 781 770 764 756 747 739 735 732 730 730 728 721 714 708 703 699 694 690 687 684 682 682 684 688 695 703 710 719 725 728
1119 1105 1069 1049 1038 1025 1023 1010 992 961 949 938 934 930 918 893 858 863 878 874 878 880 882 885 886 888 892 894 899 900 899 902 899 897 894 890 886 882 875 870 865 860 852 843 835 826 818 808 798 787 775 765 755 746 737 731 727 726 727 728 724 719 712 706 700 696 690 686 684 682 682 684 688 695 702 710 718 722 725
1127 1094 1072 1055 1041 1038 1026 1012 990 967 953 948 942 946 931 886 845 882 888 875 878 880 882 884 885 888 891 897 899 903 905 904 904 902 899 896 893 892 884 879 874 868 858 851 842 834 825 816 805 793 780 768 757 747 735 726 722 722 727 729 727 722 716 708 701 694 690 685 682 679 679 683 688 694 702 710 715 719 720
1148 1128 1090 1066 1048 1043 1034 1018 1007 971 957 957 952 931 876 837 842 863 868 876 877 879 879 881 885 888 892 898 903 906 911 910 909 908 907 904 902 899 892 888 883 874 866 860 849 840 833 824 814 802 790 776 763 751 737 723 718 722 727 730 730 726 719 712 703 696 690 685 680 677 677 681 687 695 701 708 714 716 716
1153 1158 1156 1091 1059 1052 1039 1010 988 960 951 936 930 913 883 882 857 855 882 889 877 874 876 878 882 886 893 899 904 909 914 916 915 914 911 911 910 907 902 897 891 883 874 867 858 848 842 834 823 812 802 790 773 759 744 730 723 728 733 736 735 731 723 714 705 697 689 684 680 676 676 678 688 697 704 710 714 716 717
1144 1166 1183 1092 1071 1063 1029 1007 987 975 965 936 922 896 877 850 856 864 869 869 870 869 871 875 880 885 892 898 905 912 917 918 917 917 917 915 916 915 910 904 898 890 881 874 865 857 850 842 833 824 816 801 786 772 758 747 741 743 748 747 746 739 730 719 707 698 691 684 680 678 677 682 692 702 710 716 718 718 718
1157 1179 1153 1082 1068 1060 1033 1013 989 973 980 949 933 917 888 879 866 858 855 856 860 863 866 871 875 882 889 896 903 912 918 920 920 920 922 920 921 920 916 909 903 896 888 880 872 864 857 850 843 834 824 812 800 788 775 767 762 764 765 763 759 750 737 724 712 699 691 686 683 683 685 689 701 714 722 724 722 722 719
1150 1141 1119 1090 1064 1055 1030 1011 1002 999 978 967 956 913 895 882 858 852 851 852 854 856 860 864 870 877 885 893 902 910 917 922 920 922 922 923 923 921 917 912 908 901 893 887 879 871 865 859 853 845 836 825 814 804 794 788 786 785 785 782 776 764 748 732 717 703 694 691 690 692 695 700 713 735 740 736 730 725 721
1143 1119 1115 1100 1075 1058 1045 1015 1009 987 988 973 940 913 908 882 857 851 847 846 849 850 855 860 868 874 882 890 899 909 915 917 922 923 923 925 923 921 918 915 910 905 900 894 887 878 873 867 861 853 847 838 830 821 813 808 805 805 805 800 791 775 756 740 724 710 701 697 698 701 708 718 742 768 760 746 734 727 723
1147 1150 1125 1102 1086 1095 1065 1012 995 979 980 972 940 935 907 871 857 848 845 842 842 843 849 856 863 872 879 888 897 905 913 917 920 924 924 924 922 920 919 917 913 908 903 899 893 886 880 876 870 865 858 852 845 839 834 829 823 821 818 811 798 782 766 747 731 718 707 704 706 711 722 738 767 788 769 749 735 728 723
1153 1134 1115 1111 1090 1066 1040 1013 995 973 953 937 923 935 900 871 860 848 841 837 836 840 845 851 860 868 877 887 895 903 908 915 918 922 924 926 924 923 922 919 917 913 909 904 899 893 888 884 879 875 869 866 861 857 852 845 840 835 828 817 803 788 772 753 737 723 714 710 713 720 730 745 764 771 761 746 733 728 723
1184 1157 1126 1112 1096 1074 1041 1018 997 978 958 936 920 912 901 879 863 851 840 833 833 835 841 848 858 866 875 886 895 903 909 915 918 923 927 928 925 926 926 923 921 918 914 908 902 898 894 890 888 885 881 878 875 872 867 862 855 845 836 823 807 790 774 757 740 727 717 715 717 723 732 745 754 758 753 743 735 729 724
1218 1181 1139 1115 1098 1072 1049 1025 1004 981 961 942 925 911 895 883 868 852 840 831 828 834 840 848 858 865 874 886 895 904 909 914 919 925 928 928 929 929 929 927 926 921 917 911 908 904 900 896 894 891 889 886 887 885 883 879 870 856 843 829 811 793 776 760 742 727 717 717 720 726 733 741 746 747 745 741 735 730 726
1240 1181 1158 1140 1107 1082 1061 1035 1010 989 969 947 931 914 902 885 871 856 845 833 828 834 842 850 858 866 877 887 897 903 911 917 922 927 931 932 933 932 932 931 929 925 921 917 913 910 905 902 899 897 895 895 896 897 896 894 881 864 847 831 814 796 778 761 743 726 718 720 726 729 733 738 740 741 741 738 734 730 727
1263 1209 1179 1163 1130 1097 1074 1046 1022 996 974 955 940 923 911 895 881 867 855 842 836 841 849 854 862 872 882 891 898 907 915 920 925 931 935 936 937 938 938 935 933 930 925 921 916 912 908 906 903 902 901 900 901 903 904 900 887 869 853 834 817 798 783 764 749 731 723 729 734 734 735 735 734 737 738 738 734 731 727
1285 1235 1214 1188 1154 1125 1096 1063 1035 1007 982 964 949 935 923 908 894 880 868 858 852 852 857 863 869 877 888 895 902 913 921 925 930 936 940 942 942 942 944 943 939 934 929 925 920 916 911 909 906 906 905 902 905 904 903 898 887 871 853 837 817 800 785 768 758 746 742 743 742 741 742 737 733 735 736 736 733 733 729
1313 1270 1243 1213 1181 1149 1119 1084 1051 1021 995 977 964 951 938 923 911 898 885 876 869 867 870 876 879 885 895 901 908 918 925 931 937 943 948 949 951 950 950 948 946 941 935 929 924 919 914 911 907 905 905 903 904 902 901 896 885 871 853 838 819 801 791 774 763 755 752 753 755 755 748 741 731 737 740 737 737 734 732
1341 1303 1272 1240 1210 1177 1146 1105 1073 1046 1014 999 985 972 956 942 928 916 905 893 887 884 885 889 890 895 902 908 914 924 930 939 946 951 956 960 962 959 959 955 951 946 939 931 926 921 915 910 907 905 903 902 902 900 898 892 883 869 855 838 819 804 791 777 769 761 762 763 768 773 764 752 736 743 746 742 740 737 733
1368 1331 1300 1271 1240 1203 1172 1136 1106 1078 1050 1026 1012 995 979 965 950 938 926 913 906 900 899 901 903 907 910 916 923 931 938 950 957 962 965 969 971 970 968 961 956 950 943 935 928 922 916 909 905 901 900 898 897 897 895 890 882 871 855 838 820 803 790 782 776 770 772 778 786 791 789 779 760 758 753 746 742 738 733
1396 1359 1329 1301 1276 1243 1207 1178 1141 1109 1083 1062 1043 1024 1005 989 973 958 946 934 927 919 917 915 915 917 921 925 932 941 949 960 970 977 980 981 980 980 975 969 963 954 946 937 928 920 913 906 900 898 894 892 893 891 889 886 881 870 855 835 819 803 789 785 780 776 780 789 800 811 821 815 789 774 764 751 744 738 733
1418 1384 1359 1335 1314 1288 1253 1220 1189 1155 1128 1101 1077 1055 1035 1016 998 982 969 956 947 938 933 929 928 929 930 934 941 950 962 974 984 990 997 1002 997 993 985 978 968 959 950 937 926 916 907 901 894 890 886 885 885 885 883 881 875 865 850 833 816 803 788 788 782 784 787 795 805 817 834 828 802 783 768 753 744 736 729
1436 1408 1389 1372 1355 1338 1309 1273 1242 1210 1179 1145 1114 1090 1066 1043 1023 1004 989 978 972 964 951 947 942 941 940 943 950 961 976 990 1000 1008 1014 1017 1014 1006 998 988 975 964 953 937 923 911 902 892 887 882 878 875 875 876 875 873 867 856 841 826 811 797 786 781 780 784 787 796 803 814 822 814 800 781 764 750 740 730 721
1449 1430 1420 1411 1401 1387 1368 1325 1293 1261 1218 1183 1152 1125 1098 1075 1053 1030 1013 1001 993 983 976 965 959 953 949 951 959 974 989 1004 1018 1030 1035 1036 1033 1026 1016 1004 984 968 955 935 919 905 893 885 876 870 867 865 863 864 864 863 854 842 828 815 802 790 781 775 775 780 784 788 790 799 803 798 786 770 754 741 731 721 710
1458 1452 1452 1453 1452 1445 1422 1378 1353 1298 1248 1226 1191 1159 1126 1158 1082 1054 1034 1023 1017 1001 992 988 977 970 963 960 972 990 1008 1024 1039 1051 1060 1060 1054 1046 1032 1013 992 975 952 932 913 896 883 872 864 857 852 850 848 847 847 844 836 826 814 802 792 781 773 769 769 772 776 778 777 782 785 778 768 756 744 730 718 708 698
1463 1472 1485 1498 1506 1503 1475 1454 1401 1317 1295 1269 1229 1193 1157 1138 1099 1075 1058 1045 1044 1027 1007 1001 994 987 983 980 994 1012 1031 1050 1065 1079 1084 1083 1076 1064 1047 1024 1002 981 952 928 905 886 871 860 851 843 838 833 831 830 828 823 816 808 798 787 778 770 762 760 759 760 763 764 761 763 764 758 749 740 730 716 703 692 682
1481 1499 1523 1546 1563 1573 1567 1549 1425 1378 1350 1310 1262 1224 1185 1148 1119 1095 1072 1074 1065 1038 1023 1012 1010 1003 1009 1013 1027 1041 1058 1081 1099 1104 1109 1107 1100 1084 1064 1037 1013 983 951 923 897 875 857 844 835 828 821 818 815 812 809 802 795 789 782 772 764 758 751 748 747 748 747 747 745 744 742 735 728 722 712 701 688 677 667
1513 1534 1563 1593 1620 1638 1644 1618 1491 1436 1395 1343 1292 1251 1207 1169 1138 1112 1091 1104 1067 1050 1039 1029 1034 1024 1029 1044 1054 1067 1090 1112 1129 1136 1136 1135 1124 1102 1076 1050 1023 987 951 916 884 867 855 853 824 812 806 802 799 797 791 784 776 769 764 757 748 743 736 734 734 735 732 731 727 726 721 717 709 704 694 685 673 662 651
1543 1570 1605 1640 1671 1691 1706 1680 1540 1481 1430 1368 1316 1271 1223 1188 1155 1127 1106 1123 1081 1067 1056 1046 1053 1043 1050 1058 1071 1090 1117 1141 1159 1172 1175 1174 1151 1126 1092 1067 1033 990 949 907 872 848 838 820 812 804 793 787 783 777 773 766 758 751 745 740 734 728 722 721 721 720 718 718 711 709 703 697 691 684 678 667 658 645 635
