Part_1_SDMs/env_data/present_climate/bioclim_18.asc
NCOLS 888 
NROWS 876 
XLLCORNER -19 
YLLCORNER -35 
CELLSIZE 0.0833333333333333 
NODATA_value -32768 
[rows 420 to 454 of 876, columns 553 to 631 of 888]
461 466 473 479 481 483 485 485 480 471 466 461 456 277 273 269 266 261 259 255 246 240 235 231 228 227 229 222 218 219 214 206 198 191 184 181 173 170 162 158 154 154 151 149 148 144 138 129 121 114 110 107 110 116 116 116 116 116 116 114 113 111 112 114 116 115 114 112 110 107 107 106 104 103 101 99 99 100 96
468 473 479 486 492 496 495 495 489 480 476 469 461 285 447 274 431 267 416 255 250 246 241 237 234 232 233 231 223 223 219 212 205 200 190 179 174 169 163 158 154 153 150 148 149 147 133 125 118 227 228 229 115 116 118 117 118 118 119 118 119 119 122 125 124 121 117 116 112 110 109 108 107 106 104 101 100 101 97
476 480 485 492 499 505 509 506 498 489 483 475 467 459 286 282 275 271 266 261 255 250 244 239 237 235 233 233 231 227 221 217 209 203 196 182 178 171 164 159 158 156 150 149 154 152 131 123 115 223 225 228 231 114 117 120 121 122 122 123 125 127 133 136 131 127 123 118 114 111 111 112 110 109 107 103 101 101 99
481 487 492 497 502 509 515 508 501 493 487 479 470 463 455 286 440 277 426 419 262 404 396 244 241 242 238 236 235 233 227 220 217 212 201 191 184 177 168 165 159 158 154 159 164 152 130 119 220 218 220 224 225 112 119 121 124 125 127 129 130 132 138 140 138 134 128 122 115 113 113 112 112 111 109 105 101 103 107
488 492 496 500 504 508 509 510 504 496 488 479 473 465 459 452 285 282 277 424 416 408 400 249 248 245 241 238 238 234 230 356 219 213 328 319 193 186 176 171 161 161 161 174 175 156 131 116 213 212 213 212 216 225 120 124 128 130 132 135 136 140 143 145 144 141 136 127 117 114 112 111 112 112 111 108 105 105 108
490 494 496 500 504 507 508 506 501 496 489 481 475 467 460 453 290 438 432 425 417 410 257 254 254 248 244 379 239 236 364 354 346 337 326 316 308 298 183 175 166 167 174 288 292 169 138 115 210 209 206 202 207 115 123 129 132 136 138 140 143 147 150 153 155 154 145 134 121 114 112 112 114 114 114 113 110 110 110
491 494 496 500 503 506 506 504 499 496 488 482 475 469 460 453 446 439 432 424 418 411 263 260 399 392 384 380 243 238 236 353 344 337 324 313 305 300 297 283 282 287 288 287 288 287 258 117 112 110 204 202 107 118 128 133 137 140 143 145 149 153 158 163 169 170 159 141 125 115 113 115 117 117 117 116 115 114 113
490 493 497 501 503 504 503 500 497 493 488 481 474 468 461 454 447 441 435 428 420 414 410 404 400 396 388 382 375 368 361 351 342 330 320 312 304 300 296 288 287 293 290 288 283 279 265 126 117 204 206 206 116 128 137 141 143 147 149 151 155 159 164 170 177 185 171 150 133 125 125 123 123 122 122 120 119 118 118
490 494 496 500 501 501 501 496 495 491 485 480 476 468 463 456 449 443 436 431 424 419 415 409 404 397 389 381 373 365 359 350 338 326 317 308 302 298 296 291 293 296 291 289 285 285 274 244 122 112 207 117 129 145 149 150 151 153 155 157 160 163 168 171 174 178 174 161 150 146 142 134 130 128 126 124 124 124 124
489 492 496 498 498 499 497 494 492 487 485 480 475 470 463 458 453 446 438 435 428 423 417 408 401 393 390 381 372 364 359 348 336 325 316 310 303 303 297 298 297 297 294 293 293 297 280 245 120 113 115 123 137 149 154 156 156 158 160 162 164 167 170 173 174 175 178 170 161 156 148 138 135 133 131 129 129 129 130
486 493 493 496 497 501 494 492 489 485 481 477 474 470 466 459 456 452 442 434 432 424 417 408 398 393 388 381 373 366 360 349 336 324 315 307 309 306 302 303 301 301 302 298 305 311 288 244 224 113 116 124 137 148 156 160 161 163 164 166 167 169 172 175 177 182 186 179 161 150 143 138 136 133 132 133 133 135 136
480 488 492 493 494 495 495 490 487 483 480 476 473 470 467 463 455 450 447 438 436 424 417 405 397 394 390 381 373 367 360 352 337 325 314 312 304 309 303 299 306 305 303 306 316 318 272 120 116 110 116 125 134 146 154 161 166 167 168 169 169 172 174 177 180 184 188 175 153 143 137 137 137 136 137 136 138 140 142
470 480 489 495 494 489 492 491 484 480 475 472 469 468 464 457 454 451 444 440 434 424 413 406 399 399 390 382 372 365 357 351 341 328 314 307 297 298 295 302 308 305 308 312 321 293 121 111 109 111 115 123 133 143 157 168 172 172 171 170 170 172 175 176 179 182 178 168 152 143 141 143 143 144 142 143 144 147 150
468 471 481 488 485 483 477 477 481 474 472 468 464 462 460 455 453 450 441 437 429 421 409 403 403 400 390 379 371 365 357 350 340 327 314 305 295 292 292 297 298 308 313 319 316 136 110 109 108 110 113 122 134 154 171 181 182 181 174 170 169 172 173 176 178 178 173 166 156 152 151 150 150 151 149 148 150 155 159
467 468 474 468 472 473 477 471 470 470 464 465 463 459 454 451 448 447 438 431 424 415 408 405 404 394 386 377 373 366 359 349 339 327 313 300 289 290 289 286 297 318 321 315 254 112 111 110 111 110 113 130 158 173 187 197 195 185 176 169 168 172 175 175 176 175 171 165 161 158 158 158 156 157 155 153 156 165 169
466 586 465 466 467 469 466 466 463 460 461 463 460 454 449 447 445 443 433 427 419 414 409 406 401 393 385 379 374 368 358 351 341 328 316 299 293 299 280 294 311 321 318 149 116 113 113 113 113 115 131 158 174 186 196 206 201 188 176 168 169 173 176 177 176 174 170 166 164 163 164 162 160 158 157 158 162 168 169
464 465 465 463 464 464 470 467 462 460 459 460 456 453 449 446 442 437 433 422 419 415 414 406 399 391 386 380 373 368 359 352 343 333 316 299 282 274 271 297 308 294 253 118 117 116 116 116 118 139 159 172 185 194 198 201 197 187 178 172 174 178 181 180 176 172 169 166 165 165 166 166 164 161 160 165 168 171 169
587 582 463 461 461 460 573 462 462 457 458 457 454 452 449 446 439 432 427 421 417 415 412 404 399 391 386 379 375 369 359 351 345 340 320 301 281 264 282 287 263 126 121 119 118 118 119 125 158 172 176 189 195 197 197 194 191 186 182 179 182 187 188 184 177 173 169 166 165 164 166 167 168 169 171 173 178 177 172
475 473 584 465 458 460 457 455 454 453 451 443 444 444 441 439 437 430 423 420 420 414 408 401 397 391 386 382 377 369 358 348 342 336 321 301 282 267 292 252 125 122 121 121 121 121 129 164 186 194 195 200 198 196 193 190 187 185 183 184 187 194 194 184 177 172 169 166 164 164 164 168 172 179 183 182 182 181 175
586 471 472 582 460 454 452 451 447 442 439 435 437 436 437 431 429 425 422 421 416 411 407 401 397 392 388 383 375 367 360 348 339 329 318 307 310 297 281 134 124 124 122 123 123 151 167 181 193 199 203 203 198 192 189 186 183 184 183 185 188 191 189 182 174 172 169 168 165 164 163 170 177 182 186 185 186 185 184
584 582 580 466 466 567 561 449 444 440 437 434 429 429 429 427 421 421 419 416 414 406 406 404 399 396 390 383 370 363 356 345 341 337 323 341 328 339 279 246 128 126 126 127 154 178 180 184 190 195 199 196 191 188 183 182 182 181 182 183 185 186 184 178 174 173 172 171 170 170 170 177 184 185 185 187 188 191 193
582 577 575 573 462 461 566 564 445 441 439 432 428 430 426 421 423 421 503 415 407 401 398 398 395 392 387 379 367 364 358 351 350 351 333 357 346 326 263 139 134 131 130 137 177 181 184 185 187 189 190 189 186 182 179 179 179 180 181 182 183 183 180 178 176 176 176 178 179 181 183 190 195 192 188 190 193 197 200
579 577 574 570 566 562 560 558 552 543 439 429 426 521 432 422 416 418 416 411 402 478 397 394 390 387 383 375 371 370 367 356 346 341 342 340 328 286 154 256 140 136 137 166 176 177 180 183 185 188 186 185 181 177 174 175 176 179 180 183 185 183 182 180 179 181 184 188 191 194 197 201 203 200 195 193 195 201 203
579 575 574 567 561 558 551 447 547 545 533 427 516 424 518 510 501 413 408 404 402 475 472 394 390 384 382 376 377 379 371 365 359 368 350 308 288 272 265 261 145 142 169 185 177 186 188 187 186 188 187 185 180 175 174 173 175 178 182 184 187 187 186 186 186 189 193 196 202 207 209 210 209 206 200 196 199 204 207
577 570 569 564 558 553 547 542 444 537 534 521 421 422 512 507 500 495 486 401 397 469 470 468 395 390 380 378 375 378 378 379 375 381 325 301 283 275 273 269 153 296 200 200 194 196 194 192 190 193 192 188 180 175 175 176 174 179 184 188 192 193 193 195 196 198 201 206 211 217 215 212 212 207 202 200 205 210 213
574 568 562 557 552 548 543 537 532 530 525 517 507 507 508 502 496 491 485 483 470 464 389 389 387 384 384 383 380 383 388 380 360 338 309 292 284 313 288 294 344 348 336 199 197 199 200 197 195 192 195 194 187 182 176 177 178 183 189 195 199 202 203 204 206 207 210 215 220 223 217 211 207 203 203 205 210 215 219
571 566 561 554 548 544 538 532 527 523 519 510 504 508 496 493 490 488 482 475 466 463 461 454 448 452 452 447 386 388 379 344 325 314 304 299 313 362 327 362 369 356 340 206 199 197 200 208 205 198 198 197 191 184 178 177 179 181 193 203 208 210 214 216 219 220 221 226 229 231 225 213 204 203 206 208 216 219 225
567 561 559 552 544 541 536 528 522 516 511 503 501 495 489 486 483 480 479 468 462 458 461 455 445 446 445 384 390 381 342 325 320 319 311 321 376 393 387 376 365 349 328 200 198 200 199 207 208 205 199 198 196 188 179 179 181 189 194 212 217 221 223 227 230 231 232 236 241 242 240 225 214 206 215 217 222 225 229
565 558 554 551 542 538 531 526 517 511 504 498 503 492 482 479 475 471 471 468 462 459 451 448 438 436 444 444 452 365 334 318 316 327 339 374 402 398 386 361 347 325 311 196 198 199 197 201 201 201 201 199 194 186 178 175 182 194 204 221 229 230 231 232 234 234 238 244 251 254 250 241 371 226 232 229 232 235 241
563 557 552 550 541 536 528 519 512 507 499 495 494 487 480 474 470 464 466 468 470 463 446 440 435 436 445 450 455 366 334 315 324 396 407 443 389 381 367 351 324 305 295 193 199 199 196 195 196 195 196 194 189 183 177 174 184 198 217 223 239 238 237 236 234 234 245 255 264 266 264 257 392 392 388 246 246 251 254
561 555 551 548 538 530 524 515 509 501 496 489 487 483 477 474 467 461 455 462 459 452 444 440 439 434 440 451 459 358 335 325 392 541 546 463 364 350 331 316 305 295 187 191 194 193 190 189 189 189 187 186 184 181 178 179 189 208 230 244 246 246 240 240 238 243 257 274 284 281 281 273 404 402 405 266 268 274 276
557 553 549 542 533 527 519 512 505 496 494 485 483 478 476 467 459 453 448 444 447 442 434 438 447 434 438 441 428 337 333 327 406 507 529 383 347 296 287 297 292 185 182 182 183 184 183 181 182 180 182 182 182 181 181 186 200 219 239 256 253 253 253 251 250 257 271 292 304 300 292 287 415 425 430 297 296 300 295
552 550 546 538 533 521 516 513 501 493 489 482 478 472 462 458 450 449 447 447 440 433 422 429 439 435 431 428 406 321 313 316 409 494 503 370 305 262 169 289 187 276 177 174 174 174 175 175 175 176 178 179 181 183 187 194 206 223 243 258 261 357 356 266 268 274 284 304 320 316 306 304 437 315 472 327 324 321 306
548 546 542 536 530 522 515 507 497 490 489 485 467 460 453 445 440 441 440 435 436 423 419 436 431 428 426 420 397 311 297 321 392 472 380 224 164 153 159 184 287 177 170 167 167 167 169 169 170 171 174 180 185 189 192 199 211 226 239 254 361 366 377 396 289 297 307 322 333 330 329 329 332 350 364 357 344 332 314
547 544 540 536 531 518 510 501 492 485 482 475 464 455 449 440 436 430 426 423 427 414 406 414 428 418 415 412 340 307 290 324 367 373 240 297 246 151 158 185 181 175 169 164 163 164 166 166 166 168 174 182 188 193 198 204 215 223 233 243 364 386 413 439 312 322 331 340 346 348 353 351 358 372 381 371 353 335 316
