Part_1_SDMs/env_data/present_climate/bioclim_14.asc
NCOLS 888 
NROWS 876 
XLLCORNER -19 
YLLCORNER -35 
CELLSIZE 0.0833333333333333 
NODATA_value -32768 
[rows 504 to 539 of 876, columns 498 to 580 of 888]
31 32 31 31 31 30 31 30 30 29 29 29 28 28 27 27 26 26 25 25 24 24 24 24 24 24 23 22 21 20 19 18 17 16 15 15 14 14 13 13 12 12 12 12 12 13 13 14 15 16 17 17 18 19 20 21 23 24 24 24 25 26 25 24 22 21 20 19 18 17 16 15 14 13 12 10 10 9 8 5 5 4 3
29 30 30 30 30 29 29 29 28 28 27 27 27 26 26 25 25 25 24 24 23 23 23 23 23 23 22 21 20 19 18 17 16 15 15 14 13 13 12 11 11 11 11 11 11 11 12 12 13 14 15 16 17 18 19 20 21 22 22 23 24 24 24 23 21 20 19 18 17 16 15 15 14 12 11 10 9 8 7 5 5 3 3
28 27 27 27 26 27 27 26 26 26 25 25 25 24 24 24 23 23 23 23 22 22 22 22 22 22 21 20 19 18 17 16 15 14 14 13 12 12 11 10 10 9 9 9 9 10 11 11 12 13 13 14 15 16 17 18 19 20 21 21 22 23 22 22 20 19 18 17 16 15 14 14 13 12 11 9 9 7 6 5 5 3 2
25 25 25 25 24 24 24 25 24 23 23 23 22 22 22 22 22 22 22 22 21 21 21 21 21 21 20 19 18 17 16 15 14 14 13 12 11 11 10 9 9 8 8 8 8 9 9 10 11 11 12 13 14 15 16 17 17 18 19 20 21 21 21 20 20 18 17 16 15 14 14 13 13 12 10 9 9 8 5 4 5 3 2
23 23 23 23 23 23 23 22 22 21 21 21 20 20 20 20 20 20 20 20 20 20 20 20 20 20 19 18 17 17 16 15 14 13 12 11 11 10 9 9 8 8 7 7 7 8 8 9 10 10 11 12 12 13 14 15 16 17 18 19 20 19 20 20 19 18 17 15 14 13 12 12 12 11 10 9 9 8 5 4 4 3 2
21 22 22 21 21 21 20 20 20 20 19 19 18 18 19 18 19 19 19 19 19 19 19 19 19 19 19 18 17 16 15 14 13 12 11 11 10 9 9 8 8 7 7 6 7 7 8 8 9 9 10 11 11 12 13 14 14 15 16 17 18 18 19 18 18 17 16 15 14 12 12 11 11 10 10 9 8 7 5 4 3 3 2
21 20 20 20 20 19 19 19 19 18 18 17 17 17 17 17 17 18 18 18 18 19 18 18 18 18 18 17 16 15 14 13 12 12 11 10 9 9 8 8 7 7 7 6 6 7 7 7 8 8 9 10 10 11 12 12 13 14 15 15 16 17 18 18 17 16 15 14 13 12 11 10 10 10 9 8 8 7 6 4 3 3 2
20 20 19 19 18 18 18 17 17 16 16 16 15 15 16 16 16 16 17 17 17 18 18 18 17 18 17 16 16 14 14 13 12 11 10 10 9 8 8 7 7 7 6 6 6 6 7 7 7 8 8 9 9 10 11 11 12 13 13 14 15 16 18 17 16 15 14 13 12 11 10 9 9 8 8 8 7 6 6 4 3 3 2
19 19 18 18 17 17 16 16 16 15 14 14 14 14 15 15 15 15 16 16 17 17 17 17 17 17 16 16 15 14 13 12 11 11 10 9 9 8 8 7 7 6 6 6 6 6 6 6 7 7 7 8 8 9 9 10 10 11 12 13 15 15 16 16 15 14 13 12 11 10 9 9 8 7 7 7 7 6 5 4 3 3 2
18 18 17 17 16 15 15 15 14 14 13 13 13 13 13 14 14 15 15 15 16 16 16 17 17 16 16 15 14 13 12 12 11 10 9 9 8 8 7 7 6 6 6 6 6 6 6 6 6 6 7 7 7 8 8 9 9 11 11 12 13 14 15 15 14 13 12 11 10 10 9 8 7 7 6 7 6 5 5 3 3 3 2
17 17 16 16 15 15 14 14 13 13 12 12 12 12 13 13 14 14 14 15 15 15 16 16 16 16 15 14 13 13 12 11 10 10 9 8 8 7 7 7 6 6 6 5 5 5 5 5 6 6 6 6 7 7 7 8 9 9 10 11 12 13 13 13 13 12 11 11 10 9 8 7 7 6 6 6 6 5 5 4 3 2 2
17 16 16 15 15 14 14 13 12 12 11 11 11 12 12 13 13 13 13 14 14 15 15 16 16 16 15 14 13 12 11 11 10 9 9 8 8 7 7 6 6 6 5 5 5 5 5 5 5 5 6 6 6 6 7 7 8 8 9 9 10 11 11 12 11 11 10 9 9 8 8 7 6 6 5 5 5 5 4 3 3 2 2
16 16 15 15 14 14 13 13 12 11 11 11 11 11 11 12 13 13 13 13 14 14 15 15 15 15 14 13 12 12 11 10 9 9 8 8 7 7 7 6 6 6 5 5 5 5 5 5 5 5 5 5 5 5 6 6 7 7 8 9 9 10 10 10 10 10 9 9 8 8 7 6 6 5 5 4 4 4 4 3 2 2 2
16 16 15 15 14 14 13 13 12 11 11 11 11 11 11 12 12 12 12 13 13 14 14 15 15 15 14 13 12 11 10 10 9 8 8 7 7 7 6 6 6 5 5 5 5 5 4 4 4 5 5 5 5 5 5 6 6 6 7 7 8 8 9 10 9 9 8 8 7 7 7 6 5 5 4 4 4 4 4 3 2 2 2
16 16 15 15 14 14 13 12 12 11 11 11 11 11 11 11 12 12 12 12 12 13 14 14 14 14 13 12 12 11 10 9 9 8 8 7 7 7 6 6 5 5 5 5 4 4 4 4 4 4 4 4 4 4 5 5 5 6 6 6 7 7 8 8 8 8 7 7 7 6 6 5 5 4 4 4 4 3 3 3 2 2 2
16 16 15 15 14 14 13 12 12 11 11 11 11 11 11 11 12 12 12 12 12 13 13 14 14 13 13 12 11 10 10 9 8 8 7 7 7 6 5 5 5 5 5 4 4 4 4 4 4 4 4 4 4 4 4 4 5 5 5 6 6 7 8 7 7 7 7 6 6 5 5 5 4 4 4 3 3 3 3 3 2 2 2
16 16 16 15 14 14 13 12 12 12 11 11 11 11 10 11 11 11 12 12 12 12 13 13 13 13 12 12 11 10 9 9 8 8 7 7 6 6 5 5 5 5 4 4 4 4 4 4 3 3 3 3 3 3 3 4 4 4 5 5 5 6 6 7 6 6 6 5 5 5 5 4 4 4 3 3 3 3 3 3 2 1 1
17 16 16 15 14 14 13 13 12 12 11 11 11 11 10 11 11 11 11 11 11 12 12 12 12 12 12 11 10 10 9 8 8 7 7 6 6 6 5 4 4 4 4 4 4 4 3 3 3 3 3 3 3 3 3 3 3 4 4 4 5 5 5 6 5 5 5 5 4 4 4 4 4 3 3 3 3 3 2 2 2 1 1
17 16 16 16 15 14 13 13 12 12 12 11 11 10 10 10 11 11 11 11 11 11 11 12 12 11 11 11 10 9 9 8 8 7 7 6 6 5 5 4 4 4 4 4 4 3 3 3 3 3 3 3 3 3 3 3 3 3 3 4 4 4 4 5 5 5 4 4 4 4 3 4 3 3 3 2 2 2 2 2 2 2 1
18 17 16 16 15 14 14 13 12 12 12 11 11 10 10 10 10 10 10 10 10 10 11 11 11 11 11 10 10 9 8 8 7 7 6 6 6 5 5 4 4 4 4 4 3 3 3 3 3 3 2 2 2 2 2 2 3 3 3 3 3 4 4 4 4 4 4 3 3 3 3 3 3 3 2 2 2 2 2 2 2 2 1
18 18 17 16 16 15 14 13 13 12 12 11 11 10 10 10 10 10 10 10 10 10 10 10 10 10 10 10 9 9 8 7 7 7 6 6 5 5 5 4 4 4 4 3 3 3 3 3 2 2 2 2 2 2 2 2 2 2 3 3 3 3 3 3 3 3 3 3 3 3 3 3 3 2 2 2 2 2 2 1 1 1 1
19 19 18 17 16 15 14 13 13 12 12 11 10 10 10 10 10 10 10 9 9 9 10 10 10 10 10 9 9 8 8 7 7 6 6 6 5 5 4 4 4 4 3 3 3 3 3 2 2 2 2 2 2 2 2 2 2 2 2 2 3 3 3 3 3 3 3 3 3 3 2 2 2 2 2 2 2 2 1 1 1 1 1
20 20 19 18 16 15 14 14 13 12 12 11 10 10 10 10 10 9 9 9 9 9 9 9 9 9 9 9 8 8 7 7 7 6 6 5 5 5 4 4 4 3 3 3 3 3 2 2 2 2 2 2 2 2 2 2 2 2 2 2 2 2 2 3 2 2 2 2 2 2 2 2 2 2 2 1 1 1 1 1 1 1 1
22 21 19 18 17 15 14 14 13 12 11 11 10 9 9 10 9 9 9 9 8 8 8 8 9 8 8 8 8 8 7 7 6 6 5 5 5 4 4 4 4 3 3 3 3 2 2 2 2 2 2 2 2 1 2 2 2 2 2 2 2 2 2 2 2 2 2 2 2 2 2 2 2 2 2 2 2 2 1 1 1 1 1
24 22 20 18 17 15 14 14 13 12 11 10 10 10 10 9 9 9 9 8 8 8 8 8 8 8 8 8 7 7 7 6 6 6 5 5 4 4 4 4 3 3 3 3 3 2 2 2 2 2 2 1 1 1 1 1 1 1 2 2 2 2 2 2 2 2 2 2 2 2 2 2 2 2 2 2 2 2 1 1 1 1 1
25 22 20 18 17 15 14 14 13 12 11 10 9 9 9 9 9 8 8 8 8 8 8 7 7 7 7 7 7 7 6 6 5 5 5 5 4 4 4 3 3 3 3 3 2 2 2 2 2 1 1 1 1 1 1 1 1 1 1 2 2 2 2 2 2 2 2 2 2 2 2 2 1 1 1 1 2 1 1 1 1 1 1
25 22 20 18 16 15 14 13 12 11 10 10 9 9 9 9 8 8 7 7 7 7 7 7 7 7 7 7 6 6 6 5 5 5 5 4 4 4 4 3 3 3 3 3 2 2 2 2 2 1 1 1 1 1 1 1 1 1 1 1 1 1 1 1 1 1 1 1 1 1 1 1 1 1 1 1 1 1 1 1 1 1 1
22 20 19 17 16 15 14 13 12 11 10 10 9 9 8 8 8 7 7 7 7 7 7 7 6 6 6 6 6 6 5 5 5 5 4 4 4 4 4 3 3 3 3 2 2 2 2 2 1 1 1 1 1 1 1 1 1 1 1 1 1 1 1 1 1 1 1 1 1 1 1 1 1 1 1 1 1 1 1 1 1 1 1
21 19 18 16 15 14 13 12 11 10 10 10 9 8 8 8 8 8 8 7 7 7 7 6 6 6 6 6 5 5 5 5 5 4 4 4 3 3 3 3 3 3 2 2 2 2 2 2 1 1 1 1 1 1 1 1 1 1 1 1 1 1 1 1 1 1 1 1 1 1 1 1 1 1 1 1 1 1 1 1 1 1 1
18 16 15 14 13 12 12 12 10 10 9 9 9 8 8 8 7 7 7 7 7 7 6 6 6 6 5 5 5 5 5 4 4 4 4 4 3 3 3 3 3 3 2 2 2 2 2 2 1 1 1 1 1 1 1 1 1 1 1 1 1 1 1 1 1 1 1 1 1 1 1 1 1 1 1 1 1 1 1 1 1 1 1
15 14 13 11 10 10 10 10 10 9 9 9 8 8 8 8 7 7 7 7 7 6 6 6 5 5 5 5 5 4 4 4 4 4 4 3 3 3 3 3 3 2 2 2 2 2 2 2 1 1 1 1 1 1 1 1 1 1 1 1 1 1 1 1 1 1 1 1 1 1 1 1 1 1 1 1 1 1 1 1 1 1 1
13 12 11 9 8 8 8 8 8 8 8 8 8 7 7 7 7 7 6 6 6 6 6 5 5 5 5 5 4 4 4 4 4 4 3 3 3 3 3 3 2 2 2 2 2 2 2 2 1 1 1 1 1 0 0 1 1 1 1 1 1 1 1 1 1 1 1 1 1 1 1 1 1 1 1 1 1 1 1 1 1 1 1
12 11 10 8 7 6 7 7 7 7 7 7 7 7 6 6 6 5 6 6 6 6 5 5 5 5 5 5 4 4 4 4 3 3 3 3 3 3 2 2 2 2 2 2 2 2 2 2 1 1 1 1 1 0 0 0 1 1 1 1 1 1 1 1 1 1 1 1 1 1 1 1 1 1 1 1 1 1 1 1 1 1 1
10 10 9 8 7 6 6 6 6 6 6 6 6 5 5 5 5 5 5 5 5 5 5 5 5 5 5 4 4 4 3 3 3 3 3 3 3 2 2 2 2 2 2 2 2 2 2 2 1 1 1 1 1 0 0 0 0 0 0 0 0 1 1 1 1 1 1 1 1 1 1 1 1 1 1 1 1 1 1 1 1 1 1
9 8 8 7 6 6 6 6 6 6 6 6 5 5 5 5 5 5 5 5 5 5 5 5 5 5 4 4 3 3 3 3 3 3 2 2 2 2 2 2 2 2 2 2 2 2 2 2 2 1 1 1 1 1 1 0 0 0 0 0 0 0 0 1 1 1 1 1 1 1 1 1 1 1 1 1 1 1 1 1 1 1 0
8 8 7 7 6 6 6 5 5 5 5 5 5 5 5 5 4 4 5 5 5 4 4 4 4 4 4 4 3 3 3 3 2 2 2 2 2 2 2 2 2 2 2 2 2 2 2 2 2 2 2 1 1 1 1 1 1 0 0 0 0 0 0 0 0 1 1 1 1 1 1 1 1 1 1 1 1 1 1 1 1 1 0
