Part_1_SDMs/env_data/present_climate/bioclim_2.asc
NCOLS 888 
NROWS 876 
XLLCORNER -19 
YLLCORNER -35 
CELLSIZE 0.0833333333333333 
NODATA_value -32768 
[rows 700 to 734 of 876, columns 553 to 631 of 888]
148 147 146 145 143 142 141 140 139 138 139 140 140 142 144 145 145 144 142 143 144 145 146 146 146 144 142 141 139 139 138 138 138 138 136 135 138 140 141 140 136 137 139 141 135 134 136 138 139 140 136 137 136 136 138 140 141 142 143 145 147 148 148 144 120 112 113 107 116 117 124 128 132 130 133 131 129 127 125
147 146 144 143 142 140 139 137 135 136 137 138 139 141 142 145 146 144 142 140 142 144 147 148 148 146 143 142 141 140 139 138 138 138 136 136 136 139 139 140 140 138 139 141 138 138 139 140 142 143 140 139 137 138 140 136 139 142 143 144 145 147 147 142 117 120 115 107 111 126 125 129 134 133 131 130 127 125 123
147 145 144 143 141 140 138 136 135 136 136 138 140 142 142 145 146 145 144 143 143 143 147 148 149 147 146 144 142 141 140 139 138 136 135 136 138 138 140 142 142 141 141 142 142 141 141 141 142 143 143 140 137 140 141 140 140 143 143 143 144 146 146 140 127 128 115 118 121 124 131 132 134 131 130 128 127 124 122
146 145 144 142 142 140 139 138 138 138 138 139 140 143 143 144 145 145 146 146 146 146 147 148 149 149 146 145 144 142 142 141 140 137 137 136 135 138 137 140 143 143 143 143 143 143 142 139 143 145 145 142 143 144 145 145 145 145 145 144 144 146 144 134 133 132 128 125 128 135 131 133 133 130 128 126 126 124 122
146 145 144 143 142 141 140 140 139 139 140 141 141 143 144 145 145 146 147 147 148 148 148 148 149 149 147 146 144 143 143 142 141 140 139 138 139 141 141 143 144 145 144 144 144 144 144 144 146 148 149 148 148 148 147 146 146 146 145 144 144 145 143 138 132 129 130 132 137 132 130 133 131 128 126 124 124 124 123
146 145 144 143 142 141 141 141 141 140 140 141 142 143 144 144 145 145 147 148 148 148 148 148 149 150 149 148 145 143 143 142 141 141 140 141 142 142 144 144 145 145 146 145 144 145 147 147 149 150 150 150 149 148 148 147 145 145 145 144 142 145 143 140 136 135 135 138 135 132 131 131 130 127 126 126 125 125 124
146 145 145 144 143 143 142 142 142 141 141 142 143 144 144 144 145 145 146 148 148 148 149 148 149 150 150 149 147 144 142 142 143 144 144 143 144 144 144 144 144 145 146 147 147 148 149 149 151 152 153 152 150 149 148 147 146 144 144 144 144 143 142 140 138 138 137 135 133 131 130 129 127 125 125 126 126 125 125
146 145 145 144 143 143 143 143 142 142 142 143 144 144 144 144 145 146 147 148 149 149 149 148 148 149 150 150 148 147 145 145 144 144 145 145 145 145 145 146 145 146 147 148 148 149 151 151 152 152 153 154 151 148 148 148 147 145 144 143 144 143 142 140 138 136 136 136 134 133 132 131 128 126 126 126 126 126 125
146 146 145 145 144 144 144 144 144 144 144 144 145 145 145 145 145 146 148 149 150 150 150 150 150 151 151 151 149 147 147 145 145 146 145 145 146 145 146 147 147 147 146 147 148 149 150 152 152 152 152 153 151 148 147 147 147 145 144 143 142 142 141 140 140 140 138 138 136 133 133 132 131 129 128 128 127 127 126
146 146 146 145 145 144 144 144 145 145 144 145 145 146 145 146 146 147 147 149 150 151 150 149 150 152 152 151 150 149 148 147 147 146 145 145 145 145 146 147 148 148 148 147 148 149 150 151 152 152 152 151 150 149 147 146 147 146 144 142 141 139 140 141 141 141 139 139 137 135 132 133 132 131 130 129 128 128 127
146 146 146 146 145 145 145 145 145 146 145 146 146 147 146 147 148 148 148 149 151 152 151 151 151 152 152 152 151 150 149 148 147 147 146 145 145 146 146 147 147 148 148 147 148 149 149 150 150 150 150 150 149 148 147 147 146 145 143 139 138 138 141 143 142 141 140 139 139 136 133 132 133 133 131 130 129 129 128
147 147 146 147 146 146 146 145 146 146 146 147 147 147 147 148 149 149 149 150 151 152 153 152 152 153 153 153 152 150 149 148 147 148 147 146 145 145 145 146 147 147 148 148 148 148 148 148 148 148 147 147 147 146 146 145 144 144 141 140 140 142 144 144 143 140 141 140 139 137 134 134 134 134 132 131 130 130 129
147 147 147 147 147 146 147 146 147 146 147 148 147 148 149 149 150 150 151 151 152 153 154 153 153 153 154 154 152 151 150 149 148 146 147 147 146 145 145 145 146 147 148 149 148 148 147 147 146 145 145 146 146 144 143 143 143 142 142 142 143 143 142 140 141 142 142 141 139 139 136 135 135 135 133 132 132 132 130
148 148 148 147 147 147 147 148 148 148 148 148 149 149 150 150 150 151 152 152 152 154 154 154 153 153 154 154 153 151 150 149 148 147 147 147 146 145 145 145 145 146 147 148 148 148 147 146 145 144 144 144 143 142 141 140 140 140 142 143 139 139 139 139 140 140 140 141 140 140 138 137 137 136 135 134 133 132 130
150 149 148 148 148 148 148 148 148 149 149 149 150 150 151 151 152 152 153 154 153 154 155 155 154 153 153 154 153 152 151 150 147 147 146 145 145 146 145 145 145 145 146 146 146 146 146 146 146 144 143 142 141 139 138 136 137 139 140 140 139 137 138 138 138 139 139 139 139 139 140 138 138 136 135 134 133 131 130
150 150 149 149 149 149 149 149 148 148 149 150 150 151 151 152 153 154 154 155 155 155 155 156 155 154 154 154 153 152 151 150 148 147 146 145 145 144 145 145 145 145 144 144 144 144 144 145 144 145 143 142 139 137 135 136 136 137 138 138 137 136 137 137 136 137 138 138 138 139 138 138 137 136 135 134 133 132 131
150 150 150 150 150 150 150 150 149 150 150 150 150 151 151 152 153 153 154 155 156 156 156 157 156 155 154 154 153 153 152 150 148 147 146 144 144 143 143 143 143 144 144 143 143 142 143 142 142 143 143 142 139 137 135 135 136 136 135 135 135 136 136 137 136 137 138 138 138 138 138 138 137 136 135 135 133 132 131
150 150 150 150 150 151 151 151 150 151 151 152 152 152 152 152 153 153 154 155 156 157 158 158 157 157 155 154 153 152 151 150 148 147 145 144 142 141 141 141 141 142 143 143 142 142 140 135 138 139 142 142 140 137 135 134 134 136 136 135 135 136 136 137 137 137 138 138 138 138 138 138 137 136 136 135 134 133 132
151 152 151 151 151 151 151 152 151 152 152 153 153 154 154 154 155 155 156 156 156 157 157 158 158 158 156 155 153 152 151 150 148 146 145 143 141 139 138 138 139 140 141 142 142 142 140 136 138 140 142 142 141 138 134 133 133 134 136 136 136 136 136 137 137 138 138 138 138 138 138 138 137 136 136 135 134 133 132
152 151 152 151 151 151 152 152 152 152 152 152 153 154 155 155 156 156 157 157 157 157 158 158 158 159 157 156 154 152 150 149 147 146 144 141 139 137 136 136 136 138 139 141 142 142 141 139 137 139 141 142 142 138 134 131 131 133 134 135 136 136 136 137 137 138 138 138 138 138 138 138 137 136 136 135 134 133 133
152 152 152 152 152 152 152 152 151 152 152 152 153 153 154 155 155 156 157 158 158 158 159 159 159 159 158 156 154 152 150 148 146 145 141 139 137 136 134 135 136 136 137 138 141 142 142 142 140 140 142 144 143 138 134 129 130 132 134 135 135 136 137 137 138 138 138 138 138 138 138 137 137 137 136 135 135 134 133
152 152 152 151 152 151 151 151 152 152 152 153 153 154 154 155 155 156 157 158 159 159 159 160 161 160 159 157 154 152 150 148 145 143 141 138 136 135 133 135 134 135 136 137 139 142 143 139 143 145 146 147 144 141 136 131 131 132 135 135 136 137 137 137 137 138 138 138 138 138 138 137 137 137 136 136 135 134 134
153 152 152 151 151 151 152 152 152 152 153 153 153 153 154 154 155 156 157 158 159 160 161 161 161 160 159 156 153 152 148 145 143 142 140 138 136 133 133 134 134 135 136 137 138 141 144 143 143 145 146 149 146 144 138 132 133 134 135 136 137 137 137 138 138 138 138 138 138 138 138 138 137 137 136 136 135 135 134
155 154 153 152 153 153 153 152 152 152 152 152 152 152 153 154 155 155 155 156 157 158 160 160 159 159 157 154 152 148 145 142 140 138 136 135 135 134 133 133 135 136 137 138 140 142 142 146 147 149 149 149 149 146 142 136 134 136 136 137 137 137 138 138 138 138 138 138 138 138 138 138 137 137 136 136 135 135 134
155 155 154 154 154 154 154 153 153 153 153 153 153 153 153 153 154 154 154 155 156 157 158 157 157 156 155 151 149 146 142 139 137 135 133 131 132 130 133 133 133 134 135 135 137 138 141 146 148 151 152 150 149 148 146 140 136 136 137 137 138 138 138 138 138 138 138 138 138 138 138 138 137 137 136 136 135 135 135
156 156 156 155 155 154 154 154 154 153 153 153 153 153 154 153 153 154 154 155 156 156 156 155 154 154 152 149 146 143 141 138 136 135 133 131 128 129 130 128 130 131 131 132 136 138 141 143 146 149 152 151 151 149 147 144 139 137 138 138 138 139 139 138 139 138 139 139 138 138 138 138 137 137 136 136 135 135 135
157 157 157 156 156 155 155 155 154 154 153 153 153 153 154 154 154 154 155 155 155 155 154 152 151 151 150 147 144 143 141 139 137 134 131 129 128 128 128 127 127 127 128 131 133 134 138 140 142 142 144 146 147 148 148 146 143 138 138 138 138 139 138 139 139 139 139 139 139 138 138 138 137 137 136 136 135 135 135
157 156 155 152 153 153 154 155 154 154 154 154 153 153 154 153 153 153 154 153 154 154 153 151 149 148 148 146 145 143 141 139 135 132 129 127 127 126 123 123 120 119 118 121 125 127 133 136 140 140 140 140 143 143 144 145 145 140 138 138 138 138 139 139 139 139 139 139 139 138 138 138 137 137 136 136 135 135 135
158 158 156 154 155 155 154 154 155 154 154 154 153 153 152 151 152 151 152 152 153 152 151 150 148 148 147 146 145 143 141 137 134 131 129 127 123 119 115 113 113 117 122 120 120 127 129 134 138 140 140 138 138 140 142 143 143 143 139 138 138 138 139 139 139 139 139 139 139 139 138 138 137 137 136 136 135 135 135
158 158 159 158 158 157 156 155 155 154 154 154 153 152 150 149 150 150 151 151 152 151 151 150 149 148 147 146 144 142 140 136 133 131 127 123 119 115 112 111 115 118 118 118 124 130 131 134 137 140 140 140 139 139 139 141 142 142 141 139 138 139 139 139 139 140 139 139 139 139 138 138 138 137 136 136 135 135 136
159 159 158 158 158 158 157 156 155 154 154 153 152 151 149 148 148 149 150 151 151 150 150 149 148 148 146 145 144 142 139 134 131 126 123 121 117 113 111 110 113 119 123 125 127 130 133 135 138 140 141 142 140 138 138 140 141 142 143 141 139 139 139 140 140 140 139 139 139 139 139 138 138 137 137 136 136 136 137
160 160 160 160 158 157 158 157 154 154 154 153 151 150 149 148 148 149 150 150 149 148 148 148 147 147 145 142 138 133 132 124 121 118 117 114 114 113 111 114 117 120 123 124 126 129 131 134 136 140 141 142 142 140 138 139 140 141 141 142 140 140 140 140 140 140 140 140 139 139 139 139 138 138 138 137 137 137 138
162 162 162 161 160 159 157 157 156 155 154 152 150 149 147 147 147 148 149 150 148 146 141 141 146 146 144 132 132 136 138 131 127 123 121 119 115 115 115 118 121 121 122 123 126 128 131 134 137 139 141 143 143 142 140 139 140 141 141 142 142 141 140 140 140 140 140 140 140 139 139 139 139 138 138 138 138 138 139
163 163 163 163 162 160 159 158 157 155 154 152 150 148 147 147 147 148 149 149 147 142 140 145 146 145 144 143 143 142 139 134 130 126 123 122 120 119 120 120 120 120 122 124 126 128 130 133 135 138 140 142 144 143 141 140 139 140 141 141 141 142 142 141 140 141 140 140 140 140 140 140 140 140 139 139 140 140 140
165 165 165 164 163 161 160 159 157 155 154 151 150 148 147 147 147 147 148 148 146 144 145 145 144 143 142 142 142 140 138 132 128 125 121 121 123 124 124 124 123 124 125 126 127 128 131 133 135 137 139 140 142 143 143 141 140 140 141 142 142 143 142 141 141 141 141 141 141 140 140 140 140 140 140 140 140 141 141
