Part_1_SDMs/env_data/present_climate/bioclim_2.asc
NCOLS 888 
NROWS 876 
XLLCORNER -19 
YLLCORNER -35 
CELLSIZE 0.0833333333333333 
NODATA_value -32768 
[rows 630 to 664 of 876, columns 553 to 631 of 888]
139 139 138 137 137 136 136 135 134 133 133 132 131 130 129 129 130 131 132 132 133 132 131 131 132 130 130 129 129 130 133 129 129 133 136 133 132 127 129 135 135 133 132 131 129 127 125 124 122 120 119 120 120 121 122 123 124 125 125 127 126 130 134 138 139 140 141 143 144 141 140 142 142 138 137 131 125 119 118
139 138 137 137 136 136 135 135 134 133 133 132 131 130 129 130 130 131 131 132 132 132 131 131 132 130 129 128 129 131 134 136 137 137 137 135 133 129 133 136 134 131 130 128 127 127 125 124 122 120 119 121 120 120 122 122 122 124 126 128 127 130 135 138 140 141 142 144 144 143 143 141 140 139 136 129 125 120 118
139 138 137 137 136 136 135 134 134 133 132 131 131 130 130 130 131 131 131 131 132 132 131 135 137 137 137 136 135 136 137 137 137 137 136 137 133 131 134 136 133 129 127 126 126 126 125 123 121 119 120 121 122 121 121 121 121 122 124 126 130 132 129 135 140 142 143 144 144 140 142 142 140 138 132 132 125 121 118
139 138 137 137 136 135 135 134 134 132 132 131 131 131 131 131 131 132 132 132 133 135 137 138 139 138 138 137 138 138 137 137 135 131 132 131 133 135 135 135 129 126 127 127 126 124 123 122 122 121 121 123 123 123 122 120 121 122 124 126 129 130 132 133 138 141 143 143 144 142 141 141 140 139 136 131 127 122 117
139 138 137 137 136 136 135 134 134 133 132 131 130 131 130 131 131 131 131 132 135 138 138 139 138 138 138 138 137 137 136 135 131 130 130 131 133 135 134 135 132 130 130 129 126 123 122 123 123 122 122 124 124 123 122 121 120 121 122 124 127 126 128 133 132 141 144 143 144 143 141 140 140 138 135 130 130 124 116
140 139 138 137 137 136 135 135 134 133 132 131 130 130 130 130 131 130 130 131 135 137 136 135 136 138 137 133 132 132 133 133 130 125 130 132 134 135 134 134 133 133 131 128 125 123 123 123 124 124 123 125 125 123 122 122 120 120 121 123 126 128 135 135 137 140 143 142 143 144 142 141 140 138 135 131 130 126 118
140 139 139 139 137 136 136 135 135 134 133 132 131 131 130 130 130 130 130 130 130 129 130 129 135 136 131 128 128 130 130 130 127 128 129 129 132 136 136 134 135 132 129 124 123 124 125 123 124 125 125 125 126 124 123 123 122 121 121 122 123 128 135 138 141 143 145 143 143 144 142 140 139 137 136 134 129 123 117
141 140 140 139 138 137 137 136 136 134 133 132 132 131 130 130 131 130 130 129 129 129 129 129 131 130 128 127 128 129 129 130 128 128 131 133 136 138 138 137 135 132 125 122 125 126 126 125 125 126 127 126 127 125 124 124 123 121 122 127 129 132 131 137 140 143 144 145 143 144 142 141 140 138 136 135 132 127 120
142 142 141 141 140 139 138 137 136 135 134 132 131 130 130 130 131 131 130 129 129 129 129 129 128 126 127 127 127 128 128 129 128 133 133 132 134 137 138 136 135 128 123 126 126 128 128 127 127 127 128 128 128 127 125 124 127 124 125 129 132 135 135 137 141 143 144 145 144 144 142 141 140 138 136 136 133 130 126
144 143 142 142 141 140 139 138 137 135 133 131 130 128 127 130 131 131 131 130 129 128 129 129 127 126 125 125 124 127 129 126 126 131 133 135 135 136 137 138 136 132 129 130 130 131 131 130 129 128 128 130 130 127 126 128 131 127 125 133 134 137 138 141 143 142 144 143 145 145 143 140 139 138 137 136 132 133 130
145 144 144 143 142 141 140 139 138 136 132 129 127 125 124 126 129 130 130 130 130 128 129 127 125 125 125 126 127 128 130 129 128 134 135 135 136 137 137 138 137 135 133 134 133 133 132 133 131 131 130 131 132 130 131 132 134 132 135 139 143 144 145 146 145 142 142 145 145 146 144 141 138 137 137 136 135 133 129
146 145 145 144 143 143 141 140 139 137 133 129 126 123 122 122 124 126 128 128 129 129 129 126 125 125 126 127 128 131 133 132 135 135 133 134 134 136 138 138 138 136 134 133 135 134 135 134 134 133 132 130 132 136 134 138 139 139 141 144 147 147 150 150 149 147 145 142 144 145 144 141 137 134 136 136 135 133 132
147 146 146 145 144 143 142 141 140 138 136 132 129 125 122 122 123 125 126 128 128 128 127 127 126 126 124 125 129 133 134 136 137 135 132 132 132 135 138 138 137 138 138 138 139 138 136 137 139 139 138 134 135 138 141 141 143 145 145 148 150 152 153 152 151 149 146 143 142 144 143 141 138 134 132 135 134 132 131
147 147 147 146 145 144 143 142 141 140 138 135 132 129 126 127 127 127 127 127 126 125 124 124 127 128 127 130 135 137 137 138 138 138 137 135 133 135 137 139 139 140 140 141 141 140 138 138 141 143 143 144 144 145 145 145 147 148 148 151 152 153 154 154 152 150 144 142 137 140 140 142 137 136 134 133 133 131 130
148 148 147 147 146 145 144 143 142 141 139 136 134 131 128 127 129 130 130 129 127 124 125 125 125 129 137 137 137 137 137 136 136 137 137 135 128 133 132 139 140 140 141 141 141 142 142 143 143 144 145 145 145 146 146 147 148 149 150 151 152 153 153 153 151 149 147 143 141 142 141 141 140 137 134 133 131 128 129
149 148 148 148 147 146 145 144 143 141 140 137 136 133 129 129 131 132 132 131 132 133 133 134 136 137 137 137 136 136 136 135 136 136 135 135 134 132 136 139 139 141 141 140 141 142 143 143 144 145 145 145 145 146 147 145 146 148 150 151 151 151 151 150 148 147 146 146 144 143 141 141 139 137 134 132 131 128 127
149 149 148 148 148 147 146 144 142 141 139 137 135 134 132 130 131 135 136 138 138 138 138 138 137 137 136 136 136 136 135 135 135 134 132 129 131 134 137 138 140 141 141 141 141 142 142 143 145 145 145 145 145 145 146 146 145 147 147 149 150 150 149 147 146 145 144 144 143 141 140 138 136 136 135 132 130 127 125
150 149 149 149 148 148 147 145 142 139 137 136 135 132 131 132 132 134 138 139 139 138 138 137 136 136 136 135 135 134 134 134 134 133 128 131 132 136 137 138 140 141 142 140 141 142 143 145 145 145 145 145 145 144 146 145 142 142 143 148 149 149 147 145 144 143 142 142 141 140 139 138 136 135 133 132 129 126 125
150 150 149 149 148 148 147 145 143 140 136 135 135 134 132 132 135 135 138 138 137 138 137 135 135 135 134 135 134 133 133 133 134 134 134 134 135 137 139 140 140 141 142 141 141 143 144 145 146 146 146 146 146 145 145 145 143 143 146 147 148 147 145 145 143 144 142 142 141 139 138 137 135 133 131 130 129 126 125
150 150 149 149 148 147 146 144 142 140 137 134 134 135 136 134 131 131 136 138 138 137 135 134 134 133 133 132 132 131 130 131 132 133 135 136 137 138 139 140 140 142 143 143 143 144 145 146 146 147 147 147 147 147 146 145 145 145 145 144 144 144 142 142 144 144 143 142 141 140 138 137 135 133 131 130 128 126 124
150 150 149 149 148 147 146 144 141 139 136 134 132 133 134 136 134 137 138 137 137 136 134 132 130 127 126 128 127 126 126 125 128 133 135 137 138 138 139 140 142 142 143 143 143 145 146 146 147 147 147 147 147 147 147 147 146 145 142 141 142 142 143 142 143 145 144 143 141 140 135 136 135 132 130 128 126 125 124
150 150 149 148 147 146 145 144 143 140 136 136 134 135 137 139 139 138 137 137 136 135 131 127 126 124 123 125 125 124 123 124 125 128 131 134 137 134 135 140 142 143 143 143 144 145 146 147 147 147 148 148 147 147 147 146 146 145 142 143 144 144 143 143 143 143 144 143 142 140 136 135 134 132 130 128 126 125 125
150 150 149 148 146 146 144 144 143 143 141 138 137 138 140 139 138 138 138 136 134 132 128 127 126 126 124 123 123 122 121 122 124 129 130 134 132 129 128 133 135 137 137 140 143 144 146 147 147 147 148 148 147 147 144 143 143 145 144 145 145 145 145 144 144 142 143 143 143 141 139 136 134 133 132 129 128 126 126
150 149 148 147 146 145 144 143 143 143 143 142 142 141 140 139 139 138 137 136 132 131 129 129 129 127 125 123 122 121 120 123 127 127 130 130 129 125 129 133 130 129 127 128 134 134 134 134 130 133 132 137 139 138 138 133 134 139 142 142 141 141 142 142 142 142 142 142 142 141 140 138 136 134 133 131 130 129 127
150 149 148 146 145 144 143 143 143 144 142 142 141 141 141 140 139 138 137 135 133 130 130 130 129 127 125 122 121 121 120 123 122 124 130 127 127 127 129 132 129 128 128 126 127 124 130 132 130 127 128 131 133 133 133 135 138 139 139 137 137 137 138 139 139 139 140 140 139 139 139 138 137 135 133 133 131 128 127
150 149 147 146 145 144 144 144 144 143 141 142 142 141 141 140 139 138 137 135 133 132 131 130 128 126 124 123 123 122 120 120 121 124 127 126 125 126 128 131 130 128 129 126 124 123 125 130 131 129 132 134 135 136 137 137 137 139 137 135 137 138 138 139 139 138 137 135 136 136 137 138 138 136 134 133 132 129 127
150 149 147 146 145 145 144 144 144 144 143 142 142 141 141 139 138 138 137 135 134 133 132 129 127 126 126 124 122 121 120 120 122 125 126 127 126 126 128 131 133 133 128 127 125 123 122 130 130 132 135 137 138 139 139 140 140 139 139 139 139 140 141 141 140 140 138 137 138 138 138 139 138 137 136 134 132 130 128
150 148 147 146 145 145 144 145 144 144 143 142 141 141 140 139 138 137 136 135 134 133 131 128 127 126 125 124 122 121 120 122 123 124 126 128 128 127 128 131 134 134 129 127 124 122 125 129 130 133 137 138 138 139 139 141 142 142 143 143 143 143 141 140 139 139 139 138 136 135 136 136 137 137 136 134 132 129 129
149 148 146 146 145 144 144 144 144 143 143 142 141 140 139 139 138 136 132 130 131 129 130 128 127 126 124 123 123 122 121 122 123 126 129 130 129 128 129 133 135 135 131 128 123 122 126 127 129 132 136 137 138 138 139 142 144 144 144 143 143 141 141 141 139 138 138 137 134 133 133 134 135 136 136 135 133 130 130
148 147 146 145 144 144 144 144 143 143 142 142 141 139 139 138 137 134 129 129 130 130 129 128 127 126 126 125 123 123 123 123 126 128 130 131 130 129 130 135 134 134 132 128 122 123 125 129 133 136 136 136 137 139 142 142 141 141 144 142 142 142 141 140 137 136 135 134 134 134 134 135 136 137 135 134 133 131 130
147 146 145 144 144 144 144 143 143 142 142 141 140 139 137 137 133 129 129 130 131 132 131 130 129 128 127 125 124 125 126 126 127 130 131 132 132 130 132 134 133 133 131 126 121 122 126 131 134 135 134 138 139 141 143 145 144 145 142 140 141 140 139 138 135 133 134 135 135 135 134 135 137 136 134 133 133 131 131
146 145 145 144 145 144 143 143 142 141 141 140 140 138 136 136 135 133 133 133 134 133 133 131 130 129 128 127 127 127 127 127 128 131 132 133 134 131 136 135 133 132 130 124 123 125 130 133 135 136 139 138 141 144 146 147 145 143 138 140 138 138 134 136 132 133 133 133 134 134 133 135 136 134 133 132 132 132 132
145 144 144 144 144 143 143 142 141 140 139 139 138 138 137 136 136 135 134 133 134 133 133 132 132 130 129 129 128 129 130 130 130 131 134 135 135 134 138 136 136 134 132 124 127 131 135 137 140 141 144 144 143 144 145 146 140 139 138 138 134 136 133 131 130 131 132 132 133 133 134 135 135 132 131 130 131 131 132
144 144 144 143 143 143 142 141 140 138 138 137 137 137 136 136 135 135 134 133 134 133 133 133 134 134 133 133 132 132 133 132 132 132 134 136 135 137 139 137 137 136 131 128 129 135 138 141 143 144 144 147 148 149 149 143 140 138 135 135 131 131 129 129 128 125 129 133 133 134 135 135 133 131 129 129 127 131 131
144 144 143 143 143 142 141 139 139 137 138 136 137 137 136 136 136 135 133 133 134 133 133 133 133 134 135 135 134 134 134 134 135 134 135 137 137 140 138 136 137 136 132 131 132 135 138 141 141 140 142 146 148 144 141 141 138 133 133 134 129 124 123 124 126 129 132 132 133 130 132 134 130 129 128 128 129 129 129
