Part_1_SDMs/env_data/present_climate/bioclim_11.asc
NCOLS 888 
NROWS 876 
XLLCORNER -19 
YLLCORNER -35 
CELLSIZE 0.0833333333333333 
NODATA_value -32768 
[rows 280 to 314 of 876, columns 0 to 78 of 888]
-32768 -32768 -32768 -32768 -32768 -32768 -32768 -32768 -32768 -32768 -32768 -32768 -32768 -32768 -32768 -32768 -32768 -32768 222 -32768 -32768 232 233 234 236 237 238 239 239 240 241 243 247 249 247 244 243 242 242 242 243 243 244 244 245 245 246 247 248 248 249 249 249 249 250 250 251 251 251 252 252 252 252 252 251 251 250 250 250 249 248 249 250 251 251 252 252 252 254
-32768 -32768 -32768 -32768 -32768 -32768 -32768 -32768 -32768 -32768 -32768 -32768 -32768 -32768 -32768 -32768 -32768 -32768 -32768 -32768 -32768 -32768 234 235 237 238 238 239 240 241 242 244 246 247 247 246 245 244 244 244 244 244 244 244 245 246 247 247 248 248 248 248 249 249 249 250 250 251 252 252 252 252 252 252 252 252 252 251 250 250 249 250 250 251 252 253 254 254 254
-32768 -32768 -32768 -32768 -32768 -32768 -32768 -32768 -32768 -32768 -32768 -32768 -32768 -32768 -32768 -32768 -32768 -32768 -32768 -32768 -32768 -32768 -32768 236 237 238 239 240 240 242 243 244 246 247 248 248 247 246 246 245 245 244 244 245 245 247 248 247 246 247 248 248 249 249 250 250 251 251 251 251 252 253 253 253 254 253 252 252 251 251 251 252 251 252 253 254 254 254 255
-32768 -32768 -32768 -32768 -32768 -32768 -32768 -32768 -32768 -32768 -32768 -32768 -32768 -32768 -32768 -32768 -32768 -32768 -32768 -32768 -32768 -32768 -32768 -32768 238 238 239 240 241 242 243 244 244 247 248 249 249 247 247 246 245 245 245 245 246 247 246 246 247 248 249 249 249 249 250 250 250 251 252 252 253 253 254 254 254 254 253 253 253 252 253 253 253 253 254 254 255 255 256
-32768 -32768 -32768 -32768 -32768 -32768 -32768 -32768 -32768 -32768 -32768 -32768 -32768 -32768 -32768 -32768 -32768 -32768 -32768 -32768 -32768 -32768 -32768 -32768 239 239 240 241 242 243 244 244 245 248 250 251 251 250 248 248 246 245 245 245 246 247 246 247 248 248 248 248 248 249 249 249 250 251 252 252 253 254 254 255 255 254 254 254 254 254 254 255 254 254 256 256 256 256 257
-32768 -32768 -32768 -32768 -32768 -32768 -32768 -32768 -32768 -32768 -32768 -32768 -32768 -32768 -32768 -32768 -32768 -32768 -32768 -32768 -32768 -32768 -32768 -32768 -32768 240 241 242 243 244 245 246 248 251 254 254 253 251 249 249 247 246 247 246 246 246 247 248 247 247 247 248 248 248 248 249 249 251 251 252 254 254 255 255 255 256 256 256 255 256 255 255 255 255 256 257 257 257 257
-32768 -32768 -32768 -32768 -32768 -32768 -32768 -32768 -32768 -32768 -32768 -32768 -32768 -32768 -32768 -32768 -32768 -32768 -32768 -32768 -32768 -32768 -32768 -32768 -32768 241 242 243 244 246 247 248 250 253 256 257 255 253 251 250 248 248 246 246 246 246 246 247 247 247 247 248 248 248 248 248 249 250 251 252 254 254 255 256 256 256 256 256 257 256 256 256 255 256 257 258 258 257 257
-32768 -32768 -32768 -32768 -32768 -32768 -32768 -32768 -32768 -32768 -32768 -32768 -32768 -32768 -32768 -32768 -32768 -32768 -32768 -32768 -32768 -32768 -32768 -32768 -32768 -32768 243 244 245 247 248 249 251 253 255 256 254 252 250 249 247 246 246 245 246 246 247 247 248 248 248 248 248 248 248 248 249 250 250 252 253 255 255 257 257 258 258 257 257 257 256 256 256 257 258 258 258 258 257
-32768 -32768 -32768 -32768 -32768 -32768 -32768 -32768 -32768 -32768 -32768 -32768 -32768 -32768 -32768 -32768 -32768 -32768 -32768 -32768 -32768 -32768 -32768 -32768 -32768 -32768 243 244 246 247 249 250 251 253 253 254 253 251 249 248 247 247 247 247 247 247 247 248 248 248 249 248 248 248 247 248 248 249 250 252 253 255 256 258 258 258 259 258 257 257 257 257 257 258 258 259 259 258 258
-32768 -32768 -32768 -32768 -32768 -32768 -32768 -32768 -32768 -32768 -32768 -32768 -32768 -32768 -32768 -32768 -32768 -32768 -32768 -32768 -32768 -32768 -32768 -32768 -32768 -32768 244 245 247 248 250 251 251 252 252 252 251 249 248 247 247 248 247 247 247 248 249 248 250 250 249 248 247 247 247 247 247 248 250 251 253 255 257 259 260 259 259 258 257 257 258 258 258 258 259 259 259 259 259
-32768 -32768 -32768 -32768 -32768 -32768 -32768 -32768 -32768 -32768 -32768 -32768 -32768 -32768 -32768 -32768 -32768 -32768 -32768 -32768 -32768 -32768 -32768 -32768 -32768 -32768 -32768 245 247 249 250 251 252 252 251 250 249 248 247 247 248 247 247 247 248 248 250 250 250 249 250 249 248 247 246 246 246 247 248 249 252 255 257 259 259 259 258 258 257 257 258 259 258 258 258 259 259 259 259
-32768 -32768 -32768 -32768 -32768 -32768 -32768 -32768 -32768 -32768 -32768 -32768 -32768 -32768 -32768 -32768 -32768 -32768 -32768 -32768 -32768 -32768 -32768 -32768 -32768 -32768 -32768 -32768 247 249 250 251 252 252 251 249 247 246 246 246 247 247 247 248 249 250 251 252 252 252 252 250 249 247 245 244 245 246 247 249 250 252 255 257 257 257 257 257 256 257 257 257 257 258 259 259 259 259 259
-32768 -32768 -32768 -32768 -32768 -32768 -32768 -32768 -32768 -32768 -32768 -32768 -32768 -32768 -32768 -32768 -32768 -32768 -32768 -32768 -32768 -32768 -32768 -32768 -32768 -32768 -32768 246 248 249 250 251 252 252 251 249 247 246 246 247 247 247 248 249 249 251 251 252 253 253 253 251 249 246 245 244 244 245 245 246 247 249 251 253 255 256 256 256 256 257 257 257 257 257 259 259 258 259 259
-32768 -32768 -32768 -32768 -32768 -32768 -32768 -32768 -32768 -32768 -32768 -32768 -32768 -32768 -32768 -32768 -32768 -32768 -32768 -32768 -32768 -32768 -32768 -32768 -32768 -32768 -32768 -32768 -32768 250 250 251 253 253 251 247 246 246 247 247 248 249 249 250 250 251 251 251 253 254 255 253 250 247 245 244 242 243 243 243 245 247 249 249 252 253 253 254 254 256 256 257 257 258 259 259 259 259 258
-32768 -32768 -32768 -32768 -32768 -32768 -32768 -32768 -32768 -32768 -32768 -32768 -32768 -32768 -32768 -32768 -32768 -32768 -32768 -32768 -32768 -32768 -32768 -32768 -32768 -32768 -32768 242 245 249 250 251 253 255 251 247 247 246 247 247 248 249 249 250 250 249 250 251 252 253 252 251 249 246 243 240 240 242 243 243 243 242 244 248 249 250 252 253 254 255 257 256 258 259 258 258 259 260 259
-32768 -32768 -32768 -32768 -32768 -32768 -32768 -32768 -32768 -32768 -32768 -32768 -32768 -32768 -32768 -32768 -32768 -32768 -32768 -32768 -32768 -32768 -32768 -32768 -32768 -32768 239 239 241 247 248 249 251 251 249 246 246 245 246 246 246 247 247 248 249 248 248 250 250 251 250 248 246 244 241 239 240 244 244 243 242 239 241 245 246 249 251 252 252 254 255 257 258 258 258 258 258 259 259
-32768 -32768 -32768 -32768 -32768 -32768 -32768 -32768 -32768 -32768 -32768 -32768 -32768 -32768 -32768 -32768 -32768 -32768 -32768 -32768 -32768 -32768 -32768 -32768 -32768 -32768 238 238 239 242 245 247 248 248 247 246 245 245 245 246 246 246 247 247 247 248 248 249 249 249 248 247 245 242 240 238 239 244 244 242 241 240 240 243 247 248 249 251 251 253 254 256 256 257 257 257 258 258 259
-32768 -32768 -32768 -32768 -32768 -32768 -32768 -32768 -32768 -32768 -32768 -32768 -32768 -32768 -32768 -32768 -32768 -32768 -32768 -32768 -32768 -32768 -32768 -32768 -32768 -32768 238 238 239 240 243 245 245 245 245 244 244 245 245 245 246 247 246 247 247 247 248 248 248 247 247 246 244 242 240 239 240 241 242 242 241 241 241 242 246 246 248 250 252 252 254 255 256 257 257 257 259 260 261
-32768 -32768 -32768 -32768 -32768 -32768 -32768 -32768 -32768 -32768 -32768 -32768 -32768 -32768 -32768 -32768 -32768 -32768 -32768 -32768 -32768 -32768 -32768 -32768 -32768 -32768 238 239 238 240 241 243 243 244 244 243 244 244 244 245 245 246 246 246 247 247 246 246 246 247 246 245 243 241 241 240 240 242 243 241 241 241 242 243 246 247 248 249 252 252 253 254 256 256 257 258 259 259 261
-32768 -32768 -32768 -32768 -32768 -32768 -32768 -32768 -32768 -32768 -32768 -32768 -32768 -32768 -32768 -32768 -32768 -32768 -32768 -32768 -32768 -32768 -32768 -32768 -32768 -32768 239 238 239 240 240 242 243 243 243 244 244 244 244 245 246 246 246 246 246 246 246 245 245 245 245 244 243 242 241 241 240 242 243 242 241 242 242 243 245 247 248 249 251 253 254 255 256 257 258 258 258 259 259
-32768 -32768 -32768 -32768 -32768 -32768 -32768 -32768 -32768 -32768 -32768 -32768 -32768 -32768 -32768 -32768 -32768 -32768 -32768 -32768 -32768 -32768 -32768 -32768 -32768 -32768 239 239 240 240 241 243 243 243 243 244 245 245 246 246 246 245 245 245 245 245 244 244 244 244 243 243 243 241 241 240 240 242 243 242 241 241 242 243 244 246 248 248 251 253 253 254 254 256 257 257 257 257 258
-32768 -32768 -32768 -32768 -32768 -32768 -32768 -32768 -32768 -32768 -32768 -32768 -32768 -32768 -32768 -32768 -32768 -32768 -32768 -32768 -32768 -32768 -32768 -32768 -32768 -32768 239 240 241 241 242 243 243 243 244 244 246 245 245 245 245 245 246 246 246 245 244 244 243 243 243 243 242 241 241 240 240 241 241 241 242 242 243 243 244 245 249 248 250 251 253 254 255 255 255 256 257 258 258
-32768 -32768 -32768 -32768 -32768 -32768 -32768 -32768 -32768 -32768 -32768 -32768 -32768 -32768 -32768 -32768 -32768 -32768 -32768 -32768 -32768 -32768 -32768 -32768 -32768 -32768 240 241 242 242 242 243 244 244 244 245 246 245 245 245 245 246 247 246 245 245 245 244 243 242 242 242 242 241 240 240 241 241 241 241 241 241 242 244 244 245 249 248 249 250 253 255 256 257 257 257 259 259 261
-32768 -32768 -32768 -32768 -32768 -32768 -32768 -32768 -32768 -32768 -32768 -32768 -32768 -32768 -32768 -32768 -32768 -32768 -32768 -32768 -32768 -32768 -32768 -32768 -32768 -32768 241 242 242 243 244 244 245 245 246 247 246 246 246 245 246 247 246 245 245 244 244 243 242 242 242 242 242 241 241 240 241 240 240 240 241 241 242 243 245 245 248 248 248 250 251 253 254 254 258 259 260 261 260
-32768 -32768 -32768 -32768 -32768 -32768 -32768 -32768 -32768 -32768 -32768 -32768 -32768 -32768 -32768 -32768 -32768 -32768 -32768 -32768 -32768 -32768 -32768 -32768 -32768 -32768 242 242 243 244 245 246 247 247 248 247 248 247 247 247 246 247 246 246 245 245 244 244 244 243 242 242 241 241 240 241 240 240 240 240 241 241 242 243 244 246 247 249 251 251 252 253 254 252 256 257 258 261 260
-32768 -32768 -32768 -32768 -32768 -32768 -32768 -32768 -32768 -32768 -32768 -32768 -32768 -32768 -32768 -32768 -32768 -32768 -32768 -32768 -32768 -32768 -32768 -32768 -32768 -32768 243 243 244 244 246 247 247 248 247 247 247 247 247 247 248 247 246 246 246 246 246 245 244 244 244 243 242 242 241 241 239 239 239 240 240 240 241 243 244 244 242 245 250 250 252 252 252 253 253 257 258 260 256
-32768 -32768 -32768 -32768 -32768 -32768 -32768 -32768 -32768 -32768 -32768 -32768 -32768 -32768 -32768 -32768 -32768 -32768 -32768 -32768 -32768 -32768 -32768 -32768 -32768 -32768 243 244 244 245 246 247 247 248 248 247 247 247 247 247 247 247 247 247 248 247 247 247 246 245 245 243 243 243 242 240 239 238 238 239 240 240 242 243 242 242 242 245 250 251 252 252 251 250 253 256 257 258 259
-32768 -32768 -32768 -32768 -32768 -32768 -32768 -32768 -32768 -32768 -32768 -32768 -32768 -32768 -32768 -32768 -32768 -32768 -32768 -32768 -32768 -32768 -32768 -32768 -32768 -32768 243 244 245 245 246 247 247 248 248 248 248 248 247 247 248 248 248 248 248 247 248 247 246 246 245 245 245 244 241 240 238 236 237 238 239 240 243 243 244 246 248 249 249 251 251 252 251 252 253 254 254 248 246
-32768 -32768 -32768 -32768 -32768 -32768 -32768 -32768 -32768 -32768 -32768 -32768 -32768 -32768 -32768 -32768 -32768 -32768 -32768 -32768 -32768 -32768 -32768 -32768 -32768 -32768 -32768 -32768 245 246 246 247 248 248 248 248 248 249 249 248 248 248 248 248 248 247 248 247 248 247 247 247 246 244 242 240 238 236 237 238 239 241 243 244 245 246 248 249 249 251 251 251 247 251 248 250 252 246 242
-32768 -32768 -32768 -32768 -32768 -32768 -32768 -32768 -32768 -32768 -32768 -32768 -32768 -32768 -32768 -32768 -32768 -32768 -32768 -32768 -32768 -32768 -32768 -32768 -32768 -32768 -32768 -32768 -32768 247 247 248 248 248 248 248 249 248 249 249 248 248 248 248 248 248 249 248 249 249 249 249 247 245 243 241 240 238 238 239 241 242 243 244 245 245 246 248 250 251 251 251 250 249 246 253 251 234 236
-32768 -32768 -32768 -32768 -32768 -32768 -32768 -32768 -32768 -32768 -32768 -32768 -32768 -32768 -32768 -32768 -32768 -32768 -32768 -32768 -32768 -32768 -32768 -32768 -32768 -32768 -32768 -32768 -32768 -32768 -32768 248 248 248 248 248 248 248 249 249 248 248 249 249 249 249 249 249 250 250 250 250 249 247 245 243 242 240 240 241 242 242 243 245 245 246 247 249 250 250 251 248 250 248 247 247 240 223 226
-32768 -32768 -32768 -32768 -32768 -32768 -32768 -32768 -32768 -32768 -32768 -32768 -32768 -32768 -32768 -32768 -32768 -32768 -32768 -32768 -32768 -32768 -32768 -32768 -32768 -32768 -32768 -32768 -32768 -32768 -32768 248 248 249 249 249 249 249 249 249 249 250 250 250 250 250 250 250 250 251 250 249 248 247 245 244 243 242 242 243 243 244 245 244 243 244 248 250 250 251 251 250 248 243 249 237 233 224 232
-32768 -32768 -32768 -32768 -32768 -32768 -32768 -32768 -32768 -32768 -32768 -32768 -32768 -32768 -32768 -32768 -32768 -32768 -32768 -32768 -32768 -32768 -32768 -32768 -32768 -32768 -32768 -32768 -32768 -32768 -32768 -32768 249 248 248 248 249 250 249 249 250 250 250 251 251 251 251 251 251 250 250 250 248 247 246 245 244 244 244 242 243 244 245 245 243 241 247 249 249 252 250 249 246 246 245 241 237 237 223
-32768 -32768 -32768 -32768 -32768 -32768 -32768 -32768 -32768 -32768 -32768 -32768 -32768 -32768 -32768 -32768 -32768 -32768 -32768 -32768 -32768 -32768 -32768 -32768 -32768 -32768 -32768 -32768 -32768 -32768 -32768 -32768 249 249 249 249 250 249 250 250 250 251 252 252 252 251 251 250 250 250 250 249 249 248 247 246 246 245 245 243 244 246 246 246 245 242 248 249 249 252 252 248 245 245 247 248 229 228 221
-32768 -32768 -32768 -32768 -32768 -32768 -32768 -32768 -32768 -32768 -32768 -32768 -32768 -32768 -32768 -32768 -32768 -32768 -32768 -32768 -32768 -32768 -32768 -32768 -32768 -32768 -32768 -32768 -32768 -32768 -32768 -32768 -32768 -32768 249 249 250 250 250 250 251 254 253 253 252 251 250 250 250 250 250 250 249 248 248 247 248 247 245 244 246 245 247 244 243 243 249 247 247 251 250 250 246 246 246 244 230 230 226
