Part_1_SDMs/env_data/present_climate/bioclim_10.asc
NCOLS 888 
NROWS 876 
XLLCORNER -19 
YLLCORNER -35 
CELLSIZE 0.0833333333333333 
NODATA_value -32768 
[rows 140 to 174 of 876, columns 553 to 631 of 888]
290 290 290 290 289 291 292 292 287 284 283 282 282 286 289 291 292 292 292 292 292 293 293 293 293 291 289 288 289 290 288 288 288 289 290 290 290 290 291 292 292 292 292 292 292 292 292 291 289 287 287 286 285 286 287 290 295 298 299 301 301 299 291 292 297 301 301 308 309 304 300 297 296 292 285 279 273 273 276
290 290 290 289 290 291 292 293 290 286 284 283 282 283 286 289 292 292 292 293 293 293 293 293 294 295 295 294 293 290 289 288 288 289 290 290 290 290 291 291 292 292 291 292 292 292 291 291 290 288 288 288 287 288 289 288 291 297 301 303 304 297 293 302 308 311 312 313 311 302 295 295 297 295 288 282 277 276 273
289 290 291 290 292 292 293 294 293 290 286 285 284 284 284 285 288 290 291 292 293 294 293 293 292 293 295 295 295 295 292 290 290 289 289 290 290 290 291 291 291 292 291 292 292 292 292 292 290 290 289 289 289 289 290 290 291 292 300 305 306 303 301 311 312 313 314 315 315 310 305 301 301 299 294 288 284 281 279
291 292 292 292 294 293 293 293 295 293 291 289 290 291 289 285 287 289 290 291 292 293 291 292 292 292 293 293 292 292 292 292 292 291 288 287 290 292 297 298 294 293 294 293 292 293 292 292 291 291 290 289 290 291 291 291 293 296 302 305 308 310 311 312 313 311 307 306 317 314 310 305 304 302 299 294 289 286 282
293 293 291 290 293 293 293 294 295 296 296 296 296 297 298 298 293 290 288 289 290 291 291 290 290 291 291 290 291 290 288 287 288 289 289 289 291 292 293 296 298 301 302 296 293 292 292 292 292 291 291 290 291 292 292 293 294 297 303 306 304 310 311 311 309 304 301 314 318 316 313 310 307 305 302 298 294 289 283
292 292 291 290 291 293 293 295 295 297 298 298 299 299 300 301 302 303 298 289 287 288 289 290 290 290 290 290 291 290 289 289 288 290 290 289 292 291 288 292 295 300 303 296 292 292 292 292 292 292 292 292 293 293 294 294 295 296 300 300 299 308 308 301 299 299 307 318 318 315 312 312 310 307 304 301 296 292 287
292 291 291 291 292 293 294 294 295 298 299 299 299 299 300 301 302 303 303 294 288 289 287 287 286 286 287 287 288 287 287 287 287 286 286 290 291 292 290 295 293 297 305 301 293 292 292 292 292 292 292 292 293 294 295 295 296 297 298 298 299 301 301 300 298 300 313 319 317 313 309 309 309 308 305 302 298 293 290
292 291 291 291 292 293 294 294 295 297 299 299 299 300 300 302 302 303 304 299 302 304 304 298 288 286 287 288 287 287 286 285 285 288 290 295 300 298 301 304 303 304 306 304 296 293 293 292 291 292 292 293 294 294 296 296 297 298 298 299 298 299 299 301 308 317 320 319 315 311 304 306 305 306 305 303 299 293 291
292 292 291 292 293 294 294 295 295 296 298 298 298 300 301 302 303 304 303 301 305 307 306 293 294 298 299 298 289 287 286 286 286 286 286 289 295 303 304 305 299 304 308 306 300 294 294 293 292 292 292 292 293 295 296 296 298 298 298 298 298 298 300 313 319 320 319 317 314 308 298 298 303 305 303 302 299 294 289
292 292 291 292 292 293 294 294 295 295 296 297 298 300 301 302 303 304 302 305 306 307 309 308 307 308 307 302 293 292 288 286 286 285 285 286 293 303 304 306 302 306 310 309 305 294 294 294 293 293 292 292 293 294 296 296 297 297 298 297 297 300 310 316 319 317 312 309 312 308 298 293 303 305 302 301 299 294 289
291 292 292 291 292 293 293 294 295 295 296 297 298 299 301 302 303 302 302 304 304 305 308 308 308 308 308 307 305 296 288 286 286 286 286 287 298 305 304 306 308 309 311 310 304 295 295 294 294 294 293 293 293 295 297 296 297 297 298 297 296 299 307 316 318 314 305 302 307 308 303 302 302 304 303 300 299 296 291
292 292 292 292 292 292 293 293 294 295 296 297 298 300 302 302 301 303 302 302 302 303 305 307 308 308 308 307 307 304 301 294 288 287 288 297 303 305 305 307 309 311 314 312 303 296 296 296 296 295 295 296 295 295 297 298 297 297 297 297 296 296 303 311 319 320 316 312 310 306 304 304 304 305 305 301 301 298 294
292 292 293 293 293 293 293 294 295 295 295 297 299 300 302 303 302 302 301 299 298 301 304 306 308 307 306 305 305 307 307 305 304 303 303 304 305 306 306 309 311 313 315 314 302 297 298 298 297 297 297 297 297 297 298 298 299 299 298 297 297 297 296 301 317 320 318 314 309 308 308 307 307 305 305 302 302 300 296
292 292 293 292 293 293 293 294 295 296 296 297 298 299 300 301 303 302 298 298 300 302 304 305 306 305 303 303 303 304 306 307 309 308 307 307 306 306 307 310 313 315 315 314 310 300 298 299 299 299 299 299 298 299 299 299 299 299 300 299 299 299 299 306 316 319 320 318 314 312 310 308 309 308 308 306 304 302 298
292 293 293 294 293 293 295 296 296 296 296 297 297 298 300 302 302 300 300 301 302 304 304 304 303 302 302 302 303 305 305 305 306 306 307 307 308 307 307 311 314 316 316 315 313 307 299 300 300 300 300 301 299 300 300 300 300 300 301 301 300 301 304 313 316 318 319 319 319 315 312 312 312 309 307 307 306 304 300
292 292 293 294 295 294 296 296 297 298 298 299 300 300 301 302 300 300 302 302 303 304 303 302 301 303 301 303 304 305 306 306 306 306 306 307 308 308 309 313 314 316 316 315 314 312 303 301 301 301 301 301 300 300 300 300 300 300 301 302 301 301 301 305 315 317 318 318 319 319 316 315 311 311 309 308 307 305 302
291 291 293 294 294 295 295 296 297 297 298 299 300 301 301 302 300 301 301 302 303 304 302 301 302 303 301 303 303 306 306 306 307 306 306 308 308 309 311 314 315 317 317 316 313 312 309 307 302 302 302 302 301 301 301 301 301 302 302 302 302 302 302 304 314 317 318 318 318 319 316 313 311 311 310 309 308 306 304
291 292 293 294 295 295 295 296 297 297 298 298 299 299 300 301 301 301 301 302 303 302 301 301 302 302 302 304 306 306 306 306 306 305 306 308 309 311 314 315 316 318 318 317 313 313 312 310 303 302 303 303 302 302 301 302 302 302 302 302 302 303 305 309 315 318 319 318 318 319 317 314 313 312 310 309 309 307 305
291 293 294 294 295 294 295 296 297 298 297 298 298 299 301 301 302 302 302 301 301 301 301 301 303 302 304 306 306 306 305 305 305 306 307 308 311 313 315 315 316 319 320 314 308 309 311 311 306 303 303 303 303 303 302 302 303 303 303 302 302 303 304 307 313 320 320 319 317 318 317 316 314 313 312 312 310 309 306
291 292 293 294 295 296 296 297 298 298 298 298 299 300 301 302 302 303 302 301 301 301 299 302 303 305 306 306 306 305 306 305 306 307 308 309 311 313 315 317 318 320 321 310 305 305 309 310 307 305 304 304 304 304 304 303 303 304 304 304 304 304 304 304 314 320 320 320 318 318 318 316 314 314 315 313 311 311 309
291 292 293 293 295 297 297 298 298 298 298 299 300 300 301 302 302 302 302 301 301 301 301 303 304 305 305 305 306 306 306 306 307 309 309 310 311 314 316 318 318 320 321 321 311 306 308 308 307 307 305 305 306 306 306 306 306 306 306 305 306 305 305 307 319 322 322 321 320 319 320 317 317 317 317 315 314 313 311
289 291 293 294 295 296 297 298 298 298 299 299 301 302 303 303 305 304 303 301 301 302 302 304 305 305 305 305 306 306 306 307 308 310 311 311 313 315 316 317 318 319 321 321 320 307 308 308 309 310 308 307 307 307 308 308 308 309 308 308 308 307 307 312 323 324 323 323 321 321 321 322 323 321 321 319 316 314 312
288 290 292 294 295 295 297 298 299 299 300 301 301 302 302 304 305 306 307 306 306 307 307 305 304 305 305 305 305 306 307 307 309 310 312 313 314 316 316 317 318 319 321 322 321 315 309 309 310 311 308 309 308 309 309 309 309 310 310 310 310 309 312 322 325 324 325 325 324 325 325 326 326 324 323 322 320 317 315
287 289 291 293 294 297 299 300 300 300 301 301 302 302 304 304 306 307 308 307 307 308 307 307 305 304 304 304 305 305 306 306 309 311 313 315 316 317 316 316 316 318 321 322 319 312 310 311 312 313 312 309 310 310 310 310 310 311 311 311 311 312 321 325 325 318 325 328 328 330 332 329 327 324 322 322 321 319 316
287 290 293 296 298 301 301 301 301 300 302 302 303 304 304 305 306 307 308 308 307 308 307 306 305 305 304 304 304 305 307 308 308 311 312 314 315 316 315 315 315 318 321 321 320 313 312 313 313 314 312 310 311 311 311 311 311 312 312 312 312 312 318 326 326 328 330 331 332 333 330 329 327 325 323 321 321 319 316
288 295 299 300 301 301 301 301 301 301 302 303 304 305 306 306 307 308 308 308 308 307 306 305 305 306 305 305 306 308 309 309 310 311 313 315 315 316 316 317 317 320 321 321 313 315 318 318 317 314 311 311 312 312 312 312 312 312 313 313 312 311 316 324 327 331 333 333 333 336 332 330 328 325 323 321 321 320 318
289 296 298 299 300 301 301 301 301 302 303 304 305 307 307 307 308 308 308 309 308 307 306 306 306 307 307 307 308 309 310 310 311 312 313 314 316 318 319 319 320 321 322 322 315 318 319 319 316 317 314 313 313 313 313 313 313 313 314 313 312 313 318 319 319 328 334 334 335 338 335 331 328 324 323 320 318 318 318
290 297 297 299 301 301 301 301 303 303 304 304 305 307 307 308 309 309 309 309 309 308 307 306 307 309 309 309 309 310 311 312 312 312 313 315 317 319 319 320 321 322 322 321 322 319 317 318 315 314 315 315 314 314 314 313 314 315 315 315 317 316 320 320 320 329 334 336 337 339 336 332 328 324 322 320 318 316 315
295 298 298 300 301 302 302 303 303 304 304 305 306 308 308 309 309 309 309 310 309 308 307 307 308 310 310 310 311 312 313 313 314 313 313 315 318 318 320 322 322 322 322 323 322 321 316 315 315 315 315 316 316 316 316 317 317 316 316 317 316 318 323 325 330 334 335 337 337 338 335 331 328 325 320 317 316 315 315
297 298 300 300 301 302 303 304 304 305 305 306 307 308 308 309 310 310 310 311 310 309 308 308 309 311 312 312 312 314 315 315 315 315 315 316 319 320 322 322 323 321 322 322 320 320 318 315 316 316 317 317 318 318 319 317 316 317 316 316 316 322 324 329 332 335 336 337 337 337 335 333 330 326 324 321 317 314 313
299 300 300 301 302 303 303 304 305 306 307 307 308 308 309 310 310 310 311 311 311 310 309 310 310 311 313 313 314 314 315 316 316 315 315 316 318 320 322 322 323 322 321 321 320 320 317 316 316 317 317 318 319 320 319 318 318 318 317 317 319 320 322 329 333 335 335 336 335 337 336 333 331 327 323 321 317 314 314
299 300 300 299 302 303 305 305 306 307 308 308 308 309 310 311 311 311 311 312 312 311 311 311 311 312 313 313 314 315 316 316 317 316 317 318 320 321 322 322 323 322 321 321 321 320 318 317 318 319 319 319 320 320 320 320 320 318 317 317 318 319 318 327 334 335 335 336 336 337 335 333 328 325 321 321 318 315 313
296 298 297 297 302 304 306 306 307 308 308 309 309 309 310 311 312 312 313 313 313 312 312 313 312 313 314 314 315 315 316 316 316 316 317 319 321 323 323 323 322 322 321 321 321 319 318 319 322 321 320 321 320 319 319 319 318 318 317 317 318 319 323 331 334 335 336 336 335 336 335 332 328 326 324 322 319 316 313
295 295 295 299 302 305 306 307 308 308 309 309 310 310 311 312 312 313 313 314 314 313 313 313 314 314 315 315 316 317 318 317 317 318 319 320 322 324 323 322 324 324 322 322 324 321 320 321 322 321 321 321 320 319 318 317 317 316 317 319 320 322 329 332 334 335 335 335 336 335 334 330 327 324 323 322 319 317 314
296 293 294 298 301 305 307 309 309 309 310 310 311 311 312 312 313 313 314 314 315 315 314 314 315 315 316 316 317 317 318 318 318 319 320 322 323 323 323 324 325 325 325 326 324 322 321 322 322 322 321 322 320 321 322 319 319 320 320 326 327 328 331 332 334 334 335 334 335 334 333 331 327 321 321 321 318 317 315
