Part_1_SDMs/env_data/present_climate/bioclim_16.asc
NCOLS 888 
NROWS 876 
XLLCORNER -19 
YLLCORNER -35 
CELLSIZE 0.0833333333333333 
NODATA_value -32768 
[rows 245 to 279 of 876, columns 553 to 631 of 888]
50 50 50 51 51 50 50 50 50 50 50 50 50 50 50 50 50 50 49 49 50 50 50 49 49 49 49 48 49 49 50 50 51 51 51 51 52 53 52 52 50 51 51 52 52 52 53 52 51 52 50 49 49 48 47 46 47 48 47 47 47 47 47 48 48 49 50 50 50 51 51 52 52 53 55 53 53 53 53
53 53 53 53 53 53 53 53 53 52 52 52 52 52 52 52 52 52 52 51 51 52 51 51 51 51 50 51 51 52 52 53 53 54 53 54 56 55 53 53 52 53 54 54 54 55 55 54 53 52 51 51 50 49 48 49 49 50 51 50 51 49 49 50 52 52 51 52 52 52 54 54 56 56 57 56 56 55 56
55 57 57 57 56 55 55 55 55 55 55 56 56 54 54 54 54 55 55 53 54 54 54 54 54 53 54 54 55 55 55 56 56 57 58 57 58 58 55 54 54 55 56 58 58 58 57 57 57 56 54 53 53 52 51 50 51 52 53 54 54 53 52 53 53 54 55 56 56 56 56 57 59 59 58 58 59 59 60
58 59 59 59 59 58 57 58 58 58 58 58 58 57 57 57 56 57 56 56 56 56 56 56 57 57 56 58 57 57 58 59 59 60 61 61 60 59 58 55 57 57 59 60 60 60 59 59 59 57 56 55 54 54 53 53 55 55 56 57 56 55 55 56 57 58 58 58 59 58 59 61 63 62 62 62 62 62 63
63 63 62 61 61 61 61 61 61 61 61 61 60 60 60 59 59 60 59 59 60 58 58 59 59 59 60 60 59 60 60 61 63 63 64 64 62 60 60 58 58 59 61 65 65 63 63 63 61 59 58 57 56 55 54 56 57 57 59 59 60 59 58 58 60 61 62 62 62 63 62 64 67 65 65 65 66 66 67
66 66 66 65 64 64 64 64 64 64 64 64 62 62 62 61 61 61 61 62 62 62 62 62 62 63 63 64 62 64 65 66 66 66 66 66 63 61 61 60 60 60 64 67 67 66 66 66 63 62 60 59 58 57 57 57 58 59 60 61 61 60 61 62 63 64 65 65 65 67 66 68 69 69 69 70 70 70 70
70 69 68 68 67 67 66 66 66 66 66 66 66 66 66 63 63 64 64 64 64 64 64 64 64 65 66 66 66 67 68 68 68 67 67 64 62 62 62 62 64 64 65 66 71 70 69 68 65 64 62 61 59 59 59 58 60 61 62 62 64 64 63 64 65 67 68 68 68 69 69 69 72 74 73 73 74 74 74
73 72 72 70 70 70 70 70 70 70 68 68 68 68 68 68 68 68 67 68 66 67 66 66 67 67 70 68 70 71 72 71 69 65 64 64 65 65 65 66 66 66 66 67 71 73 72 70 67 66 64 63 61 60 59 61 61 62 63 65 65 64 65 67 68 70 71 72 72 72 71 72 73 74 74 76 77 78 79
78 75 75 74 74 73 72 72 72 72 72 72 72 71 70 70 70 70 70 71 71 70 69 70 70 71 73 73 73 74 74 68 67 68 67 67 67 67 67 67 68 68 68 68 72 76 76 74 71 68 67 66 64 63 62 62 63 63 65 65 66 66 67 69 70 72 71 73 74 76 76 76 76 77 78 79 81 82 83
81 80 79 78 77 76 76 76 75 75 74 74 74 74 74 74 73 73 73 73 73 73 73 73 73 75 78 78 78 75 70 70 70 69 70 70 73 72 72 69 69 69 71 71 72 76 79 76 74 71 69 69 68 65 64 64 63 66 66 67 68 69 70 71 72 74 73 73 76 78 79 81 81 82 82 84 84 86 87
83 83 82 82 82 80 80 78 79 79 78 76 76 76 76 76 76 76 76 76 76 75 75 75 76 80 82 82 77 74 74 73 73 74 74 76 77 75 74 73 73 74 74 74 74 77 81 81 77 74 72 72 71 67 67 67 66 66 68 69 70 70 72 73 73 74 75 76 77 80 81 84 85 86 86 87 88 90 93
88 88 87 85 84 84 83 82 82 82 81 81 81 81 80 79 78 78 78 78 78 78 78 79 80 85 85 81 76 76 76 76 76 77 78 85 80 80 79 75 75 78 79 78 78 81 84 82 80 76 75 73 73 71 69 69 68 68 69 71 71 73 74 75 76 78 79 80 80 82 82 85 87 87 90 92 95 97 99
92 91 90 88 87 86 86 86 85 85 84 84 84 83 83 83 83 83 83 81 81 80 81 80 81 84 83 80 80 79 78 78 78 78 82 88 82 84 83 79 79 80 82 83 80 84 87 84 81 79 78 77 76 75 72 71 71 71 71 72 74 74 77 77 78 80 81 81 81 83 86 89 89 94 96 100 102 102 105
96 94 92 92 92 91 91 89 88 88 88 88 87 86 85 85 85 85 85 85 84 83 83 83 83 82 82 82 82 82 82 82 82 83 83 85 85 87 86 82 82 83 85 86 84 85 88 88 84 82 80 79 79 77 76 74 73 73 73 74 76 77 78 79 80 81 83 84 84 86 90 92 95 98 102 106 109 109 111
100 98 96 96 96 94 94 93 93 92 91 91 91 90 90 89 87 87 87 87 87 87 86 86 86 86 85 86 85 85 85 86 86 85 86 88 90 88 87 86 87 87 87 87 87 88 89 89 87 85 84 84 83 81 77 76 75 76 76 76 79 80 82 82 82 85 85 85 88 93 95 98 101 104 107 113 116 118 119
104 102 102 100 99 99 99 97 96 95 95 94 94 93 92 92 92 91 91 91 90 90 90 89 89 90 90 89 88 88 88 90 90 90 90 91 92 91 90 90 93 93 89 91 92 92 94 93 90 88 86 88 85 83 80 79 78 78 79 79 81 83 84 85 85 85 87 91 93 97 99 103 107 109 113 120 123 126 128
108 108 106 105 103 102 101 101 100 100 98 98 98 96 96 94 94 94 93 93 93 93 93 93 94 94 94 94 92 91 91 91 92 93 95 95 95 95 94 94 97 98 94 96 97 98 97 95 94 92 90 88 88 84 82 82 80 81 81 84 84 86 87 86 87 88 89 93 97 102 106 110 113 116 119 124 130 135 137
114 112 111 109 108 107 106 106 103 102 103 102 101 100 99 99 98 98 98 97 96 96 96 97 98 98 98 98 96 96 95 95 96 96 97 98 96 97 97 97 100 101 101 103 103 103 101 99 96 94 92 91 89 87 86 85 84 83 85 86 87 88 89 88 88 89 92 97 102 108 113 117 120 121 126 131 137 142 145
118 117 116 113 113 112 110 108 108 107 107 106 105 104 104 101 101 100 100 100 100 101 101 101 102 102 102 102 101 99 99 98 99 98 99 99 99 100 102 103 103 103 105 106 106 108 104 102 100 98 96 94 94 90 88 87 86 87 87 89 89 91 91 90 90 91 94 99 106 112 118 122 125 128 133 138 144 150 153
121 119 119 119 118 115 114 113 111 111 111 111 110 107 106 106 105 105 105 103 103 103 104 105 106 106 107 105 105 105 103 103 103 103 103 103 103 103 105 105 107 107 106 108 110 110 108 106 103 101 100 99 96 93 91 91 89 89 90 91 94 94 94 93 92 93 97 103 109 116 123 127 132 135 139 146 152 156 161
121 120 122 124 122 120 118 117 116 116 116 114 112 111 110 110 109 108 108 108 107 108 109 109 110 110 111 110 109 108 108 106 106 106 107 107 107 106 109 109 110 112 112 112 113 114 111 108 106 104 102 102 100 98 94 94 93 93 94 95 97 97 97 97 95 96 101 107 114 121 126 131 136 140 145 151 157 164 168
125 125 126 127 125 123 123 122 122 121 121 117 116 116 113 112 112 112 111 111 112 112 113 114 115 115 115 113 113 112 112 111 110 111 111 113 112 112 112 112 114 116 114 115 117 116 114 110 108 106 105 103 103 101 99 97 97 98 98 100 100 102 100 100 98 101 106 113 119 125 129 135 140 144 148 155 161 167 172
130 130 132 132 129 128 129 128 125 123 123 122 119 118 117 117 116 115 115 114 114 115 117 117 120 120 119 118 118 118 117 115 114 114 117 117 116 114 117 116 118 117 118 119 121 120 116 114 111 108 106 107 106 104 102 102 102 103 103 105 105 106 106 106 108 110 115 120 125 130 135 141 145 148 154 159 165 169 174
136 134 138 138 134 134 135 132 131 128 125 124 123 123 122 120 120 119 119 119 119 120 120 121 123 124 124 123 123 123 121 120 118 119 120 119 119 120 120 120 122 121 122 122 123 124 122 119 114 112 110 109 108 107 105 106 106 107 108 108 109 109 111 113 116 120 123 128 133 137 141 147 151 154 158 165 169 173 178
140 139 139 140 139 141 140 136 136 133 130 129 128 126 126 124 123 124 124 122 122 123 125 126 127 129 130 128 127 126 125 124 122 122 122 122 122 125 124 125 125 126 127 125 126 128 127 125 120 118 117 115 113 111 110 109 111 111 114 112 113 114 115 119 123 127 131 136 141 144 150 153 156 159 164 168 172 176 180
145 144 144 146 145 146 144 141 140 137 135 133 132 131 129 128 127 127 127 127 127 128 128 129 132 134 135 134 132 131 130 127 127 126 127 128 128 128 128 129 129 129 130 132 132 132 131 128 126 125 122 120 118 116 114 114 114 116 119 117 119 120 122 124 127 132 137 142 148 153 156 158 161 163 167 171 176 180 184
150 148 151 151 151 150 147 146 143 142 139 137 137 136 134 132 131 131 131 130 131 132 132 134 135 138 139 140 137 135 133 133 132 131 130 133 133 133 133 133 135 135 136 137 137 135 134 132 131 129 128 126 124 120 118 119 119 122 120 123 123 126 126 127 131 137 144 151 156 160 163 165 166 167 171 176 181 184 187
154 153 156 157 157 153 150 150 147 145 143 143 142 141 139 137 136 135 135 135 136 136 137 138 139 141 144 145 142 140 138 137 136 136 135 136 137 138 138 139 140 141 142 142 141 138 137 135 134 131 131 130 128 126 124 123 124 126 125 126 129 130 131 131 134 141 150 159 165 169 172 171 171 170 173 179 185 187 191
159 159 160 159 160 158 157 155 152 151 149 149 147 146 142 141 141 140 140 138 140 139 141 143 145 145 145 148 146 143 142 142 141 141 141 142 144 142 143 145 148 147 145 143 142 141 140 138 138 137 135 133 132 130 129 128 128 128 129 131 133 133 134 135 136 144 155 166 173 178 180 177 173 173 175 181 186 191 197
164 164 164 164 163 163 163 160 157 155 155 154 152 149 147 146 145 144 143 143 144 144 144 147 148 148 151 151 148 147 147 146 146 145 146 147 148 147 147 150 156 149 147 145 145 144 142 141 141 142 140 139 137 136 135 134 135 135 135 135 137 137 136 139 141 149 160 169 177 182 185 184 176 172 177 182 190 197 204
166 169 169 169 167 166 166 165 163 160 162 160 158 155 152 151 150 148 147 148 149 148 148 149 150 153 154 154 152 152 152 150 150 151 152 151 151 150 152 155 165 154 148 149 149 147 147 145 145 144 144 142 142 142 141 142 142 143 141 140 142 141 141 142 147 154 163 172 179 185 189 186 176 174 180 187 196 202 210
171 174 174 172 171 171 170 169 166 168 167 165 164 162 157 156 155 152 151 152 152 153 152 152 153 154 155 156 157 157 155 154 155 155 156 157 155 155 155 154 154 152 152 151 150 149 150 149 149 148 147 146 146 144 146 146 147 147 146 145 145 144 145 147 152 158 166 175 182 188 191 189 184 184 188 197 203 212 218
177 177 176 179 177 175 174 174 173 171 169 168 167 164 161 161 159 156 156 156 157 158 157 157 156 157 158 159 160 160 158 158 160 160 158 159 160 160 157 156 156 156 157 155 155 154 153 152 152 153 152 151 151 150 150 151 151 152 151 150 151 149 148 150 156 164 172 180 188 195 198 198 197 197 201 207 215 224 231
181 181 179 180 181 180 179 176 176 174 173 172 169 167 166 165 162 161 160 160 163 164 163 162 161 160 160 162 164 165 164 163 163 163 161 161 169 165 162 161 161 162 161 160 158 157 156 156 156 156 156 156 156 156 155 157 157 158 157 158 157 154 154 157 163 171 178 187 196 204 209 211 212 213 215 220 228 236 241
184 186 185 181 182 184 184 182 181 179 178 177 173 172 170 168 166 166 165 165 168 170 169 168 164 163 164 165 167 168 168 167 166 166 166 165 167 165 166 167 166 166 164 164 163 162 161 160 161 160 159 160 161 161 161 161 163 165 165 167 166 163 164 167 172 178 186 194 205 214 220 224 228 232 235 239 244 248 253
