Part_1_SDMs/env_data/present_climate/bioclim_5.asc
NCOLS 888 
NROWS 876 
XLLCORNER -19 
YLLCORNER -35 
CELLSIZE 0.0833333333333333 
NODATA_value -32768 
[rows 70 to 104 of 876, columns 316 to 394 of 888]
421 421 420 419 419 418 417 416 415 414 413 412 411 410 408 407 406 404 402 401 399 398 396 394 392 391 389 386 385 384 383 381 378 375 372 369 368 368 371 371 372 371 371 370 370 370 370 371 371 370 368 365 362 359 356 354 352 350 349 348 348 349 351 352 355 362 358 352 352 363 357 357 351 351 352 353 351 351 351
422 421 420 420 419 418 418 417 416 415 414 413 412 411 409 408 406 405 403 402 400 399 396 395 393 391 389 387 386 384 382 380 378 375 373 370 366 365 365 369 369 370 369 369 369 369 370 371 372 372 370 366 363 361 359 357 355 354 353 353 353 354 355 352 355 358 349 348 352 352 346 345 347 352 353 354 354 354 354
423 422 422 421 420 419 419 418 417 416 415 414 413 411 410 409 407 406 404 403 401 399 397 395 394 392 391 388 386 383 381 379 377 375 372 370 367 364 361 362 362 365 361 365 367 367 368 369 370 370 366 363 363 360 358 354 353 353 355 355 355 358 358 356 356 354 350 353 353 351 348 346 348 351 356 357 358 357 357
423 423 422 421 420 420 419 418 417 416 415 414 413 412 411 409 408 406 405 403 402 400 398 396 394 392 391 388 385 382 379 377 376 374 372 370 367 365 362 360 358 356 353 352 358 353 358 356 354 353 353 352 358 353 352 352 353 355 356 357 358 359 360 359 359 357 352 354 357 353 354 354 354 355 358 360 361 361 360
424 424 423 422 422 421 420 419 418 417 416 415 414 413 412 410 409 407 406 404 402 401 399 397 394 392 390 388 385 382 379 378 376 373 372 370 368 365 362 360 357 355 353 351 349 348 345 345 344 344 345 347 350 352 352 353 354 356 358 359 360 361 362 362 362 360 356 358 361 356 357 359 360 359 361 362 364 365 365
425 424 423 423 422 421 420 420 419 418 417 416 415 413 412 411 409 408 406 405 403 401 399 397 395 392 390 388 385 383 381 379 376 373 371 368 366 364 362 359 357 354 352 350 349 347 345 345 345 345 346 347 349 351 353 355 355 357 358 360 361 363 364 365 365 364 361 362 365 360 360 362 364 364 364 365 365 367 366
425 425 424 423 423 422 421 421 420 419 418 417 416 414 413 412 410 409 407 406 404 402 400 397 395 393 391 388 386 383 379 376 374 371 368 364 363 362 359 356 353 351 351 350 348 346 345 346 347 347 348 349 350 352 355 356 356 358 358 360 362 363 365 366 367 367 366 367 367 365 364 364 366 368 367 367 367 368 367
426 426 425 424 423 423 422 421 420 420 419 417 416 415 414 413 411 410 408 406 404 402 400 398 396 394 391 389 386 382 379 375 371 367 364 360 359 358 356 353 351 350 350 349 348 347 346 347 348 349 350 350 352 353 356 357 358 359 360 361 363 365 366 367 368 370 369 370 369 369 369 368 368 369 370 369 369 369 368
427 426 425 425 424 424 423 422 421 421 419 418 417 416 415 413 412 411 409 407 405 403 401 399 397 394 391 389 386 382 378 374 371 368 363 360 357 355 353 352 350 349 349 348 349 348 348 348 349 350 350 351 354 354 356 358 359 359 361 362 364 366 367 368 369 371 372 373 372 371 370 371 371 371 371 371 371 371 370
427 427 426 426 425 424 424 423 422 421 420 419 418 417 416 414 413 412 410 408 406 404 402 399 397 395 392 389 386 383 379 375 372 367 363 359 356 353 351 349 349 348 348 348 348 349 349 349 350 351 352 352 354 356 358 359 360 360 362 363 365 367 368 369 370 372 373 373 373 373 373 373 373 373 373 373 372 372 371
428 427 427 426 426 425 424 424 423 422 421 420 419 418 417 415 414 412 411 409 407 405 403 400 398 395 393 390 387 383 380 375 372 368 363 359 355 351 348 347 346 347 347 347 347 348 349 350 351 352 353 354 355 357 359 360 361 362 363 364 365 367 369 370 371 372 372 372 373 372 373 373 374 375 374 374 373 372 370
428 428 427 427 426 426 425 424 424 423 422 421 420 419 418 416 415 413 412 410 408 406 404 402 399 396 393 391 387 384 381 377 373 368 363 359 354 349 347 345 345 346 345 347 347 347 348 350 352 353 354 354 356 357 359 360 361 363 364 365 366 368 369 370 371 372 372 372 372 372 373 373 373 374 374 374 373 371 368
429 429 428 428 427 427 426 425 425 424 423 422 421 420 419 418 416 415 413 411 410 407 405 403 400 397 395 391 388 385 381 377 373 369 364 359 354 349 345 344 345 345 346 347 347 348 348 351 352 353 353 354 355 357 360 361 362 363 365 366 368 368 368 369 370 371 370 369 369 369 372 372 372 373 374 374 373 371 368
430 429 429 428 428 427 427 426 425 424 424 423 422 421 420 419 417 416 414 413 411 409 406 404 402 399 396 393 390 386 382 378 374 370 364 359 355 350 346 343 344 344 345 345 347 348 349 351 352 353 354 355 356 358 360 362 362 363 365 367 368 369 368 368 369 367 366 366 366 367 371 373 373 373 374 373 373 371 368
430 430 429 429 429 428 427 427 426 425 425 424 423 422 421 420 419 417 416 414 412 410 408 405 403 400 397 394 391 387 383 379 375 370 365 361 356 351 346 343 343 345 346 346 347 348 349 351 353 354 355 356 357 358 359 360 361 362 363 366 368 369 368 367 366 366 367 367 367 367 366 370 374 373 374 374 373 372 370
431 430 430 430 429 428 428 427 427 426 425 424 424 423 422 421 420 418 417 416 414 412 410 407 405 402 399 396 393 389 385 380 376 372 368 364 358 353 349 346 346 346 346 347 348 349 351 352 354 355 356 357 358 359 360 361 362 362 362 364 367 368 366 366 366 367 367 367 368 368 368 370 374 374 373 372 373 372 371
431 431 431 430 429 429 429 428 428 427 426 426 425 424 423 422 421 420 419 417 415 413 411 409 407 404 401 398 394 391 387 383 379 374 370 365 361 357 352 350 349 349 349 349 350 351 353 354 355 356 357 358 359 360 361 362 362 363 363 364 365 366 366 366 367 367 367 367 368 370 371 372 374 375 372 373 373 373 372
432 432 431 431 430 430 429 429 428 428 427 426 426 425 424 423 422 421 420 419 417 415 413 411 408 406 403 400 396 393 388 384 380 376 372 368 365 360 357 353 352 351 351 351 352 353 354 355 356 357 358 359 359 360 362 363 363 364 364 365 365 366 366 367 367 367 368 368 368 369 370 374 374 375 374 373 373 373 372
432 432 431 431 431 430 430 430 429 429 428 427 427 426 425 424 423 422 421 420 419 417 415 413 411 408 405 402 399 395 391 387 383 379 375 371 367 363 360 356 355 354 354 354 354 355 355 356 357 358 359 360 361 362 362 363 364 364 364 365 366 366 367 367 368 368 368 368 368 369 371 371 373 373 374 372 370 372 372
433 432 432 432 431 431 431 430 430 429 429 428 427 427 426 425 424 424 423 422 420 419 417 415 413 410 407 404 401 397 394 390 386 381 377 373 370 367 363 361 359 357 358 357 357 357 357 358 359 359 360 361 362 364 364 364 365 365 366 366 367 367 368 368 368 368 368 368 369 369 370 371 371 373 372 369 370 370 371
433 433 432 432 431 431 431 431 430 430 429 429 428 428 427 426 426 425 424 423 422 420 419 417 415 413 410 407 404 400 397 392 389 384 380 377 373 370 367 365 363 362 361 361 360 359 359 359 360 361 362 363 364 364 365 365 366 366 366 367 368 368 369 369 369 369 369 369 369 370 370 370 371 372 369 370 370 368 369
433 433 433 432 432 432 432 432 430 431 430 429 429 428 428 427 427 426 425 424 423 422 421 420 418 416 413 410 407 404 400 395 391 387 383 380 376 372 370 367 366 365 364 363 361 361 361 362 362 362 364 365 365 365 365 365 366 367 367 368 368 369 369 369 369 370 370 369 370 370 370 371 371 370 370 370 369 368 369
434 433 433 433 433 432 433 432 431 431 430 430 430 429 429 428 427 426 426 425 425 424 423 422 421 419 416 413 410 407 403 399 395 390 386 382 378 375 373 371 369 368 366 364 363 364 364 363 364 364 365 366 366 366 366 366 367 367 368 368 368 369 369 369 370 370 370 370 370 370 370 370 370 370 370 370 370 369 368
434 433 433 433 433 433 432 432 432 431 431 431 430 430 429 428 428 427 427 427 426 425 425 424 424 423 420 416 412 408 405 402 397 394 390 386 382 379 376 374 372 370 369 368 367 367 367 366 365 365 366 366 366 367 367 367 368 368 368 369 369 369 370 370 370 370 370 371 371 370 370 370 370 370 370 369 369 369 369
434 434 433 433 434 432 432 433 432 432 431 431 431 431 429 428 429 428 428 427 427 427 426 426 426 426 423 419 414 409 405 404 401 397 392 389 385 382 379 376 374 371 371 370 369 369 368 368 367 366 367 367 367 367 367 368 368 369 369 369 369 370 370 370 370 371 371 371 371 370 370 370 370 370 369 369 368 369 368
434 434 434 434 434 433 433 433 432 432 432 431 431 431 429 429 429 428 428 428 427 427 427 427 427 425 423 420 415 410 405 405 403 399 395 393 387 384 380 378 376 373 372 371 370 370 370 369 369 368 368 368 368 368 368 368 369 369 370 370 370 370 370 370 371 371 371 371 371 371 370 370 370 370 369 369 369 368 367
434 434 434 434 435 434 433 433 432 432 432 432 432 429 429 430 429 428 429 428 428 428 428 426 426 424 422 419 416 411 407 406 404 400 397 394 390 386 381 379 377 375 373 372 371 371 370 370 370 370 369 369 369 369 369 369 369 370 370 371 371 371 371 371 371 371 371 371 371 371 371 370 370 370 370 370 369 369 368
434 434 434 435 434 434 433 433 432 432 433 432 431 430 430 430 430 430 430 429 429 429 429 425 424 423 421 418 416 413 408 405 404 401 398 395 392 389 385 380 378 377 375 374 373 372 372 371 371 371 370 370 370 370 370 370 370 371 371 371 371 371 371 371 371 371 371 371 372 372 372 371 370 370 370 370 370 370 369
435 435 435 435 434 434 433 433 432 434 433 432 431 431 431 431 431 430 430 431 430 429 428 424 422 421 419 417 415 412 409 406 403 402 399 396 393 389 386 384 380 378 377 375 375 374 373 372 372 372 372 371 371 371 371 371 371 371 372 372 372 372 372 372 372 372 372 372 372 372 372 372 371 371 371 370 370 370 370
436 435 435 434 434 433 433 433 433 433 432 432 432 432 432 431 430 429 430 430 429 428 426 424 421 419 417 415 412 411 409 405 401 401 399 396 392 388 384 383 381 379 378 377 376 375 374 374 373 373 373 372 372 372 372 372 372 372 372 372 373 373 373 372 372 372 372 372 372 372 372 372 371 371 371 371 371 370 370
436 435 435 434 433 433 433 434 433 433 432 431 432 432 431 430 430 430 430 428 428 426 425 422 419 417 415 414 412 409 409 406 402 401 399 397 392 387 385 383 382 381 380 378 378 377 376 375 374 374 374 373 373 373 373 373 373 373 373 373 373 373 373 373 373 373 373 373 373 373 372 372 372 371 371 371 371 371 371
435 435 435 434 433 433 433 434 434 433 433 433 431 431 430 429 429 430 429 426 425 423 422 420 419 416 414 412 410 408 407 404 401 399 398 394 390 388 386 384 383 381 381 380 379 378 377 377 376 375 375 375 374 374 374 374 374 374 374 374 374 374 373 373 373 373 373 373 373 373 373 373 373 372 372 372 372 372 372
435 434 434 434 434 434 434 435 434 433 432 432 432 430 430 431 429 428 427 425 423 421 420 419 418 416 414 412 410 407 404 401 399 397 395 392 390 389 387 386 384 382 382 381 380 379 378 377 377 376 376 375 375 375 375 375 375 374 374 374 374 374 374 374 374 373 373 373 373 374 373 373 373 373 372 372 373 373 373
435 435 434 434 434 434 434 434 433 432 432 431 431 430 430 429 428 427 426 424 422 420 419 418 416 415 413 411 410 408 404 402 399 397 395 393 391 390 387 386 385 383 383 381 381 380 379 379 378 377 377 376 376 376 376 375 375 375 375 375 375 375 375 374 374 374 374 374 374 374 374 374 374 373 373 373 373 373 374
435 435 435 435 435 434 433 433 432 431 431 431 430 431 431 429 427 426 424 422 421 419 418 416 415 414 412 411 409 406 404 402 400 398 396 394 392 390 388 387 385 384 383 382 382 381 380 379 378 378 377 377 377 376 376 376 375 375 375 376 376 376 375 374 374 374 375 375 375 375 374 374 374 373 374 373 373 373 374
