Part_1_SDMs/env_data/present_climate/bioclim_8.asc
NCOLS 888 
NROWS 876 
XLLCORNER -19 
YLLCORNER -35 
CELLSIZE 0.0833333333333333 
NODATA_value -32768 
[rows 105 to 139 of 876, columns 553 to 631 of 888]
151 150 151 151 151 151 150 148 146 128 148 147 129 129 127 125 124 123 124 139 138 138 136 135 135 135 134 134 134 134 133 133 132 131 136 139 140 142 143 143 143 142 143 144 146 147 140 144 146 139 137 134 128 124 123 121 125 115 112 114 107 108 125 138 139 145 148 -32768 -32768 148 157 153 129 119 106 103 96 99 101
151 151 151 150 150 150 150 148 147 149 147 145 143 142 142 126 125 124 123 122 122 122 120 120 120 119 119 119 119 134 134 134 133 134 136 139 141 142 142 145 144 143 144 127 146 147 151 136 138 137 133 130 127 125 126 125 123 120 117 122 124 135 139 141 143 146 166 -32768 -32768 -32768 -32768 155 153 128 136 122 120 111 95
149 149 148 149 148 132 132 132 131 131 145 143 141 141 141 141 140 139 139 140 140 125 139 138 137 136 136 136 136 136 136 135 134 135 120 140 142 119 140 143 127 126 125 127 128 148 134 172 137 135 130 129 128 128 128 127 127 125 121 131 136 138 138 138 138 139 164 -32768 -32768 -32768 -32768 -32768 141 151 123 134 117 120 118
144 145 144 146 145 146 146 130 129 128 126 126 124 124 124 124 123 123 124 125 126 126 124 124 123 121 121 121 121 121 120 120 119 118 137 139 139 137 136 139 124 124 125 126 129 186 134 171 136 134 131 130 129 130 130 130 130 130 133 135 136 133 130 126 117 122 161 166 -32768 -32768 -32768 -32768 -32768 146 145 125 104 105 104
143 145 146 146 144 144 147 144 143 126 125 125 125 124 124 124 123 123 124 124 126 126 125 125 134 133 122 122 122 121 138 138 138 137 136 137 136 136 131 132 135 134 122 135 139 133 134 169 169 169 132 132 130 131 131 131 132 133 133 133 131 121 110 91 93 117 160 165 -32768 -32768 -32768 -32768 -32768 163 136 142 114 101 102
146 147 146 146 144 144 144 143 142 141 124 124 124 123 123 124 124 123 123 124 125 124 125 125 125 126 134 133 133 133 133 132 132 131 130 130 129 128 131 132 133 133 134 137 140 141 130 130 167 168 131 131 131 131 131 131 131 132 129 123 112 97 87 87 99 126 138 161 165 -32768 -32768 -32768 -32768 159 133 131 137 114 109
182 181 181 143 142 141 141 140 140 177 177 175 175 176 123 124 123 124 124 124 124 122 124 124 125 125 125 134 134 134 134 134 133 132 132 131 130 129 130 131 131 133 137 139 140 141 140 128 126 130 132 131 130 130 129 128 125 125 122 119 114 103 89 91 115 127 135 158 163 149 -32768 -32768 -32768 165 140 137 124 111 115
143 180 179 177 139 178 178 177 176 176 125 125 124 124 123 123 123 122 123 123 125 124 124 123 124 126 126 125 125 124 124 135 135 134 133 132 131 130 131 132 133 136 138 140 140 140 137 127 127 125 128 130 129 128 127 127 126 124 121 114 105 93 94 98 118 125 131 154 161 149 -32768 -32768 -32768 150 139 156 158 127 101
141 142 141 178 127 127 126 124 123 123 124 124 124 123 122 122 122 122 122 123 124 124 124 123 124 125 126 127 139 126 125 125 135 134 133 132 132 132 132 132 134 136 139 140 141 141 139 134 125 126 125 126 127 126 125 124 123 120 116 108 100 90 92 99 110 116 123 131 156 146 149 -32768 -32768 150 145 155 145 145 126
139 139 139 140 125 124 123 122 122 122 121 121 122 122 122 121 122 121 122 136 136 138 139 136 134 136 137 137 141 139 136 136 136 135 135 134 132 133 133 133 135 138 140 141 141 141 139 138 136 124 124 124 125 124 123 128 118 116 110 105 102 104 107 101 102 112 118 130 152 142 147 150 -32768 -32768 148 153 154 148 145
138 138 138 138 174 122 122 122 122 122 122 122 122 122 122 121 122 134 134 136 138 143 142 139 137 136 137 138 139 139 137 137 136 137 136 135 135 135 134 134 136 138 140 141 140 140 138 138 138 137 126 123 122 123 122 120 115 112 111 110 110 112 108 101 105 113 118 124 147 153 144 149 150 -32768 -32768 154 139 148 150
137 137 137 137 137 172 122 121 122 122 122 123 123 123 134 134 134 135 136 139 141 140 142 141 138 136 137 138 138 138 138 137 137 137 137 136 136 136 135 134 137 139 140 141 138 138 138 137 137 138 137 137 125 123 122 120 119 119 118 116 113 112 111 109 111 112 113 121 144 150 140 146 151 -32768 -32768 -32768 -32768 149 152
137 136 136 137 136 136 136 172 173 173 122 123 135 136 135 135 134 136 136 137 139 141 141 141 136 136 137 138 138 140 140 138 138 138 137 137 137 136 135 135 136 138 141 141 138 136 137 137 137 138 137 137 136 128 127 125 123 119 117 113 109 107 111 113 112 111 115 117 119 144 137 144 150 152 -32768 -32768 -32768 -32768 154
137 137 137 136 136 136 136 136 137 135 136 136 136 136 136 135 135 137 139 139 139 138 138 137 136 137 137 138 138 139 140 139 139 138 138 137 137 137 136 136 136 138 141 142 139 137 137 137 137 137 137 136 135 126 126 124 122 118 115 112 109 105 108 111 114 114 112 109 108 102 131 141 145 151 152 -32768 -32768 -32768 -32768
137 137 137 137 136 136 137 135 135 135 136 136 136 136 136 135 135 136 141 141 139 136 136 137 137 136 137 138 138 140 140 139 139 139 138 138 138 138 136 137 137 137 141 142 142 138 136 136 136 136 136 136 134 125 125 123 121 117 116 113 110 105 104 108 110 113 109 105 101 109 141 137 142 146 151 153 151 -32768 -32768
137 136 136 135 135 136 136 136 136 136 136 137 137 137 136 136 135 137 140 138 136 136 136 136 136 136 137 137 139 139 140 141 141 139 139 139 139 138 138 137 137 137 139 141 142 140 137 135 135 136 136 135 135 133 142 123 120 117 115 113 110 107 103 109 109 113 113 108 106 115 140 134 139 145 151 153 149 148 -32768
137 136 136 135 136 135 135 135 135 135 135 135 136 136 137 136 135 139 137 135 136 136 136 137 137 137 137 137 138 138 140 141 141 142 140 139 140 139 138 138 137 137 137 141 142 139 136 136 135 136 137 137 137 136 135 140 121 119 117 115 112 107 105 112 114 114 118 114 108 115 116 140 137 142 149 153 155 153 173
137 136 136 136 137 137 136 135 135 135 136 136 137 137 136 136 136 138 136 136 137 137 137 137 137 136 138 137 137 138 139 140 142 142 141 140 139 140 139 139 139 138 137 140 141 141 137 136 135 135 135 137 137 137 136 141 140 138 119 118 115 111 111 114 117 116 137 135 113 111 116 127 137 143 143 150 171 172 204
137 137 136 136 135 136 135 135 135 135 215 136 137 137 137 136 136 136 137 138 137 138 137 136 136 137 137 137 137 138 139 140 141 142 142 142 142 141 140 140 139 139 138 141 142 142 139 137 136 135 135 135 137 137 137 135 140 139 137 118 115 112 110 117 132 137 140 139 134 135 127 131 137 143 146 147 202 204 205
137 136 136 135 135 135 134 133 133 132 214 136 137 137 137 136 136 138 138 137 137 138 137 135 136 137 136 137 137 138 139 140 141 142 143 143 143 143 142 141 141 140 140 143 143 144 141 139 138 137 136 137 138 137 136 135 140 139 137 134 115 112 109 117 120 138 125 126 137 130 136 134 135 143 147 148 199 205 206
137 136 136 136 135 134 134 133 133 214 135 135 135 138 137 138 140 141 135 136 136 137 137 135 136 136 137 138 138 138 139 140 141 141 143 143 143 143 143 143 143 142 141 144 146 143 142 141 140 139 138 138 146 145 137 135 134 139 138 135 132 113 112 111 112 140 136 137 140 131 129 134 140 141 147 198 198 202 206
136 135 135 134 135 134 134 134 134 215 135 135 137 142 143 144 142 137 134 134 135 135 137 137 136 136 138 138 138 139 140 141 141 142 144 144 144 145 145 143 144 143 143 145 148 136 134 134 133 185 147 145 146 148 145 136 135 134 139 137 134 132 131 112 134 136 138 138 133 133 119 129 130 144 144 197 197 197 206
137 135 138 139 134 134 135 137 138 138 141 143 145 146 147 146 142 134 135 135 135 135 137 137 137 138 137 138 138 139 140 141 142 143 145 145 145 145 144 144 144 144 144 146 150 151 149 137 137 190 148 147 151 152 147 145 136 135 133 132 137 134 133 131 130 135 131 138 133 127 129 119 166 126 142 194 197 199 203
141 140 141 139 134 135 138 139 133 213 141 144 146 147 147 146 144 144 144 139 136 136 137 137 138 137 137 137 138 139 140 141 142 143 144 144 145 146 145 145 144 145 145 146 149 152 154 153 153 196 192 192 190 150 147 145 137 134 134 132 130 128 132 132 131 137 132 140 137 132 129 126 123 117 132 150 157 160 164
141 140 140 138 136 136 134 134 132 215 144 144 145 145 145 144 143 145 145 139 136 137 138 138 138 137 136 136 137 139 140 142 143 144 144 144 145 145 146 146 145 145 147 148 150 151 153 155 155 197 196 193 150 149 148 145 144 136 134 133 130 129 128 127 127 131 133 133 141 136 133 131 129 125 119 147 150 154 161
139 138 138 136 133 131 130 131 132 137 144 144 144 144 144 143 143 145 145 141 136 137 138 139 138 136 136 136 137 139 141 142 144 144 145 145 146 146 146 146 146 146 147 149 151 152 153 235 193 197 197 156 152 150 146 146 144 136 135 133 132 131 130 128 129 127 132 135 134 137 136 133 134 136 126 130 135 182 155
139 137 136 134 131 130 130 130 139 144 143 143 144 144 144 143 142 144 144 141 136 137 138 139 139 138 137 137 137 139 140 141 143 145 145 146 146 146 146 146 147 148 149 150 152 153 154 193 192 156 198 197 154 149 146 147 145 143 136 134 133 131 131 129 130 130 137 189 189 143 141 139 141 134 115 110 126 130 152
137 137 136 132 129 129 131 131 143 144 143 143 144 145 145 144 142 142 142 144 140 137 137 138 139 140 139 139 138 139 140 141 143 145 146 146 146 146 146 148 147 149 149 150 151 152 153 192 192 192 198 199 196 153 150 147 146 144 143 135 134 133 132 131 131 134 133 189 149 147 144 143 143 138 124 119 109 127 147
136 135 135 133 130 129 133 140 145 262 144 143 144 144 144 144 143 142 141 144 140 137 137 138 139 140 140 141 140 140 141 141 142 145 145 146 146 146 148 148 148 149 149 149 150 152 152 192 192 192 194 200 200 199 194 148 146 145 142 135 135 134 133 132 133 136 134 187 151 149 148 146 142 139 125 125 124 123 134
137 135 134 135 134 137 144 145 145 144 261 143 143 143 144 143 142 143 143 143 144 139 139 138 139 140 140 140 141 141 142 141 141 143 144 145 146 147 148 148 149 149 148 149 149 150 151 192 191 190 192 199 200 196 188 146 145 145 127 135 125 134 134 134 134 184 186 146 151 151 151 149 143 134 134 130 132 129 137
135 135 135 135 134 136 221 143 144 143 143 262 143 143 144 143 143 142 143 142 146 145 142 139 139 139 140 140 141 141 142 142 142 142 144 145 145 147 148 149 149 149 149 149 149 149 150 191 191 189 191 196 201 158 157 190 186 184 184 182 143 126 136 136 135 136 147 148 153 151 151 150 147 142 142 138 133 135 142
136 136 135 135 137 136 135 140 142 142 141 142 142 142 144 144 144 143 143 143 144 146 144 140 139 140 141 141 141 141 142 143 143 143 143 144 144 146 148 148 149 149 149 149 149 149 190 190 190 190 189 190 196 157 157 157 195 187 186 184 183 184 182 137 136 135 140 152 153 149 146 151 149 144 142 140 137 140 145
136 136 136 138 138 142 142 141 140 142 141 141 142 143 144 144 145 144 143 143 144 146 145 142 140 140 142 142 141 142 142 142 143 143 144 143 144 146 148 148 149 149 149 150 149 149 191 190 190 189 188 186 190 194 154 157 158 194 186 185 187 186 185 183 137 138 139 151 155 146 143 149 150 148 145 143 141 140 143
136 136 138 223 138 142 145 144 141 137 138 140 140 142 143 144 145 144 144 144 145 145 146 143 139 140 141 142 142 141 142 142 142 142 143 143 144 146 147 148 149 149 150 149 150 149 191 190 189 189 188 187 189 192 194 203 203 196 188 189 195 188 185 183 182 184 144 143 157 154 147 150 152 150 228 142 138 139 147
138 137 141 141 141 142 144 144 139 135 134 135 137 141 143 144 144 144 145 145 145 145 146 145 142 139 140 142 142 142 141 141 142 143 145 143 143 145 146 147 149 149 149 149 149 149 149 191 190 189 189 189 189 190 197 202 203 199 193 198 197 192 187 187 186 186 150 150 157 158 155 155 155 152 231 143 139 141 149
