Part_1_SDMs/env_data/present_climate/bioclim_17.asc
NCOLS 888 
NROWS 876 
XLLCORNER -19 
YLLCORNER -35 
CELLSIZE 0.0833333333333333 
NODATA_value -32768 
[rows 350 to 384 of 876, columns 240 to 319 of 888]
27 24 19 18 16 17 18 19 18 18 17 17 16 15 14 17 17 20 23 26 25 27 27 27 27 26 26 27 28 28 28 28 26 28 28 28 27 27 26 26 24 25 25 24 22 22 21 21 18 18 18 17 14 14 14 12 12 12 12 11 10 10 10 10 10 11 10 10 11 10 10 10 10 11 11 12 13 14 13 11
25 22 19 17 17 16 17 18 18 17 18 16 16 14 14 17 18 20 23 26 26 27 27 27 27 27 28 28 29 29 28 28 28 28 28 31 30 28 28 27 27 28 26 26 26 25 25 22 21 21 19 19 17 17 15 15 15 13 12 12 12 11 11 11 11 11 11 11 11 10 10 10 10 11 12 13 14 15 13 11
24 21 19 18 18 17 17 18 17 18 18 16 17 15 15 15 16 20 24 27 26 26 27 28 29 29 29 29 29 31 29 29 29 30 30 31 31 30 30 29 30 31 29 29 29 27 27 24 23 23 21 19 19 20 18 17 16 15 14 13 13 13 11 11 11 11 11 11 12 11 10 12 12 12 12 13 14 16 13 12
24 21 19 18 18 18 17 18 18 19 19 17 17 15 13 13 16 20 22 26 26 28 29 28 30 29 30 29 29 31 31 31 31 31 32 33 33 32 32 32 32 31 32 32 31 30 29 27 27 25 24 21 21 20 20 19 17 17 16 15 14 14 14 11 11 11 11 12 12 12 11 12 12 12 13 13 12 13 13 12
22 21 19 19 19 18 17 17 19 19 19 19 18 15 13 13 16 20 22 26 25 29 28 30 31 30 31 30 30 31 32 32 32 31 33 34 34 35 34 35 34 35 34 34 34 32 32 30 29 29 26 24 25 22 22 20 19 19 18 18 16 16 15 14 12 11 11 12 12 12 12 12 12 12 12 12 12 12 12 12
23 21 20 19 19 18 18 17 19 19 20 19 17 17 14 14 17 19 22 24 25 27 28 31 30 30 32 32 32 32 33 33 34 32 35 35 36 37 37 36 38 37 37 37 37 35 35 32 32 33 28 26 26 25 24 22 22 22 19 19 19 18 16 16 14 13 12 11 13 12 12 12 12 13 13 12 12 12 12 13
23 21 21 20 19 18 18 17 20 20 21 20 18 17 16 15 17 20 22 24 25 27 30 30 30 32 33 32 32 33 34 35 34 34 36 37 37 39 39 39 39 39 39 39 37 37 37 36 36 35 32 29 28 27 26 24 24 24 21 21 21 19 19 18 16 15 13 12 12 12 12 14 14 15 13 12 12 13 13 13
24 22 23 21 20 19 18 18 19 19 20 21 20 19 18 18 19 21 23 24 25 28 30 30 31 33 34 33 33 34 35 36 35 35 37 38 39 41 40 41 41 40 42 41 40 39 39 39 39 39 36 34 31 30 30 26 26 25 25 24 24 22 21 19 18 16 15 13 12 13 14 15 15 15 14 12 13 14 13 14
27 26 27 25 23 20 18 19 19 19 22 24 22 23 22 20 22 22 25 25 26 28 31 31 33 35 34 33 35 36 36 36 36 36 37 39 40 42 41 43 42 42 43 42 42 42 42 41 42 41 38 36 33 33 31 30 29 29 27 29 27 27 22 22 21 18 16 15 13 14 15 16 15 15 15 13 13 13 13 13
30 28 31 30 26 21 18 18 19 21 24 27 27 26 26 24 24 25 25 26 26 29 31 32 32 34 35 36 37 37 37 37 37 37 38 39 41 40 43 43 44 44 43 43 43 43 43 44 44 44 42 39 36 38 34 34 34 34 29 31 32 30 27 25 24 20 16 17 17 13 15 15 15 15 15 15 15 15 14 14
36 34 34 35 31 25 21 20 21 23 26 30 31 31 29 28 26 26 26 26 27 31 32 33 34 34 36 37 37 37 38 38 37 37 39 39 41 41 44 44 45 45 44 43 45 47 45 45 45 45 44 44 41 40 39 39 36 35 33 33 34 33 30 28 24 20 19 21 17 13 15 15 15 15 15 16 16 16 16 16
41 38 38 37 35 30 25 23 22 24 28 31 33 32 31 30 28 27 27 28 28 30 33 34 35 37 38 37 37 38 38 39 38 38 39 40 40 43 43 44 46 45 44 46 46 47 45 46 46 48 47 48 46 44 43 42 41 40 38 36 36 35 33 29 23 20 18 18 17 15 15 15 15 16 19 19 19 19 18 19
48 45 42 40 37 34 29 27 26 26 28 31 33 34 34 31 30 28 27 27 31 32 34 36 37 39 39 39 38 39 39 39 38 39 40 40 41 41 43 44 44 45 45 46 46 46 47 47 48 49 49 49 48 47 48 45 44 43 41 39 38 36 33 28 23 22 20 19 17 15 15 17 18 19 21 21 21 21 20 20
47 51 48 43 40 37 32 29 28 29 30 31 33 34 34 32 30 29 28 30 31 33 35 37 39 41 40 40 40 40 40 40 39 40 40 41 40 41 44 43 44 45 46 47 48 48 49 51 51 52 50 48 47 48 47 47 47 45 42 40 39 40 31 27 26 22 21 21 18 17 19 20 19 21 24 24 25 25 23 23
51 51 53 46 43 38 34 31 29 29 30 31 33 33 34 33 31 30 28 32 34 35 37 38 42 43 42 43 42 43 42 41 40 39 39 41 41 42 42 43 45 46 46 48 49 50 51 54 54 55 52 50 49 49 49 48 51 47 44 43 42 41 35 32 27 25 22 20 18 23 25 24 24 26 27 28 28 28 28 28
60 56 55 50 43 39 35 31 30 31 32 33 34 35 35 35 32 32 33 36 36 37 40 42 43 45 45 45 44 45 43 42 40 39 39 40 40 41 42 44 45 46 48 50 51 51 52 55 54 54 55 53 52 51 50 49 51 47 46 43 43 44 42 35 31 29 25 23 22 28 24 27 27 27 28 29 29 28 30 30
66 60 56 52 47 41 36 34 32 33 35 34 35 35 35 36 35 34 37 38 40 40 43 44 46 46 46 48 47 47 46 43 42 39 39 40 40 41 43 46 46 48 50 51 52 52 53 56 55 56 56 54 54 54 53 51 51 52 48 46 45 44 44 36 32 29 28 26 23 23 23 27 27 29 29 29 30 30 31 33
70 64 59 53 48 44 38 35 35 35 36 37 38 37 36 37 37 36 38 41 42 43 44 47 50 49 50 50 49 49 48 45 44 42 40 40 42 43 46 47 47 49 51 53 53 53 55 56 57 59 58 56 57 56 55 53 52 50 50 47 47 44 44 43 34 31 32 26 24 25 25 30 29 32 29 31 31 33 34 34
75 69 62 56 49 46 42 39 38 38 38 39 42 41 40 38 39 38 39 41 43 44 46 49 53 52 51 51 50 52 50 48 46 44 44 45 45 45 47 49 50 52 52 53 55 56 56 57 58 60 61 60 58 59 58 54 51 50 50 48 48 44 42 44 41 35 33 28 26 27 30 30 32 32 31 33 33 34 35 35
78 71 65 58 52 48 44 43 42 41 41 41 43 44 42 40 40 40 40 42 44 47 49 51 54 55 53 53 54 54 53 51 50 49 47 47 48 49 51 51 52 53 54 56 57 57 59 60 60 61 62 62 61 61 60 57 54 50 47 48 48 41 40 40 38 34 31 28 27 29 30 29 31 31 31 33 34 36 38 38
80 74 67 59 53 49 46 46 44 43 42 44 44 44 44 43 43 43 42 45 46 49 51 54 55 57 57 56 56 57 55 55 52 51 51 50 51 52 54 55 54 56 57 58 60 60 61 61 62 64 63 64 62 62 61 59 56 51 50 49 46 44 40 41 37 37 34 33 29 29 30 29 29 30 32 33 35 37 39 39
82 77 68 62 56 50 46 47 46 47 45 45 46 45 45 43 43 44 46 47 49 52 54 55 57 59 59 58 59 60 59 58 57 56 56 55 55 55 56 58 57 58 60 60 62 63 62 63 65 68 64 65 64 61 60 58 55 50 50 48 47 43 40 38 36 34 31 30 29 29 30 30 29 31 32 35 38 40 40 40
85 80 73 64 57 51 48 46 48 48 48 46 47 48 47 45 45 45 48 50 52 55 56 58 60 60 61 61 61 62 62 61 61 59 58 58 59 58 59 61 60 61 62 64 63 65 66 67 66 66 65 66 65 61 59 58 54 52 51 47 43 40 38 36 34 34 33 32 31 31 31 31 31 32 34 38 40 42 43 39
85 81 73 64 58 53 50 49 50 51 50 48 49 51 52 51 47 47 51 54 58 59 59 62 63 64 63 64 64 65 65 66 64 64 63 62 62 62 63 63 64 64 64 66 66 68 68 68 68 66 66 65 64 62 59 58 55 52 48 47 44 41 39 38 36 35 34 34 33 33 31 31 33 34 37 40 43 44 43 39
87 79 72 64 60 56 55 52 52 51 49 49 51 56 55 52 49 49 55 61 64 64 64 65 66 67 68 68 68 69 70 70 68 67 67 68 67 66 66 66 67 67 68 69 69 70 69 68 68 67 66 66 65 63 61 59 55 53 50 49 49 46 45 44 40 37 36 35 34 33 33 33 34 36 38 42 45 46 41 39
90 84 73 67 63 59 57 56 56 55 50 48 51 59 57 55 51 53 60 71 70 68 69 69 69 70 71 71 72 75 75 75 74 72 72 71 70 70 69 71 70 71 71 72 71 71 70 70 70 68 67 67 65 64 62 60 59 59 55 55 52 51 50 51 45 39 37 36 35 34 34 35 34 36 38 41 44 44 41 40
90 86 79 71 71 67 58 56 59 56 52 48 52 59 58 56 55 56 64 70 72 72 73 73 74 74 74 73 77 79 80 79 78 76 75 75 74 74 74 74 73 75 74 76 74 73 73 72 72 71 71 68 68 68 64 64 64 62 59 57 52 50 50 48 46 43 41 39 38 37 35 35 35 36 38 42 46 43 41 40
85 83 77 70 69 64 61 58 58 56 55 51 53 56 56 58 58 61 66 72 73 76 77 76 77 77 76 76 81 85 85 84 83 81 80 80 79 78 78 78 78 78 78 78 78 77 77 76 76 75 74 74 73 71 68 68 65 63 61 59 55 54 54 53 48 46 44 40 39 38 37 37 37 37 38 42 47 45 42 41
82 77 74 67 62 63 63 65 59 56 57 55 57 57 58 58 59 62 67 72 74 76 80 81 81 81 81 82 87 90 89 88 88 85 84 84 83 82 82 83 83 82 81 82 82 81 81 80 79 78 78 77 76 72 72 71 68 67 64 63 59 56 56 55 50 47 45 43 41 40 38 37 37 37 39 44 47 45 42 42
82 72 69 60 54 57 59 60 58 57 59 61 62 58 59 60 62 63 67 71 73 78 83 83 84 84 84 87 90 93 -32768 -32768 -32768 -32768 -32768 -32768 -32768 85 86 86 86 87 87 86 85 85 84 83 83 82 81 80 78 75 75 73 70 68 67 66 65 62 61 58 57 54 52 47 42 41 41 40 39 39 39 43 49 46 44 43
82 70 60 54 48 49 52 56 58 60 61 61 62 61 61 -32768 -32768 -32768 -32768 -32768 -32768 -32768 -32768 -32768 -32768 -32768 -32768 -32768 -32768 -32768 -32768 -32768 -32768 -32768 -32768 -32768 -32768 -32768 -32768 -32768 -32768 89 90 90 91 90 89 88 87 86 85 82 81 78 78 76 74 71 70 69 67 68 66 64 61 59 56 50 46 44 44 43 40 40 42 45 52 48 46 45
72 58 54 47 42 44 46 49 55 -32768 -32768 -32768 -32768 -32768 -32768 -32768 -32768 -32768 -32768 -32768 -32768 -32768 -32768 -32768 -32768 -32768 -32768 -32768 -32768 -32768 -32768 -32768 -32768 -32768 -32768 -32768 -32768 -32768 -32768 -32768 -32768 -32768 -32768 93 95 94 94 93 92 90 89 87 84 82 80 77 77 75 74 73 72 73 70 67 64 61 59 54 49 49 48 47 44 43 45 48 51 51 48 48
64 54 47 45 44 -32768 -32768 -32768 -32768 -32768 -32768 -32768 -32768 -32768 -32768 -32768 -32768 -32768 -32768 -32768 -32768 -32768 -32768 -32768 -32768 -32768 -32768 -32768 -32768 -32768 -32768 -32768 -32768 -32768 -32768 -32768 -32768 -32768 -32768 -32768 -32768 -32768 -32768 -32768 98 99 98 98 97 94 94 91 89 86 83 81 80 78 77 77 77 76 74 71 68 64 59 56 54 55 53 52 51 47 49 53 57 55 51 50
58 55 -32768 -32768 -32768 -32768 -32768 -32768 -32768 -32768 -32768 -32768 -32768 -32768 -32768 -32768 -32768 -32768 -32768 -32768 -32768 -32768 -32768 -32768 -32768 -32768 -32768 -32768 -32768 -32768 -32768 -32768 -32768 -32768 -32768 -32768 -32768 -32768 -32768 -32768 -32768 -32768 -32768 -32768 -32768 103 104 104 102 100 99 96 93 91 89 85 84 82 81 81 81 79 77 74 69 66 62 60 58 57 57 58 61 56 56 57 60 57 55 55
55 -32768 -32768 -32768 -32768 -32768 -32768 -32768 -32768 -32768 -32768 -32768 -32768 -32768 -32768 -32768 -32768 -32768 -32768 -32768 -32768 -32768 -32768 -32768 -32768 -32768 -32768 -32768 -32768 -32768 -32768 -32768 -32768 -32768 -32768 -32768 -32768 -32768 -32768 -32768 -32768 -32768 -32768 -32768 -32768 -32768 107 109 108 107 105 103 99 96 93 90 88 86 86 85 84 84 80 77 73 70 66 64 62 59 60 59 61 63 61 61 63 59 58 59
