Part_1_SDMs/env_data/present_climate/bioclim_15.asc
NCOLS 888 
NROWS 876 
XLLCORNER -19 
YLLCORNER -35 
CELLSIZE 0.0833333333333333 
NODATA_value -32768 
[rows 180 to 215 of 876, columns 405 to 485 of 888]
76 96 95 94 90 61 61 61 90 94 94 94 95 95 96 76 76 76 76 76 76 76 76 76 62 62 62 62 62 43 37 37 37 37 37 37 37 37 37 37 37 37 37 37 37 37 43 47 43 49 37 47 49 49 49 43 37 49 37 28 28 28 28 28 28 28 0 0 0 0 0 0 0 0 0 0 0 0 0 0 0
96 96 95 94 111 61 61 61 90 92 94 94 94 95 96 96 76 76 76 76 76 76 76 76 76 62 62 62 62 62 62 43 37 37 37 37 37 37 37 37 37 37 37 37 37 37 37 37 64 64 43 47 64 64 49 49 62 49 28 28 28 28 28 28 28 28 28 0 28 28 28 28 28 28 28 28 0 0 0 0 0
96 95 95 95 116 111 61 61 114 94 94 94 95 95 95 95 95 96 76 76 76 76 76 76 76 76 76 62 62 62 62 62 43 37 37 37 37 37 37 37 37 37 37 37 37 37 43 37 43 65 64 65 62 64 65 65 62 49 28 28 28 28 28 28 28 28 28 28 28 28 28 28 28 28 28 28 28 28 28 28 0
96 95 95 118 116 114 63 63 114 116 116 94 94 95 95 94 95 96 96 96 96 76 76 76 76 76 76 76 76 62 62 62 62 62 43 43 37 43 37 37 37 37 37 37 37 37 37 43 43 65 64 62 55 60 60 62 65 37 28 28 28 28 28 28 28 28 28 28 28 28 28 28 28 28 28 28 28 28 28 28 28
96 95 118 118 116 65 63 63 126 126 126 126 116 95 94 95 95 95 95 94 95 96 76 76 76 76 76 76 76 76 62 62 62 62 62 62 62 62 62 43 43 43 43 43 43 43 43 62 62 65 62 62 38 38 38 62 65 37 28 28 28 28 28 28 28 28 28 28 28 28 28 28 28 28 28 28 28 28 28 28 28
96 95 118 118 118 121 73 63 65 63 65 128 128 128 126 128 95 95 95 94 95 96 96 96 76 76 76 76 76 76 62 62 62 62 62 62 62 62 62 62 62 62 62 43 43 62 62 62 62 65 64 80 38 41 38 64 65 37 28 28 28 28 28 28 28 28 28 28 28 28 28 28 28 28 28 28 28 28 28 28 28
96 118 118 118 118 123 76 73 73 73 73 132 65 65 65 130 130 128 92 92 94 95 96 95 94 94 94 90 76 76 62 62 62 62 62 62 62 62 62 62 62 62 62 62 62 62 62 65 65 65 64 76 52 51 38 64 60 28 28 28 28 28 28 28 28 28 28 28 28 28 28 28 28 28 28 28 28 28 28 28 28
119 118 118 118 146 146 76 76 73 73 75 75 73 65 65 134 126 126 126 116 95 95 95 94 94 94 94 90 90 76 64 64 64 64 62 62 62 64 64 62 62 62 62 62 62 62 62 65 64 64 85 80 48 52 35 64 65 37 28 28 28 28 28 28 28 28 28 28 28 28 28 28 28 28 28 28 28 28 28 28 28
119 119 118 146 146 76 76 76 75 73 73 73 73 73 73 75 65 63 65 128 95 95 94 90 94 94 90 90 90 90 94 76 64 62 62 62 64 85 64 64 62 62 62 65 62 62 62 65 64 85 85 52 52 48 40 64 60 37 28 28 28 28 28 28 28 28 28 28 28 28 28 28 28 28 28 28 28 28 28 28 28
118 119 118 146 146 146 155 84 86 86 84 84 84 73 73 73 73 73 132 132 128 128 61 61 90 90 90 90 90 90 90 90 90 64 64 62 64 85 85 64 64 62 62 64 62 62 65 85 85 83 83 59 65 62 40 64 60 37 37 28 28 28 28 28 28 28 28 28 28 28 28 28 28 28 28 28 28 28 28 28 28
118 119 142 146 146 89 88 84 88 89 89 86 84 84 90 73 73 73 73 132 128 128 63 63 61 111 90 90 90 90 90 90 83 83 87 62 62 64 83 85 83 62 62 85 65 62 85 85 85 90 51 59 48 48 62 85 60 60 37 28 37 37 28 28 28 28 28 28 28 28 28 28 28 28 28 28 28 28 28 28 28
118 118 142 146 146 89 89 89 89 89 89 89 88 84 92 84 84 73 73 76 132 132 63 63 63 63 63 111 58 111 90 90 90 83 85 87 87 86 83 83 83 85 62 62 85 83 85 85 56 54 47 48 57 56 61 86 60 60 60 37 37 28 28 28 28 28 28 28 28 28 28 28 28 28 28 28 28 28 28 28 28
142 146 146 146 171 89 89 89 89 89 89 89 89 88 103 103 84 84 84 73 73 73 63 63 63 63 63 63 58 58 58 58 90 83 83 83 83 83 83 83 90 85 85 86 85 111 85 83 56 69 48 72 57 50 51 85 60 60 60 60 60 37 28 28 28 28 28 28 28 28 28 28 28 28 28 28 28 28 28 28 28
146 146 146 171 171 89 89 101 89 89 89 89 89 104 99 103 103 103 92 84 73 73 73 73 63 63 63 63 63 69 58 58 58 58 58 83 83 83 83 111 111 111 85 85 83 111 83 111 69 58 47 66 51 53 92 86 60 60 60 60 60 37 28 28 28 28 28 28 28 28 28 28 28 28 28 28 28 28 28 28 28
146 171 171 171 171 171 98 101 101 101 104 104 104 104 103 103 114 114 103 90 90 90 73 73 73 63 73 73 69 88 85 58 58 58 111 107 83 111 111 111 111 111 83 90 111 111 111 70 57 56 76 62 111 85 86 60 60 60 60 60 60 37 37 28 28 28 28 28 28 28 28 28 28 28 28 28 28 28 28 28 28
171 171 171 171 171 98 98 101 104 104 104 104 104 116 114 114 114 127 118 103 103 92 90 79 73 73 73 73 74 99 97 69 70 69 111 111 111 111 111 111 111 68 111 111 68 68 69 79 57 72 66 111 92 86 86 60 60 60 60 60 60 60 37 37 28 28 28 28 28 37 37 28 28 28 28 28 28 28 28 28 28
171 171 171 98 98 98 98 104 116 116 116 116 116 116 116 116 129 127 131 114 133 103 92 90 90 73 73 73 85 99 74 59 99 85 69 68 111 111 111 68 68 85 85 85 85 77 77 58 57 74 63 111 86 85 85 85 60 60 60 60 60 60 60 60 37 37 37 37 37 37 37 37 37 28 28 28 28 28 28 28 28
171 98 98 98 98 98 113 113 116 116 116 116 116 116 128 131 129 139 96 87 94 118 103 103 92 90 73 69 84 97 76 84 74 85 69 68 111 68 68 68 68 80 65 65 74 57 66 57 56 77 68 111 86 85 85 86 85 85 60 60 60 60 60 60 60 37 37 37 37 60 37 37 37 28 28 28 28 28 28 28 28
98 98 98 98 101 113 113 113 116 128 128 128 128 128 135 143 139 139 104 101 99 129 114 103 103 92 87 81 84 97 113 75 75 101 84 68 68 68 84 68 68 85 65 69 66 58 73 61 58 69 111 116 86 85 85 85 85 85 60 60 60 60 60 60 60 60 60 60 60 60 37 28 37 28 28 28 28 28 28 28 28
98 98 113 113 113 113 113 113 128 128 142 128 128 131 142 145 145 103 105 85 106 95 129 129 114 99 87 84 96 96 97 79 78 112 97 84 84 68 84 84 84 97 75 60 58 55 54 65 58 80 111 116 86 86 85 86 85 85 60 60 60 60 60 60 60 60 60 60 60 60 37 28 37 28 28 28 28 28 28 28 28
98 113 113 113 113 113 126 126 128 142 144 144 144 144 142 161 105 111 112 120 92 85 112 94 129 114 114 96 96 96 113 101 112 110 101 97 84 84 84 84 97 73 84 73 67 57 62 60 65 84 68 116 111 86 116 116 85 85 60 60 60 60 60 60 60 60 60 60 60 60 37 28 60 28 28 28 28 28 28 28 28
111 113 113 113 113 126 126 125 142 142 142 142 142 155 155 161 173 114 123 93 100 99 98 90 101 101 92 126 126 125 125 113 113 124 124 113 113 96 96 101 76 70 79 68 63 62 62 66 84 68 116 116 116 116 85 85 85 85 85 60 60 60 60 60 60 60 60 60 60 60 60 28 60 37 28 28 28 28 28 28 28
113 113 126 126 126 125 138 141 142 155 155 155 155 155 171 171 173 123 134 106 92 77 78 83 92 110 85 83 85 77 94 90 92 84 76 94 83 113 101 120 94 71 81 68 72 67 74 68 84 68 116 119 119 116 118 116 85 85 85 85 60 60 60 60 60 60 60 60 60 60 60 60 37 28 28 28 28 28 28 28 28
113 125 125 125 138 138 141 141 153 155 167 167 171 171 171 183 123 134 142 113 75 83 75 79 104 100 88 88 72 83 90 85 102 98 75 89 94 86 123 84 94 94 81 77 82 82 68 74 101 84 140 140 140 116 118 111 85 85 85 85 60 60 60 60 60 60 60 60 60 60 60 60 60 55 28 28 28 28 28 28 28
125 125 125 138 138 141 153 153 153 167 171 183 183 183 183 133 134 142 150 114 99 98 75 86 89 105 88 87 77 79 87 83 92 85 91 85 95 93 86 87 84 94 77 76 74 77 94 85 66 105 80 140 140 140 118 119 85 85 85 85 60 60 85 85 60 60 60 60 60 60 60 60 60 60 60 28 28 28 28 28 28
125 125 138 138 141 153 153 166 166 171 183 183 131 141 142 142 142 153 153 120 121 99 104 102 99 105 131 99 88 82 75 78 90 75 93 85 103 79 85 96 93 95 76 75 76 81 96 85 106 105 96 84 84 140 119 111 85 85 85 85 85 85 85 85 60 60 60 60 60 60 60 60 60 60 60 60 28 28 28 28 28
125 138 138 153 153 153 166 166 170 183 183 131 141 141 150 150 152 161 164 127 127 122 117 97 95 112 140 141 90 98 82 74 82 79 97 91 97 71 81 103 102 102 85 83 84 75 96 85 106 111 84 84 82 140 119 111 85 85 85 85 85 85 85 85 60 60 60 60 60 60 60 60 60 60 60 60 55 55 55 28 28
138 138 153 153 166 166 166 182 182 131 131 141 141 150 150 161 161 172 172 137 175 127 128 120 151 151 132 143 109 93 99 83 88 96 103 109 97 96 91 98 103 89 90 90 96 87 89 85 85 106 96 82 140 143 119 111 111 85 85 85 85 85 85 85 85 60 60 60 60 60 60 60 60 60 60 60 60 55 55 55 55
137 153 153 153 166 166 166 182 195 139 141 150 150 150 161 169 181 181 184 137 184 175 129 167 154 147 145 143 112 115 86 87 88 82 92 152 152 152 152 140 99 86 95 87 96 121 123 113 113 109 96 96 166 143 144 111 111 111 85 85 85 85 85 85 85 85 60 60 60 60 60 60 60 60 60 60 60 60 60 60 60
153 153 153 166 166 166 182 195 195 141 150 150 150 161 169 180 188 188 151 145 192 187 175 175 155 155 147 151 150 149 109 114 88 88 127 105 140 143 140 140 100 104 86 82 104 91 125 109 113 113 98 85 167 144 143 119 111 111 85 85 85 85 85 85 85 85 85 60 60 60 60 60 60 60 60 60 60 60 60 60 60
153 153 166 166 179 182 195 195 139 141 150 150 158 161 178 180 188 149 152 152 191 187 187 175 164 155 155 144 151 150 116 143 141 96 121 113 154 143 139 127 152 115 78 92 96 86 140 113 98 113 98 177 169 144 144 119 111 111 111 85 85 85 85 85 85 85 85 85 60 60 60 60 60 60 60 60 60 60 60 60 60
153 166 166 166 182 182 195 195 141 150 150 158 161 169 178 180 188 191 149 152 152 195 195 183 167 155 155 155 152 151 158 133 115 149 121 114 154 145 142 129 144 111 83 81 89 91 96 114 98 202 110 177 143 144 169 144 119 111 111 111 85 85 85 85 85 85 85 85 85 60 60 60 60 60 60 60 60 60 60 60 60
166 166 166 182 182 195 195 141 141 150 150 161 169 177 180 188 188 149 152 158 152 195 187 175 164 164 155 155 155 153 145 152 115 132 122 170 157 157 145 129 129 111 87 81 83 94 99 123 123 121 110 202 144 144 144 144 144 119 111 111 85 85 85 85 85 85 85 85 85 85 60 60 60 60 60 60 60 60 60 60 60
166 166 179 182 195 195 139 141 150 150 158 161 169 180 188 188 191 149 158 158 152 195 183 175 164 164 155 155 155 153 144 151 115 144 122 174 157 157 157 142 142 152 88 78 82 104 112 98 98 138 111 202 169 144 144 144 144 144 119 119 111 111 111 85 85 85 85 85 85 85 85 85 60 60 60 60 60 60 60 60 60
166 180 183 182 195 195 139 141 150 150 161 169 169 180 180 188 149 149 149 191 183 183 183 172 164 164 155 155 155 155 155 153 142 151 142 174 157 145 157 145 141 154 99 98 78 85 113 109 99 138 123 202 170 170 144 144 144 144 144 119 111 111 111 111 85 85 85 85 85 85 85 85 85 85 60 60 60 60 60 60 60
166 180 183 195 195 139 141 150 150 158 161 169 169 180 180 188 191 188 191 180 183 183 175 172 164 155 152 152 152 155 155 144 144 152 142 133 157 157 157 157 157 154 122 100 90 88 124 109 99 136 110 202 170 170 170 170 144 144 144 144 111 111 111 111 111 85 85 85 85 85 85 85 85 85 85 60 60 60 60 60 60
