Part_1_SDMs/env_data/present_climate/bioclim_14.asc
NCOLS 888 
NROWS 876 
XLLCORNER -19 
YLLCORNER -35 
CELLSIZE 0.0833333333333333 
NODATA_value -32768 
[rows 360 to 395 of 876, columns 581 to 663 of 888]
0 0 0 0 0 0 0 0 0 0 0 0 0 0 0 0 0 0 0 0 0 0 0 0 0 0 0 0 1 1 1 1 1 1 1 1 1 1 2 2 2 2 2 2 2 2 3 3 3 3 3 4 4 4 4 3 3 3 3 4 5 6 7 7 8 11 22 27 29 25 30 30 33 34 36 38 37 36 35 33 31 29 27
0 0 0 0 0 0 0 0 0 0 0 0 0 0 0 0 0 0 0 0 0 0 0 0 0 0 0 1 1 1 1 1 1 1 1 1 1 2 2 2 2 2 2 2 3 3 3 3 4 4 4 4 4 4 4 4 3 3 3 4 5 6 7 8 9 13 21 28 32 28 32 37 34 34 37 39 39 38 37 35 34 32 30
0 0 0 0 0 0 0 0 0 0 0 0 0 0 0 0 0 0 0 0 0 0 0 0 0 0 1 1 1 1 1 1 1 1 1 2 2 2 2 2 2 2 2 3 3 3 4 4 4 4 4 5 5 5 5 4 4 4 4 4 5 5 6 7 8 12 23 32 35 29 29 39 39 35 36 40 41 41 39 39 38 35 32
0 0 0 0 0 0 0 0 0 0 0 0 0 0 0 0 0 0 0 0 0 0 0 0 0 1 1 1 1 1 1 1 1 1 2 2 2 2 2 2 2 3 3 3 3 4 4 4 5 5 5 5 5 5 5 4 4 4 4 4 5 5 6 7 8 9 14 18 31 30 31 40 42 40 40 41 43 43 42 43 43 37 34
0 0 0 0 0 0 0 0 0 0 0 0 0 0 0 0 0 0 0 0 0 0 0 0 0 1 1 1 1 1 1 1 2 2 2 2 2 2 3 3 3 3 3 3 4 4 4 5 5 5 5 5 5 5 5 5 5 4 4 5 5 6 6 7 8 9 12 14 16 27 40 37 43 44 44 44 46 45 41 39 41 38 37
0 0 0 0 0 0 0 0 0 0 0 0 0 0 0 0 0 0 0 0 0 0 0 0 1 1 1 1 1 1 1 2 2 2 2 2 2 3 3 3 3 4 4 4 4 5 5 5 5 6 6 6 6 5 5 5 5 5 5 5 5 6 6 7 8 9 10 12 13 17 30 38 43 48 47 46 43 38 36 37 39 37 36
0 0 0 0 0 0 0 0 0 0 0 0 0 0 0 0 0 0 0 0 0 0 0 1 1 1 1 1 1 1 2 2 2 2 2 3 3 3 3 4 4 4 4 5 5 5 5 6 6 6 6 6 6 6 6 5 5 5 5 5 6 6 6 7 8 9 10 10 12 14 20 37 47 49 50 46 43 41 41 42 40 38 37
0 0 0 0 0 0 0 0 0 0 0 0 0 0 0 0 0 0 0 0 0 0 0 1 1 1 1 1 1 2 2 2 2 2 3 3 3 3 4 4 4 5 5 5 5 6 6 6 6 6 6 6 6 6 6 6 6 6 6 6 6 6 7 7 8 9 9 10 11 14 30 44 48 46 47 48 45 44 45 42 42 40 40
0 0 0 0 0 0 0 0 0 0 0 0 0 0 0 0 0 0 0 0 0 0 1 1 1 1 1 1 1 2 2 2 2 3 3 3 4 4 4 5 5 5 6 6 6 6 7 7 7 7 7 7 7 7 6 6 6 6 6 6 7 7 7 7 8 9 9 10 11 13 21 31 32 28 35 43 42 44 43 44 45 42 43
0 0 0 0 0 0 0 0 0 0 0 0 0 0 0 0 0 0 0 0 0 0 1 1 1 1 1 1 2 2 2 2 3 3 3 4 4 4 5 5 5 6 6 6 7 7 7 7 7 7 7 7 7 7 7 7 7 7 7 7 7 7 7 8 8 9 9 10 10 11 14 18 20 21 27 31 38 42 39 46 47 45 43
0 0 0 0 0 0 0 0 0 0 0 0 0 0 0 0 0 0 0 0 0 1 1 1 1 1 1 2 2 2 2 3 3 3 4 4 4 5 5 5 6 6 7 7 7 7 8 8 8 8 8 8 8 8 7 7 7 7 7 7 7 8 8 8 9 9 9 10 10 11 12 16 22 28 33 41 45 36 32 39 46 45 45
0 0 0 0 0 0 0 0 0 0 0 0 0 0 0 0 0 0 0 0 1 1 1 1 1 1 2 2 2 2 3 3 3 4 4 4 5 5 5 6 6 7 7 7 8 8 8 8 8 8 8 8 8 8 8 8 8 8 8 8 8 8 8 9 9 10 10 10 11 12 12 15 25 29 34 47 46 40 34 35 44 46 45
0 0 0 0 0 0 0 0 0 0 0 0 0 0 0 0 0 0 0 0 1 1 1 1 1 2 2 2 2 3 3 3 3 4 4 4 5 5 6 6 7 7 8 8 8 8 9 9 9 9 9 9 9 9 9 8 8 8 8 8 9 9 9 9 9 16 20 18 11 12 14 16 21 28 47 51 48 40 31 29 41 47 44
0 0 0 0 0 0 0 0 0 0 0 0 0 0 0 0 0 0 0 1 1 1 1 1 1 2 2 2 3 3 3 3 4 4 4 5 5 5 6 6 7 7 8 8 9 9 9 9 9 9 9 9 9 9 9 9 9 9 9 9 9 9 9 10 10 11 19 37 18 13 15 18 26 36 44 42 47 42 35 30 42 43 34
0 0 0 0 0 0 0 0 0 0 0 0 0 0 0 0 0 0 1 1 1 1 1 1 2 2 2 2 3 3 3 3 4 4 4 5 5 6 6 7 7 8 8 9 9 9 9 9 9 9 9 9 9 9 9 9 10 10 9 10 10 10 10 10 11 11 23 39 32 17 17 23 26 29 37 43 47 47 44 31 33 34 29
0 0 0 0 0 0 0 0 0 0 0 0 0 0 0 0 0 1 1 1 1 1 1 2 2 2 2 3 3 3 3 4 4 4 5 5 5 6 6 7 7 8 8 9 9 9 9 9 9 9 9 9 9 9 9 9 10 10 10 10 10 10 11 11 12 12 17 35 30 17 17 19 27 24 36 41 40 39 42 27 24 32 35
0 0 0 0 0 0 0 0 0 0 0 0 0 0 0 1 1 1 1 1 1 1 2 2 2 2 2 3 3 3 3 4 4 4 5 5 5 6 6 7 7 8 8 9 9 9 9 9 9 9 9 9 9 9 9 9 10 10 10 10 11 11 11 11 11 12 12 16 21 16 16 21 35 32 25 29 36 39 32 26 22 28 41
0 0 0 0 0 0 0 0 0 0 0 0 0 1 1 1 1 1 1 1 1 2 2 2 2 2 2 3 3 3 3 4 4 4 5 5 5 6 6 7 7 8 8 8 9 9 9 9 9 9 9 9 9 9 9 9 10 10 10 10 11 11 11 11 11 12 12 13 14 15 15 19 35 43 32 28 32 37 29 23 21 31 38
0 0 0 0 0 0 0 0 0 0 0 1 1 1 1 1 1 1 1 1 2 2 2 2 2 2 3 3 3 3 3 4 4 4 5 5 6 6 6 7 7 8 8 8 9 9 9 9 9 9 9 9 9 9 9 9 10 10 10 11 11 11 12 12 12 12 13 13 14 15 16 17 21 29 35 30 33 43 27 20 20 26 27
1 1 1 1 0 1 1 1 1 1 1 1 1 1 1 1 1 1 1 2 2 2 2 2 2 2 3 3 3 3 4 4 4 5 5 5 6 6 6 7 7 7 8 8 8 9 9 9 9 9 9 9 9 9 10 10 10 10 10 11 11 12 13 13 14 12 14 14 15 16 17 18 21 25 37 32 26 32 20 19 21 23 26
1 1 1 1 1 1 1 1 1 1 1 1 1 1 1 1 1 1 2 2 2 2 2 2 2 2 3 3 3 3 4 4 4 5 5 5 6 6 6 7 7 7 8 8 8 8 8 9 9 9 9 9 9 9 10 10 10 10 10 11 12 14 14 16 14 13 15 16 19 22 22 21 25 34 40 30 25 21 18 19 21 24 38
1 1 1 1 1 1 1 1 1 1 1 1 1 1 1 1 1 2 2 2 2 2 2 2 2 2 3 3 3 3 4 4 4 5 5 5 6 6 6 7 7 7 7 8 8 8 8 8 9 9 9 9 9 9 10 9 10 10 11 11 15 16 18 17 15 15 16 18 19 26 29 24 37 49 49 37 25 17 17 18 20 25 39
1 1 1 1 1 1 1 1 1 1 1 1 1 1 1 1 2 2 2 2 2 2 2 2 2 3 3 3 3 4 4 4 4 5 5 5 6 6 6 6 7 7 7 8 8 8 8 8 8 8 9 9 9 9 9 9 9 10 10 11 18 17 16 15 16 18 18 20 24 24 32 37 30 43 43 37 21 17 17 18 20 24 28
1 1 1 1 1 1 1 1 1 1 1 1 2 2 2 2 2 2 2 2 2 2 2 3 3 3 3 3 3 4 4 4 4 5 5 5 6 6 6 6 7 7 7 7 8 8 8 8 8 8 8 8 9 9 9 9 9 10 10 11 14 17 15 15 16 18 18 20 24 26 28 29 24 37 30 26 18 17 17 17 20 21 23
2 2 2 2 2 2 2 2 2 2 2 2 2 2 2 2 2 2 2 2 2 3 3 3 3 3 3 3 4 4 4 4 5 5 5 5 6 6 6 6 7 7 7 7 7 8 8 8 8 8 8 8 8 9 9 9 9 9 10 10 13 14 12 13 15 16 18 20 22 24 22 21 21 26 24 20 17 16 16 17 19 21 21
2 2 2 2 2 2 2 2 2 2 2 2 2 2 2 2 2 3 3 3 3 3 3 3 3 3 3 4 4 4 4 4 5 5 5 5 5 6 6 6 6 7 7 7 7 7 8 8 8 8 8 8 8 8 9 9 9 9 9 10 13 14 13 16 18 16 18 19 20 23 24 18 18 19 19 17 16 16 16 17 20 21 19
2 2 2 2 2 2 2 2 2 2 2 2 2 2 2 2 3 3 3 3 3 3 3 3 3 3 4 4 4 4 4 5 5 5 5 5 5 6 6 6 6 6 7 7 7 7 7 7 8 8 8 8 8 8 8 9 9 9 9 10 12 13 14 19 19 17 16 17 19 23 26 18 17 17 17 18 16 16 16 17 20 23 18
3 3 3 3 3 3 3 3 3 2 2 3 3 3 3 3 3 3 3 3 3 3 3 3 4 4 4 4 4 4 4 5 5 5 5 5 5 6 6 6 6 6 7 7 7 7 7 7 7 8 8 8 8 8 8 8 9 9 9 9 10 11 14 18 18 16 17 17 19 23 28 20 16 16 19 19 15 15 16 18 22 23 17
3 3 3 3 3 3 3 3 3 3 3 3 3 3 3 3 3 3 3 3 3 3 4 4 4 4 4 4 4 5 5 5 5 5 5 5 5 6 6 6 6 6 6 7 7 7 7 7 7 7 7 8 8 8 8 8 8 9 9 9 9 10 11 17 18 17 18 18 20 21 26 20 16 15 17 17 15 15 16 20 25 17 16
4 4 4 4 3 3 3 3 3 3 3 3 3 3 3 3 3 3 3 3 3 4 4 4 4 4 4 4 5 5 5 5 5 5 5 5 5 6 6 6 6 6 6 6 7 7 7 7 7 7 7 7 8 8 8 8 8 8 9 9 9 9 10 15 17 18 17 14 15 17 24 20 16 15 15 16 14 15 16 19 15 15 16
4 4 4 4 4 4 4 4 4 4 4 4 4 4 4 4 3 4 4 4 4 4 4 4 4 4 4 5 5 5 5 5 5 5 5 5 5 5 6 6 6 6 6 6 6 7 7 7 7 7 7 7 7 7 8 8 8 8 8 9 9 9 11 14 12 14 13 13 14 15 19 19 15 14 16 14 14 14 16 15 15 15 16
5 5 5 5 5 4 5 5 4 4 4 4 4 4 4 4 4 4 4 4 4 4 4 4 4 4 5 5 5 5 5 5 5 5 5 5 5 5 5 6 6 6 6 6 6 6 7 7 7 7 7 7 7 7 7 8 8 8 8 9 9 10 12 13 11 13 12 12 13 14 15 15 15 16 13 14 14 14 14 15 15 15 17
5 5 5 5 5 5 5 5 5 5 5 5 5 4 4 4 4 4 4 4 4 4 4 4 4 4 5 5 5 5 5 5 5 5 5 5 5 5 5 6 6 6 6 6 6 6 6 7 7 7 7 7 7 7 7 7 8 8 8 8 8 9 9 10 11 12 11 11 12 12 14 15 15 16 13 13 14 14 14 15 15 15 17
6 6 6 6 6 6 6 6 6 5 5 5 5 5 5 4 4 4 4 4 4 4 4 4 4 4 5 5 5 5 5 5 5 5 5 5 5 5 5 5 6 6 6 6 6 6 6 6 7 7 7 7 7 7 7 7 7 8 8 8 8 10 10 10 10 11 10 11 11 11 12 13 12 12 12 13 13 13 14 14 14 15 18
7 7 7 7 6 7 7 7 6 6 6 6 5 5 5 5 4 4 4 4 4 4 4 4 4 4 5 5 5 5 5 5 5 5 5 5 5 5 5 5 6 6 6 6 6 6 6 6 7 7 7 7 7 7 7 7 7 7 8 8 8 11 10 9 9 10 10 10 10 11 11 11 12 12 12 12 12 14 14 14 14 15 18
8 8 8 8 7 7 7 8 7 7 7 6 6 6 5 5 5 4 4 4 4 4 4 4 4 4 4 5 5 5 5 5 5 5 5 5 5 5 5 5 5 6 6 6 6 6 6 6 7 7 7 7 7 7 7 7 7 7 7 8 8 8 8 8 9 9 9 9 10 10 11 11 11 11 12 12 12 13 13 13 14 15 18
