Part_1_SDMs/env_data/present_climate/bioclim_10.asc
NCOLS 888 
NROWS 876 
XLLCORNER -19 
YLLCORNER -35 
CELLSIZE 0.0833333333333333 
NODATA_value -32768 
[rows 175 to 209 of 876, columns 553 to 631 of 888]
294 293 296 298 301 304 307 309 310 310 311 311 311 312 313 313 314 314 314 315 315 316 315 315 316 316 315 316 318 318 319 319 319 319 321 322 323 323 324 325 324 325 326 324 325 322 322 323 323 326 327 327 326 327 327 328 327 327 325 326 328 330 331 331 332 332 334 333 334 334 334 332 329 322 320 319 317 315 315
296 295 298 300 302 306 308 311 311 311 311 312 312 313 313 314 314 315 315 316 316 317 316 316 316 316 316 317 318 319 319 319 320 320 321 322 322 323 324 324 324 325 326 325 325 325 324 324 325 325 326 327 328 329 328 328 327 326 326 326 327 329 329 330 330 331 331 333 333 334 333 332 328 324 317 318 316 315 314
301 300 301 301 305 308 307 312 312 312 312 313 313 313 314 315 315 315 316 316 317 317 317 317 317 317 317 318 319 319 320 320 321 321 322 323 323 323 323 322 323 323 325 324 325 326 326 325 325 324 325 327 327 328 328 327 326 325 326 325 326 327 328 328 328 329 331 333 333 333 332 331 327 323 320 317 314 314 313
306 306 306 306 307 309 310 311 312 313 313 313 314 314 315 315 316 315 316 317 317 317 318 318 317 317 318 319 319 320 321 321 322 322 322 323 323 323 322 322 324 324 324 325 326 327 327 326 327 327 328 328 327 327 326 326 326 326 324 324 325 326 325 326 326 329 332 333 333 332 332 329 325 324 322 319 316 314 314
306 308 306 309 309 308 310 312 312 313 314 314 315 315 315 316 315 316 316 317 317 318 318 318 318 319 319 319 320 320 321 321 322 322 322 323 323 322 322 323 324 323 323 323 323 325 326 326 327 327 328 328 328 327 326 326 325 324 323 323 325 327 326 328 328 330 332 332 332 332 331 329 326 325 324 319 319 318 315
306 307 308 309 310 311 311 312 313 313 314 314 315 315 316 316 316 316 317 318 318 318 318 318 320 320 320 320 320 321 321 322 322 322 322 322 322 322 323 323 323 323 326 324 323 323 326 326 327 327 328 328 327 326 325 325 325 324 323 325 327 329 328 328 329 331 332 332 331 331 331 330 328 327 325 322 321 319 317
307 308 309 309 310 311 311 312 313 314 314 315 315 316 316 317 317 317 317 318 318 319 319 319 320 320 320 320 320 321 322 322 322 322 322 322 322 324 324 324 324 324 323 324 324 326 326 326 326 326 326 327 326 326 325 325 324 324 326 327 328 329 328 327 328 331 331 330 329 329 330 329 329 328 325 324 323 319 315
308 309 310 310 311 311 312 313 313 314 315 315 315 316 316 317 318 317 318 319 319 319 319 319 320 321 321 320 321 321 321 321 321 322 322 323 324 325 324 325 326 326 326 325 327 327 325 325 325 325 324 326 327 326 326 327 325 326 328 329 329 330 328 329 330 331 331 329 326 328 327 325 328 328 326 325 322 321 319
308 309 310 311 311 312 313 313 314 314 315 315 316 316 317 318 318 318 319 319 319 319 319 320 320 321 321 321 321 321 321 321 322 322 323 324 325 324 325 325 325 325 325 325 326 325 324 325 324 323 323 324 326 327 328 327 327 328 329 330 330 331 328 329 331 330 330 329 326 326 324 322 326 328 326 324 323 321 319
308 310 310 311 312 312 313 314 315 315 315 316 316 317 317 318 318 318 319 319 319 320 319 320 320 321 321 321 321 320 321 322 322 323 323 324 324 324 326 325 324 325 325 325 325 323 322 324 323 322 322 323 325 326 328 328 328 329 329 329 328 329 330 330 329 329 327 327 325 323 323 321 324 327 327 325 323 321 319
309 310 311 311 312 312 314 314 315 315 315 316 317 317 318 318 318 319 319 319 320 319 320 320 320 321 321 322 321 321 322 322 322 323 324 324 324 324 325 324 323 323 324 325 324 324 324 323 322 321 322 324 325 326 327 328 328 329 329 327 325 328 330 329 327 326 325 323 323 321 321 322 322 326 326 325 322 320 319
309 310 311 312 312 313 314 315 315 316 316 316 317 318 318 318 319 319 319 319 319 320 320 320 320 321 322 321 321 321 322 321 322 323 324 324 324 324 324 323 322 322 323 325 325 325 323 322 321 321 323 324 325 326 327 328 328 328 327 327 324 327 327 328 326 323 323 321 319 320 321 322 324 325 324 324 324 322 320
309 310 311 312 313 314 314 315 315 316 316 316 317 317 318 319 318 318 319 319 319 320 320 320 320 321 321 321 321 321 322 322 323 323 323 324 323 323 323 322 322 322 324 323 324 323 322 321 321 323 323 324 325 326 328 328 328 328 326 324 323 323 325 327 325 323 321 318 319 322 322 322 323 326 323 321 321 321 321
309 310 311 312 313 314 314 315 315 316 316 317 317 317 319 319 318 318 319 319 320 320 320 320 321 321 321 321 322 322 322 323 323 323 323 323 322 322 321 322 322 322 324 323 321 321 321 321 321 323 324 324 325 326 328 327 326 326 326 323 320 320 324 324 325 322 320 318 319 321 322 324 325 324 322 319 320 319 319
309 311 312 313 313 314 315 315 316 316 316 317 317 318 318 319 318 319 319 319 320 320 320 320 320 320 321 322 322 322 322 323 323 323 322 323 321 322 322 321 321 322 322 321 319 320 321 322 323 324 325 325 326 326 325 326 326 325 324 324 322 322 322 322 323 322 319 315 318 320 322 325 325 320 321 318 318 316 318
310 311 312 313 313 314 315 315 316 316 316 317 317 318 318 319 319 320 320 320 320 320 320 320 320 320 321 323 323 322 322 322 323 322 322 322 321 321 320 320 320 320 320 320 319 320 320 321 322 322 324 326 326 324 324 324 324 325 323 323 321 321 319 318 321 320 317 312 317 322 324 325 324 319 318 316 316 315 314
311 311 312 313 314 315 315 316 316 317 317 317 318 318 318 319 320 320 319 319 320 320 320 320 320 322 322 323 322 322 322 322 322 322 321 320 320 320 319 319 319 319 319 319 318 319 319 321 322 323 325 325 323 320 322 322 322 324 322 320 318 318 318 318 318 318 316 314 318 319 323 325 323 319 317 317 315 315 311
311 312 312 313 314 315 315 316 316 317 317 317 318 318 319 319 320 320 319 320 320 320 321 321 321 322 322 322 322 322 321 322 322 322 320 319 319 319 318 318 318 317 318 318 317 318 321 321 322 324 326 325 321 318 320 320 320 322 321 319 318 316 316 316 314 316 314 315 317 320 323 325 323 319 319 319 317 317 315
311 312 313 314 314 315 316 316 317 317 317 317 318 318 319 319 320 320 319 320 321 321 321 322 321 321 321 321 322 322 322 322 322 321 321 319 318 318 317 316 315 317 316 316 316 318 321 323 325 326 326 325 320 317 318 318 317 319 320 316 316 315 313 313 312 314 316 318 319 321 322 325 323 320 321 320 319 318 316
311 312 313 314 315 315 316 317 317 317 317 318 318 318 319 319 320 319 320 321 320 321 321 322 321 321 321 321 322 322 322 322 321 321 320 319 317 316 316 314 315 316 316 318 319 320 322 324 326 326 326 326 324 321 318 316 316 315 319 317 315 313 312 310 311 315 317 317 317 318 320 324 324 322 322 321 320 319 318
312 313 313 314 315 316 316 317 317 316 317 318 318 318 319 319 319 320 320 320 320 321 321 321 320 320 321 321 322 322 321 321 320 321 319 318 317 315 315 315 315 317 320 322 322 323 325 325 325 326 325 326 326 325 323 320 315 313 318 319 318 315 314 308 309 312 314 313 315 319 322 324 325 324 322 320 318 318 316
312 313 313 314 315 316 316 316 317 316 317 318 318 319 319 319 320 320 320 320 320 320 321 320 320 320 321 321 322 321 320 320 320 320 318 317 317 318 317 319 319 319 320 323 324 325 325 326 327 325 322 323 325 325 324 323 321 317 316 315 315 316 315 312 308 309 310 313 317 320 319 323 323 324 323 321 320 319 316
311 312 313 314 315 315 316 316 316 316 316 318 318 318 319 319 320 320 320 321 321 321 320 320 320 321 322 322 322 321 321 320 321 321 319 317 319 318 318 320 321 322 323 323 325 325 326 327 326 323 322 322 324 325 324 324 323 322 320 318 316 315 316 313 309 307 309 313 318 316 317 320 321 324 323 322 321 320 318
311 312 313 314 315 315 316 316 316 317 317 317 318 318 318 319 319 320 320 320 321 321 320 320 320 321 321 323 323 322 321 321 321 321 319 319 321 320 321 322 323 324 324 324 325 326 327 326 324 321 321 321 322 324 325 323 323 321 320 319 318 317 315 312 308 308 312 315 315 312 316 319 322 324 325 322 320 319 317
311 312 314 315 315 315 316 316 316 317 317 318 318 317 318 319 320 319 320 321 321 321 321 321 321 322 323 323 323 323 322 322 321 320 320 321 322 322 323 323 325 325 325 325 325 327 327 326 323 322 322 320 321 323 323 323 321 320 320 319 318 317 314 311 308 309 311 313 311 312 316 320 319 324 325 324 322 320 318
312 313 313 314 315 315 316 316 316 317 317 317 317 317 318 319 319 319 320 321 320 321 321 322 322 323 321 321 324 323 324 323 322 320 319 320 321 322 323 324 325 326 327 328 329 328 327 324 324 322 322 320 322 323 322 322 322 320 319 319 318 317 314 311 307 307 309 310 307 310 319 321 322 323 325 324 323 320 318
313 313 313 314 315 315 316 316 317 317 317 317 317 317 319 319 319 320 320 320 320 321 321 322 322 323 322 321 323 324 324 324 322 319 319 321 323 324 324 325 324 325 328 328 327 326 326 324 324 323 321 320 321 322 321 321 321 320 318 318 318 316 313 309 308 308 311 314 312 316 319 321 322 324 325 324 323 321 319
312 313 313 314 315 315 316 316 317 317 316 316 317 318 319 319 319 320 320 320 321 321 322 322 322 322 320 321 322 323 323 323 321 319 321 324 325 326 326 326 326 326 328 327 324 322 327 327 325 322 322 321 320 320 319 319 319 318 319 318 317 316 314 310 310 313 316 318 318 319 319 322 323 324 325 324 323 321 320
312 313 313 314 315 316 316 316 317 316 316 316 316 318 319 319 319 319 319 320 320 321 322 322 322 323 322 323 323 324 324 323 321 322 324 325 327 327 327 327 327 329 330 329 327 323 326 326 326 323 324 321 321 320 318 316 316 316 316 317 316 314 312 309 309 312 316 318 319 319 321 322 323 324 325 324 323 322 320
311 312 313 314 315 315 315 316 317 316 316 316 316 318 318 318 319 319 319 320 321 321 322 322 322 322 323 323 323 323 324 323 322 324 325 326 327 328 328 329 328 330 329 329 328 326 325 325 326 325 325 324 323 320 318 316 315 316 316 315 315 313 311 310 311 312 315 317 318 321 322 323 324 324 325 324 322 322 320
310 311 313 314 314 314 315 316 316 315 315 316 317 317 318 318 318 319 320 319 320 321 321 321 321 321 322 322 321 321 321 322 323 325 324 328 328 329 330 331 330 331 330 327 327 325 323 324 325 325 324 321 322 319 317 318 318 318 315 314 315 315 313 312 314 314 315 317 319 321 323 324 324 324 325 324 322 322 322
310 311 313 313 312 314 315 316 315 315 316 316 317 317 317 318 318 319 320 320 320 320 321 321 321 321 321 321 320 321 321 324 325 326 326 327 328 330 331 331 331 331 329 328 326 325 323 324 324 325 323 321 322 320 319 319 319 317 314 314 317 316 316 316 315 317 316 317 319 321 323 324 325 326 326 325 323 323 323
310 310 311 311 311 313 315 315 315 316 315 315 316 316 317 317 318 319 320 320 319 320 321 321 320 320 321 321 320 321 323 324 325 326 326 328 329 330 332 331 330 330 329 328 327 325 325 324 324 324 323 322 319 321 321 321 319 318 318 318 319 318 318 318 319 319 318 317 319 320 321 323 325 326 327 326 325 324 323
309 309 310 310 310 312 314 314 315 315 315 315 315 315 316 317 318 318 319 319 320 320 320 320 319 320 322 321 320 320 323 325 324 324 324 326 328 329 332 331 330 329 329 327 327 327 327 327 326 324 323 323 318 322 323 323 322 321 321 321 321 320 320 320 321 320 319 319 320 320 317 319 322 326 327 326 325 324 323
308 308 309 310 311 312 312 312 314 314 314 315 314 315 315 315 316 317 318 318 319 319 321 322 323 323 323 321 320 321 322 325 326 325 325 327 330 331 332 332 330 329 330 329 329 329 328 327 326 325 325 326 326 318 325 324 324 323 323 323 322 321 321 321 322 322 321 319 321 323 324 325 327 327 327 326 325 325 324
