Part_2_PD_PE/phylo/output/SDMs_SR.asc
ncols         433
nrows         867
xllcorner     25
yllcorner     -34.0833333333333
cellsize      0.0416666666666643
NODATA_value  -9999
[rows 476 to 509 of 867, columns 78 to 155 of 433]
0.554 0.531 0.562 0.564 0.56 0.552 0.544 0.54 0.539 0.537 0.539 0.544 0.53 0.554 0.548 0.55 0.578 0.587 0.572 0.553 0.549 0.541 0.543 0.55 0.539 0.535 0.534 0.536 0.54 0.545 0.536 0.526 0.525 0.54 0.534 0.553 0.561 0.559 0.574 0.614 0.58 0.566 0.613 0.612 0.615 0.622 0.652 0.638 0.671 0.669 0.687 0.68 0.664 0.68 0.691 0.653 0.642 0.653 0.625 0.644 0.629 0.629 0.658 0.666 0.683 0.732 0.784 0.853 0.929 0.963 1.016 1.009 1.012 1.043 1.106 1.115 1.112 1.064
0.54 0.543 0.571 0.56 0.577 0.531 0.557 0.532 0.573 0.554 0.54 0.529 0.533 0.544 0.525 0.538 0.532 0.567 0.581 0.564 0.539 0.536 0.521 0.51 0.509 0.501 0.499 0.498 0.506 0.505 0.495 0.504 0.503 0.506 0.546 0.544 0.552 0.559 0.557 0.574 0.546 0.572 0.589 0.584 0.583 0.596 0.609 0.617 0.638 0.644 0.656 0.643 0.65 0.666 0.656 0.65 0.631 0.609 0.612 0.611 0.636 0.616 0.634 0.655 0.665 0.699 0.742 0.813 0.882 0.908 0.963 0.978 1.01 1.039 1.043 1.077 1.107 1.032
0.559 0.554 0.537 0.554 0.552 0.554 0.553 0.532 0.55 0.55 0.54 0.56 0.568 0.54 0.536 0.557 0.55 0.565 0.573 0.55 0.538 0.526 0.516 0.519 0.496 0.506 0.507 0.51 0.502 0.505 0.52 0.527 0.51 0.517 0.517 0.523 0.52 0.526 0.528 0.534 0.544 0.543 0.551 0.584 0.58 0.572 0.572 0.609 0.598 0.625 0.629 0.62 0.672 0.664 0.663 0.646 0.628 0.636 0.61 0.648 0.628 0.62 0.622 0.634 0.641 0.649 0.705 0.791 0.844 0.883 0.894 0.89 0.973 1.028 1.011 1.008 1.006 1.003
0.553 0.552 0.561 0.581 0.57 0.552 0.555 0.552 0.539 0.548 0.543 0.518 0.555 0.557 0.577 0.567 0.582 0.652 0.589 0.531 0.525 0.528 0.496 0.49 0.485 0.488 0.528 0.482 0.471 0.49 0.524 0.517 0.519 0.497 0.533 0.525 0.523 0.528 0.505 0.519 0.523 0.515 0.559 0.555 0.577 0.576 0.574 0.587 0.597 0.608 0.649 0.676 0.654 0.64 0.652 0.665 0.674 0.651 0.639 0.634 0.625 0.639 0.623 0.613 0.614 0.629 0.688 0.734 0.787 0.811 0.818 0.877 0.943 0.948 0.956 0.964 0.969 0.96
0.567 0.551 0.56 0.564 0.583 0.563 0.545 0.561 0.574 0.542 0.537 0.535 0.554 0.538 0.554 0.589 0.654 0.706 0.611 0.551 0.531 0.521 0.499 0.493 0.494 0.487 0.499 0.494 0.487 0.487 0.5 0.503 0.505 0.508 0.508 0.518 0.506 0.518 0.528 0.507 0.532 0.53 0.526 0.551 0.549 0.536 0.544 0.593 0.592 0.628 0.632 0.622 0.672 0.665 0.651 0.67 0.678 0.635 0.651 0.642 0.63 0.635 0.64 0.604 0.618 0.634 0.642 0.668 0.685 0.708 0.739 0.793 0.827 0.903 0.93 0.916 0.971 0.93
0.529 0.547 0.55 0.566 0.556 0.563 0.596 0.612 0.568 0.559 0.535 0.535 0.549 0.54 0.551 0.645 0.682 0.648 0.573 0.538 0.53 0.513 0.507 0.504 0.517 0.514 0.507 0.506 0.477 0.478 0.473 0.484 0.481 0.473 0.494 0.501 0.511 0.508 0.5 0.528 0.527 0.511 0.55 0.538 0.558 0.538 0.54 0.569 0.558 0.627 0.63 0.664 0.633 0.652 0.67 0.678 0.653 0.657 0.653 0.687 0.651 0.631 0.638 0.599 0.608 0.624 0.628 0.653 0.661 0.695 0.704 0.715 0.785 0.855 0.879 0.943 0.889 0.889
0.527 0.529 0.552 0.58 0.607 0.645 0.62 0.576 0.581 0.595 0.552 0.582 0.543 0.541 0.557 0.679 0.706 0.591 0.54 0.538 0.51 0.511 0.506 0.494 0.492 0.529 0.486 0.489 0.493 0.492 0.495 0.489 0.494 0.52 0.517 0.517 0.53 0.513 0.515 0.513 0.517 0.52 0.561 0.54 0.533 0.531 0.545 0.546 0.553 0.573 0.625 0.647 0.592 0.61 0.647 0.672 0.71 0.675 0.7 0.684 0.639 0.648 0.626 0.607 0.617 0.625 0.599 0.649 0.645 0.686 0.706 0.725 0.807 0.854 0.869 0.915 0.897 0.885
0.503 0.516 0.51 0.551 0.564 0.601 0.648 0.621 0.611 0.604 0.603 0.584 0.561 0.588 0.687 0.692 0.715 0.63 0.573 0.554 0.535 0.513 0.515 0.516 0.511 0.499 0.503 0.502 0.495 0.496 0.51 0.503 0.468 0.487 0.49 0.508 0.508 0.52 0.528 0.52 0.525 0.539 0.54 0.533 0.538 0.528 0.529 0.525 0.537 0.583 0.57 0.611 0.608 0.612 0.644 0.679 0.672 0.688 0.661 0.655 0.65 0.635 0.638 0.604 0.608 0.627 0.615 0.618 0.648 0.647 0.671 0.745 0.769 0.831 0.858 0.883 0.87 0.91
0.496 0.487 0.524 0.548 0.545 0.58 0.606 0.639 0.637 0.651 0.621 0.601 0.6 0.664 0.688 0.671 0.682 0.656 0.657 0.592 0.549 0.539 0.506 0.493 0.486 0.488 0.471 0.485 0.488 0.483 0.49 0.494 0.495 0.496 0.488 0.517 0.515 0.524 0.533 0.527 0.532 0.551 0.546 0.539 0.56 0.537 0.539 0.534 0.518 0.559 0.545 0.576 0.58 0.597 0.607 0.623 0.664 0.63 0.66 0.646 0.639 0.629 0.639 0.604 0.612 0.591 0.61 0.621 0.629 0.64 0.694 0.72 0.772 0.806 0.83 0.897 0.929 0.966
0.502 0.497 0.526 0.554 0.584 0.621 0.602 0.626 0.639 0.68 0.607 0.579 0.647 0.645 0.678 0.697 0.722 0.71 0.68 0.667 0.64 0.577 0.518 0.508 0.502 0.491 0.492 0.492 0.5 0.503 0.49 0.476 0.475 0.477 0.482 0.505 0.487 0.527 0.539 0.53 0.561 0.547 0.554 0.552 0.542 0.583 0.562 0.528 0.516 0.527 0.554 0.558 0.556 0.604 0.605 0.625 0.621 0.619 0.632 0.632 0.619 0.617 0.617 0.605 0.595 0.589 0.614 0.618 0.632 0.657 0.69 0.714 0.745 0.776 0.845 0.881 0.928 0.943
0.48 0.508 0.509 0.537 0.573 0.592 0.603 0.605 0.637 0.63 0.626 0.624 0.645 0.664 0.733 0.731 0.759 0.723 0.71 0.648 0.616 0.535 0.507 0.486 0.477 0.476 0.48 0.474 0.471 0.478 0.487 0.492 0.48 0.491 0.49 0.494 0.5 0.49 0.534 0.526 0.569 0.563 0.55 0.552 0.571 0.553 0.546 0.55 0.519 0.518 0.533 0.509 0.528 0.565 0.583 0.585 0.584 0.603 0.592 0.63 0.592 0.615 0.615 0.611 0.595 0.573 0.575 0.582 0.642 0.639 0.676 0.725 0.755 0.782 0.816 0.852 0.898 0.912
0.477 0.479 0.499 0.509 0.53 0.524 0.556 0.589 0.577 0.606 0.607 0.627 0.6 0.629 0.675 0.677 0.751 0.711 0.692 0.664 0.62 0.6 0.537 0.506 0.493 0.496 0.492 0.499 0.496 0.495 0.462 0.492 0.483 0.499 0.517 0.479 0.507 0.52 0.527 0.518 0.563 0.563 0.545 0.531 0.562 0.537 0.535 0.541 0.542 0.541 0.534 0.522 0.531 0.537 0.552 0.593 0.607 0.589 0.607 0.588 0.598 0.607 0.595 0.592 0.587 0.571 0.586 0.59 0.604 0.638 0.655 0.73 0.764 0.809 0.837 0.873 0.851 0.887
0.466 0.507 0.515 0.501 0.502 0.528 0.524 0.549 0.587 0.576 0.607 0.627 0.623 0.639 0.639 0.675 0.658 0.649 0.653 0.654 0.636 0.629 0.565 0.555 0.506 0.508 0.51 0.481 0.47 0.484 0.47 0.474 0.483 0.487 0.495 0.481 0.495 0.52 0.527 0.532 0.554 0.555 0.555 0.535 0.553 0.54 0.533 0.518 0.537 0.534 0.53 0.532 0.534 0.545 0.549 0.564 0.565 0.561 0.565 0.559 0.565 0.579 0.585 0.583 0.579 0.567 0.587 0.591 0.607 0.638 0.672 0.732 0.76 0.797 0.844 0.825 0.831 0.81
0.512 0.512 0.518 0.509 0.506 0.551 0.532 0.524 0.556 0.586 0.607 0.606 0.639 0.598 0.645 0.663 0.678 0.668 0.66 0.617 0.654 0.602 0.582 0.572 0.564 0.518 0.483 0.476 0.494 0.483 0.474 0.491 0.49 0.479 0.496 0.517 0.509 0.513 0.5 0.549 0.549 0.549 0.544 0.542 0.535 0.535 0.525 0.511 0.523 0.518 0.517 0.513 0.513 0.522 0.557 0.558 0.57 0.575 0.575 0.562 0.58 0.57 0.55 0.549 0.545 0.557 0.573 0.577 0.606 0.644 0.662 0.743 0.768 0.794 0.825 0.776 0.781 0.795
0.509 0.521 0.523 0.533 0.53 0.557 0.549 0.53 0.574 0.552 0.577 0.591 0.64 0.619 0.619 0.633 0.645 0.634 0.62 0.631 0.611 0.607 0.593 0.585 0.587 0.522 0.498 0.487 0.492 0.485 0.485 0.461 0.5 0.502 0.49 0.479 0.502 0.515 0.523 0.522 0.553 0.52 0.52 0.516 0.513 0.51 0.52 0.518 0.499 0.533 0.487 0.518 0.524 0.517 0.527 0.529 0.529 0.544 0.531 0.536 0.538 0.546 0.55 0.551 0.566 0.561 0.577 0.579 0.606 0.626 0.649 0.73 0.779 0.774 0.814 0.794 0.809 0.784
0.517 0.521 0.534 0.518 0.521 0.532 0.555 0.534 0.566 0.55 0.583 0.573 0.594 0.598 0.575 0.615 0.609 0.608 0.596 0.6 0.567 0.573 0.56 0.558 0.589 0.539 0.506 0.473 0.469 0.481 0.473 0.472 0.493 0.507 0.48 0.491 0.497 0.506 0.516 0.521 0.517 0.536 0.53 0.532 0.531 0.528 0.521 0.502 0.511 0.508 0.498 0.529 0.537 0.529 0.548 0.552 0.55 0.558 0.561 0.564 0.529 0.536 0.536 0.535 0.535 0.529 0.581 0.581 0.61 0.627 0.687 0.735 0.731 0.737 0.775 0.838 0.79 0.789
0.516 0.521 0.529 0.535 0.533 0.542 0.562 0.553 0.58 0.572 0.558 0.568 0.603 0.585 0.602 0.588 0.567 0.598 0.579 0.57 0.562 0.541 0.542 0.527 0.524 0.509 0.476 0.485 0.484 0.485 0.474 0.483 0.505 0.508 0.506 0.483 0.5 0.521 0.525 0.529 0.494 0.536 0.511 0.511 0.509 0.503 0.501 0.509 0.503 0.513 0.525 0.502 0.513 0.514 0.536 0.519 0.525 0.535 0.535 0.552 0.54 0.536 0.538 0.536 0.534 0.538 0.589 0.589 0.623 0.637 0.66 0.711 0.696 0.736 0.724 0.816 0.834 0.82
0.488 0.532 0.543 0.532 0.512 0.535 0.558 0.559 0.568 0.559 0.598 0.582 0.576 0.566 0.594 0.573 0.568 0.579 0.56 0.565 0.561 0.537 0.549 0.541 0.492 0.496 0.487 0.497 0.479 0.481 0.487 0.478 0.468 0.495 0.495 0.482 0.526 0.501 0.506 0.51 0.515 0.516 0.513 0.512 0.503 0.503 0.514 0.511 0.517 0.515 0.517 0.512 0.527 0.532 0.531 0.536 0.544 0.552 0.562 0.557 0.546 0.561 0.547 0.544 0.538 0.538 0.557 0.595 0.605 0.671 0.678 0.664 0.673 0.707 0.74 0.782 0.844 0.825
0.479 0.481 0.474 0.495 0.516 0.518 0.54 0.519 0.545 0.535 0.562 0.548 0.55 0.546 0.559 0.565 0.555 0.55 0.541 0.526 0.525 0.509 0.513 0.502 0.503 0.505 0.477 0.494 0.49 0.502 0.459 0.493 0.48 0.491 0.506 0.5 0.517 0.527 0.521 0.528 0.513 0.531 0.516 0.514 0.507 0.507 0.516 0.506 0.516 0.51 0.523 0.519 0.532 0.512 0.514 0.52 0.528 0.535 0.543 0.57 0.573 0.57 0.566 0.555 0.554 0.555 0.551 0.597 0.64 0.671 0.671 0.693 0.665 0.69 0.721 0.758 0.814 0.879
0.453 0.486 0.494 0.501 0.508 0.489 0.531 0.537 0.516 0.541 0.535 0.522 0.533 0.51 0.53 0.516 0.515 0.518 0.55 0.527 0.521 0.531 0.521 0.478 0.491 0.477 0.472 0.47 0.463 0.475 0.471 0.472 0.492 0.499 0.498 0.528 0.521 0.507 0.538 0.524 0.538 0.5 0.498 0.496 0.489 0.484 0.526 0.484 0.528 0.524 0.515 0.542 0.515 0.516 0.522 0.544 0.548 0.537 0.539 0.545 0.546 0.541 0.545 0.562 0.553 0.554 0.608 0.601 0.643 0.681 0.667 0.685 0.689 0.706 0.729 0.771 0.819 0.858
0.448 0.493 0.495 0.489 0.493 0.493 0.51 0.497 0.499 0.532 0.513 0.502 0.534 0.514 0.518 0.505 0.531 0.512 0.505 0.508 0.504 0.498 0.493 0.485 0.498 0.489 0.486 0.483 0.479 0.486 0.486 0.475 0.473 0.494 0.498 0.484 0.534 0.524 0.507 0.51 0.517 0.517 0.521 0.516 0.503 0.502 0.489 0.499 0.487 0.505 0.535 0.539 0.515 0.533 0.536 0.519 0.522 0.527 0.557 0.565 0.564 0.547 0.553 0.574 0.575 0.605 0.625 0.656 0.709 0.691 0.692 0.711 0.693 0.686 0.709 0.803 0.831 0.87
0.422 0.427 0.454 0.46 0.471 0.471 0.477 0.478 0.481 0.514 0.501 0.49 0.505 0.503 0.496 0.516 0.498 0.482 0.515 0.504 0.502 0.492 0.485 0.493 0.499 0.488 0.494 0.454 0.45 0.452 0.466 0.487 0.484 0.488 0.511 0.505 0.501 0.512 0.502 0.501 0.499 0.5 0.501 0.497 0.489 0.478 0.505 0.495 0.502 0.506 0.501 0.53 0.532 0.544 0.512 0.529 0.533 0.562 0.559 0.595 0.558 0.569 0.56 0.584 0.592 0.609 0.638 0.681 0.72 0.726 0.748 0.721 0.72 0.733 0.731 0.779 0.799 0.819
0.404 0.399 0.437 0.44 0.452 0.453 0.459 0.496 0.501 0.506 0.487 0.509 0.488 0.467 0.5 0.484 0.501 0.488 0.485 0.505 0.498 0.485 0.485 0.484 0.498 0.458 0.464 0.478 0.476 0.459 0.474 0.463 0.5 0.488 0.481 0.506 0.499 0.515 0.508 0.517 0.522 0.504 0.505 0.494 0.503 0.493 0.481 0.474 0.498 0.504 0.515 0.526 0.528 0.526 0.527 0.529 0.531 0.568 0.576 0.576 0.582 0.601 0.608 0.606 0.602 0.619 0.646 0.689 0.754 0.772 0.768 0.768 0.741 0.745 0.742 0.781 0.757 0.802
0.404 0.427 0.405 0.408 0.417 0.439 0.476 0.474 0.477 0.517 0.501 0.479 0.496 0.5 0.484 0.482 0.477 0.489 0.49 0.469 0.469 0.464 0.462 0.46 0.467 0.464 0.475 0.466 0.467 0.467 0.472 0.473 0.474 0.461 0.513 0.486 0.52 0.519 0.515 0.516 0.523 0.49 0.486 0.474 0.5 0.484 0.492 0.469 0.5 0.486 0.521 0.529 0.542 0.526 0.539 0.545 0.536 0.564 0.57 0.568 0.577 0.595 0.623 0.604 0.634 0.639 0.687 0.749 0.785 0.806 0.806 0.81 0.769 0.802 0.802 0.795 0.789 0.784
0.418 0.408 0.4 0.431 0.44 0.434 0.461 0.465 0.472 0.495 0.491 0.475 0.478 0.484 0.501 0.5 0.484 0.465 0.487 0.487 0.481 0.448 0.463 0.475 0.468 0.469 0.449 0.444 0.447 0.46 0.459 0.448 0.483 0.475 0.468 0.493 0.493 0.522 0.528 0.529 0.499 0.488 0.482 0.478 0.468 0.498 0.477 0.472 0.485 0.503 0.513 0.525 0.51 0.523 0.542 0.548 0.533 0.538 0.556 0.574 0.578 0.57 0.61 0.613 0.648 0.684 0.714 0.801 0.829 0.852 0.876 0.871 0.878 0.9 0.892 0.893 0.848 0.816
0.417 0.407 0.427 0.43 0.422 0.433 0.458 0.446 0.485 0.486 0.481 0.481 0.498 0.471 0.458 0.474 0.468 0.474 0.471 0.446 0.44 0.45 0.445 0.441 0.447 0.443 0.454 0.454 0.457 0.457 0.453 0.457 0.459 0.483 0.474 0.484 0.521 0.503 0.502 0.505 0.492 0.501 0.497 0.477 0.474 0.492 0.489 0.502 0.483 0.527 0.515 0.504 0.519 0.523 0.54 0.544 0.542 0.546 0.55 0.553 0.568 0.584 0.611 0.629 0.645 0.719 0.766 0.838 0.886 0.92 0.924 0.944 0.981 0.957 1.004 1.042 0.994 0.91
0.411 0.433 0.397 0.451 0.456 0.451 0.466 0.456 0.479 0.479 0.478 0.457 0.491 0.475 0.479 0.459 0.476 0.457 0.452 0.459 0.436 0.439 0.453 0.447 0.446 0.45 0.448 0.464 0.433 0.445 0.443 0.462 0.465 0.455 0.464 0.489 0.494 0.492 0.493 0.49 0.48 0.47 0.464 0.465 0.477 0.466 0.472 0.489 0.513 0.51 0.519 0.505 0.523 0.521 0.505 0.51 0.542 0.558 0.519 0.556 0.557 0.59 0.623 0.622 0.719 0.72 0.844 0.894 0.918 0.936 0.909 0.997 1.068 1.005 0.945 1.013 0.939 1.06
0.403 0.431 0.427 0.449 0.453 0.447 0.483 0.483 0.468 0.491 0.492 0.488 0.469 0.448 0.483 0.459 0.445 0.439 0.454 0.465 0.434 0.436 0.442 0.424 0.437 0.438 0.441 0.441 0.443 0.452 0.45 0.454 0.444 0.444 0.467 0.476 0.47 0.476 0.47 0.496 0.496 0.475 0.486 0.473 0.471 0.498 0.505 0.504 0.509 0.49 0.489 0.506 0.523 0.502 0.506 0.515 0.523 0.535 0.527 0.525 0.548 0.579 0.591 0.628 0.729 0.812 0.853 0.909 0.94 0.987 0.958 0.998 1.048 1.1 1.034 0.922 0.938 0.986
0.414 0.414 0.437 0.426 0.447 0.456 0.478 0.453 0.451 0.474 0.468 0.465 0.453 0.465 0.474 0.452 0.449 0.444 0.436 0.439 0.441 0.456 0.431 0.438 0.445 0.416 0.457 0.428 0.434 0.467 0.439 0.471 0.473 0.46 0.468 0.477 0.475 0.467 0.476 0.466 0.47 0.464 0.48 0.483 0.464 0.484 0.507 0.514 0.5 0.52 0.515 0.528 0.521 0.505 0.518 0.514 0.514 0.535 0.54 0.532 0.566 0.571 0.605 0.707 0.728 0.817 0.872 0.863 0.937 0.96 1 1.041 1.04 1.118 1.053 0.904 1.045 0.934
0.421 0.438 0.424 0.457 0.46 0.446 0.446 0.437 0.456 0.447 0.462 0.46 0.458 0.46 0.467 0.45 0.454 0.459 0.422 0.455 0.456 0.471 0.427 0.444 0.42 0.437 0.438 0.429 0.447 0.45 0.454 0.461 0.465 0.477 0.477 0.463 0.475 0.477 0.466 0.473 0.479 0.46 0.491 0.479 0.468 0.484 0.507 0.509 0.526 0.527 0.537 0.521 0.521 0.52 0.518 0.498 0.494 0.502 0.54 0.544 0.553 0.577 0.618 0.69 0.749 0.802 0.875 0.927 0.93 0.949 0.993 1.05 1.038 1.047 1.003 0.905 0.968 0.965
0.432 0.416 0.414 0.418 0.438 0.455 0.451 0.468 0.454 0.454 0.451 0.456 0.47 0.447 0.463 0.457 0.455 0.433 0.434 0.434 0.437 0.443 0.436 0.456 0.428 0.442 0.458 0.441 0.465 0.466 0.469 0.478 0.483 0.468 0.482 0.468 0.493 0.488 0.478 0.469 0.47 0.485 0.472 0.481 0.502 0.503 0.51 0.516 0.528 0.511 0.546 0.515 0.534 0.513 0.53 0.532 0.512 0.5 0.54 0.542 0.564 0.564 0.622 0.673 0.71 0.806 0.827 0.888 0.921 0.99 1.014 0.953 0.985 1.048 0.985 0.928 0.864 0.898
0.418 0.452 0.438 0.439 0.435 0.434 0.435 0.452 0.462 0.449 0.467 0.464 0.453 0.446 0.461 0.46 0.439 0.439 0.416 0.432 0.452 0.443 0.452 0.447 0.434 0.45 0.426 0.437 0.442 0.446 0.452 0.46 0.502 0.494 0.511 0.476 0.499 0.491 0.47 0.479 0.482 0.484 0.473 0.498 0.479 0.508 0.526 0.521 0.55 0.513 0.545 0.512 0.534 0.513 0.507 0.505 0.529 0.54 0.554 0.531 0.564 0.56 0.596 0.632 0.722 0.775 0.824 0.858 0.908 0.895 0.944 0.98 0.946 1.002 0.941 0.885 0.86 0.88
0.442 0.43 0.452 0.435 0.453 0.455 0.454 0.443 0.442 0.437 0.455 0.44 0.461 0.457 0.44 0.431 0.445 0.451 0.432 0.43 0.469 0.462 0.443 0.476 0.472 0.452 0.432 0.44 0.441 0.46 0.463 0.473 0.482 0.511 0.521 0.499 0.501 0.493 0.483 0.499 0.496 0.482 0.484 0.496 0.52 0.513 0.535 0.532 0.554 0.556 0.551 0.55 0.526 0.535 0.516 0.531 0.527 0.533 0.562 0.562 0.557 0.573 0.625 0.701 0.743 0.797 0.819 0.801 0.866 0.903 0.897 0.952 0.98 0.997 0.986 0.956 0.947 0.884
0.419 0.454 0.453 0.439 0.441 0.445 0.43 0.451 0.44 0.456 0.452 0.452 0.435 0.435 0.45 0.442 0.441 0.431 0.444 0.446 0.427 0.445 0.453 0.455 0.456 0.458 0.434 0.444 0.457 0.459 0.463 0.474 0.481 0.506 0.502 0.512 0.493 0.471 0.482 0.482 0.473 0.504 0.492 0.497 0.523 0.549 0.54 0.528 0.562 0.557 0.548 0.56 0.559 0.569 0.558 0.525 0.541 0.544 0.556 0.568 0.571 0.616 0.676 0.709 0.727 0.787 0.758 0.813 0.809 0.843 0.857 0.858 0.978 1.024 0.99 0.984 0.969 0.899
