Part_2_PD_PE/phylo/output/SDMs_SR.asc
ncols         433
nrows         867
xllcorner     25
yllcorner     -34.0833333333333
cellsize      0.0416666666666643
NODATA_value  -9999
[rows 136 to 169 of 867, columns 0 to 77 of 433]
5.605 5.745 5.673 5.669 5.662 5.679 5.679 5.679 5.683 5.658 5.657 5.777 5.641 5.662 5.696 5.696 5.706 5.638 5.738 5.738 5.572 5.666 5.636 5.644 5.647 5.645 5.61 5.583 5.577 5.546 5.463 5.443 5.44 5.348 5.388 5.334 5.329 5.287 5.217 5.255 5.213 5.226 5.236 5.304 5.228 5.232 5.223 5.195 5.265 5.233 5.215 5.166 5.219 5.195 5.166 5.179 5.123 5.126 5.121 5.112 5.02 4.803 4.77 4.702 4.679 4.683 4.554 4.424 4.389 4.373 4.284 4.26 4.098 4.113 4.089 4.042 4.111 4.064
5.695 5.661 5.702 5.64 5.582 5.558 5.657 5.632 5.625 5.61 5.582 5.592 5.591 5.644 5.666 5.599 5.614 5.554 5.64 5.562 5.539 5.531 5.55 5.555 5.561 5.606 5.587 5.474 5.452 5.423 5.414 5.404 5.425 5.384 5.303 5.264 5.243 5.241 5.205 5.232 5.256 5.158 5.215 5.153 5.133 5.167 5.217 5.153 5.223 5.152 5.169 5.11 5.061 5.091 5.009 5.061 4.925 4.954 5.067 5.056 5.033 4.883 4.858 4.738 4.716 4.657 4.557 4.462 4.399 4.203 4.184 4.092 4.155 4.078 4.077 4.068 4.053 4.012
5.67 5.685 5.592 5.512 5.581 5.529 5.63 5.624 5.584 5.64 5.593 5.595 5.523 5.584 5.582 5.542 5.544 5.54 5.536 5.554 5.549 5.523 5.586 5.552 5.477 5.502 5.422 5.392 5.339 5.37 5.379 5.302 5.342 5.212 5.279 5.203 5.157 5.19 5.13 5.275 5.155 5.169 5.131 5.14 5.141 5.127 5.1 5.086 5.078 5.127 5.113 4.995 4.895 4.965 4.966 4.975 4.838 4.897 4.946 4.806 4.93 4.786 4.618 4.676 4.659 4.638 4.55 4.51 4.355 4.318 4.128 4.578 4.088 4.077 4.071 4.037 4.043 4.044
5.656 5.538 5.504 5.589 5.616 5.567 5.499 5.499 5.497 5.551 5.566 5.511 5.515 5.394 5.555 5.496 5.526 5.526 5.332 5.535 5.459 5.355 5.399 5.378 5.369 5.382 5.355 5.391 5.352 5.383 5.254 5.26 5.256 5.193 5.199 5.234 5.159 5.128 5.028 5.092 5.07 5.016 5.042 4.995 5.029 5.023 4.957 5.036 4.988 4.977 5.053 4.992 4.818 4.828 4.942 4.972 4.9 4.88 4.898 4.834 5.183 4.666 4.435 4.498 4.586 4.508 4.498 4.439 4.407 4.36 4.118 4.817 4.586 4.057 4.059 4.029 4.01 4.046
5.584 5.447 5.526 5.561 5.516 5.504 5.527 5.447 5.412 5.401 5.432 5.42 5.419 5.391 5.36 5.405 5.51 5.395 5.444 5.394 5.317 5.294 5.347 5.281 5.382 5.349 5.172 5.221 5.22 5.21 5.169 5.197 5.201 5.201 5.118 5.103 5.092 5.05 5.026 5.056 4.976 5.043 5.01 4.945 4.946 4.976 4.908 4.97 4.97 4.939 4.899 5.001 4.942 4.812 4.906 4.889 4.847 4.873 4.86 4.629 5.014 4.617 4.981 4.8 4.43 4.37 4.365 4.189 4.298 4.338 4.113 4.584 4.046 4.059 4.047 4.008 3.99 4.002
5.4 5.375 5.415 5.414 5.403 5.48 5.456 5.383 5.396 5.385 5.375 5.394 5.332 5.356 5.38 5.33 5.346 5.37 5.299 5.269 5.265 5.309 5.277 5.312 5.247 5.201 5.161 5.159 5.109 5.096 5.076 5.074 5.015 4.982 4.974 5.007 4.979 5.002 4.975 5.018 4.932 4.939 4.906 4.932 4.895 4.868 4.842 4.867 4.876 4.906 4.89 4.901 4.885 4.869 4.867 4.802 4.759 4.824 4.782 4.807 4.77 4.567 4.475 4.287 4.369 4.737 4.822 4.806 4.281 4.319 4.203 4.03 4.55 4.047 4.015 3.98 4.033 4.042
5.414 5.402 5.397 5.357 5.41 5.327 5.405 5.403 5.388 5.376 5.316 5.294 5.319 5.253 5.304 5.246 5.267 5.296 5.246 5.188 5.26 5.189 5.097 5.219 5.188 5.105 5.087 5.064 5.048 4.903 4.805 4.91 4.91 4.91 4.888 4.902 4.943 4.953 4.882 4.898 4.848 4.822 4.811 4.854 4.779 4.83 4.831 4.828 4.718 4.737 4.769 4.736 4.861 4.849 4.823 4.802 4.802 4.795 4.773 4.731 4.728 4.571 4.586 4.441 4.414 4.642 4.676 4.627 4.08 4.157 4.225 4.127 4.254 3.989 4.037 3.976 3.951 3.95
5.375 5.382 5.352 5.35 5.327 5.279 5.331 5.273 5.379 5.357 5.151 5.168 5.271 5.242 5.188 5.24 5.244 5.142 5.108 5.102 5.078 5.143 5.12 5.14 5.067 4.988 4.975 4.894 4.859 4.845 4.733 4.755 4.767 4.802 4.85 4.811 4.895 4.852 4.835 4.837 4.802 4.788 4.792 4.734 4.705 4.722 4.728 4.732 4.655 4.619 4.657 4.723 4.79 4.814 4.788 4.765 4.746 4.719 4.712 4.715 4.425 4.451 4.439 4.431 4.325 4.213 4.62 4.58 4.087 4.054 4.209 4.231 4.205 3.958 4.052 3.977 3.962 3.939
5.354 5.263 5.313 5.304 5.314 5.234 5.28 5.266 5.181 5.248 5.13 5.169 5.14 5.164 5.152 5.178 5.177 5.126 5.126 5.028 4.615 5.076 4.638 5.03 5.011 4.664 4.95 4.858 4.948 4.834 4.8 4.796 4.812 4.725 4.737 4.673 4.728 4.74 4.793 4.717 4.698 4.677 4.71 4.736 4.705 4.712 4.741 4.714 5.605 4.642 4.681 4.685 4.621 4.697 4.67 4.708 4.635 4.686 4.645 4.46 4.601 4.401 4.413 4.318 4.347 4.349 4.345 4.072 4.056 4.298 4.184 4.247 4.202 4.176 4.057 3.961 3.931 3.965
5.269 5.262 5.149 5.303 5.286 5.17 5.254 5.178 5.232 5.234 5.146 5.142 5.116 5.127 5.117 5.039 5.031 4.988 5.002 5.014 4.924 4.93 4.915 5.043 4.621 4.465 4.479 4.919 4.921 4.864 4.87 4.736 4.745 4.723 4.727 4.747 4.685 4.665 4.679 4.625 4.644 4.685 4.659 4.695 4.638 4.697 4.66 4.673 5.632 5.626 4.61 5.609 5.607 5.584 4.546 4.599 4.613 4.639 4.609 4.619 4.6 4.351 4.323 4.404 4.23 4.274 4.315 4.107 4.239 4.013 4.055 4.208 4.236 4.189 4.11 3.951 3.909 3.925
5.225 5.141 5.156 5.218 5.222 5.055 5.173 5.149 5.108 5.111 5.125 5.02 5.068 5.017 4.979 4.968 4.978 5.017 5.034 4.852 4.89 4.843 4.423 4.071 4.493 4.461 4.57 4.828 4.797 4.735 4.806 4.727 4.722 4.633 4.686 4.597 4.611 4.63 4.595 4.641 4.65 4.579 4.632 5.559 5.555 5.57 5.572 5.57 5.577 5.609 5.624 4.555 5.51 5.564 5.547 4.53 4.568 4.563 4.602 4.579 4.319 4.6 4.571 4.299 4.364 4.302 4.326 4.281 4.3 4.232 4.201 4.201 4.259 4.207 4.127 4.053 3.982 3.921
5.187 5.154 5.134 5.118 5.033 5.07 5.058 5.021 5.116 5.096 4.949 4.933 4.989 5.049 4.948 4.939 4.797 4.84 4.822 4.867 4.359 4.363 4.349 3.956 3.998 3.886 4.351 4.327 4.705 4.698 4.727 4.739 4.637 4.627 4.631 4.626 4.594 4.598 4.567 4.565 5.527 4.575 5.505 5.52 5.501 5.503 5.555 5.512 5.547 5.54 5.581 5.555 5.548 5.512 4.475 5.538 4.522 4.551 4.528 4.51 4.501 4.5 4.333 4.291 4.346 4.348 4.293 4.315 4.269 4.257 4.245 4.304 4.232 4.168 4.15 4.114 4.023 3.916
5.209 5.038 5.067 5.054 5.036 4.994 5.044 5.03 5.021 4.937 4.932 4.901 4.936 4.869 4.89 4.873 4.777 4.91 4.325 4.797 4.861 4.874 4.255 3.826 3.949 3.825 3.812 4.298 4.135 4.277 4.165 4.3 4.171 4.627 4.099 4.524 4.534 4.54 4.549 4.543 4.548 5.007 5.494 5.459 5.471 5.483 5.472 5.538 5.498 5.548 5.53 5.527 5.513 5.5 5.499 4.442 4.514 4.511 4.496 4.501 4.51 4.274 4.313 4.293 4.251 4.316 4.286 4.265 4.261 4.259 4.239 4.229 4.245 4.269 3.727 3.674 3.558 3.598
5.204 5.057 5.046 5.022 4.981 4.951 4.987 4.875 4.901 4.904 4.907 4.902 4.876 4.822 4.854 4.797 4.872 4.749 4.876 3.89 4.248 4.262 3.82 4.261 3.816 3.876 3.752 3.671 4.126 4.237 4.24 3.682 4.161 4.09 4.027 4.013 4.067 4.006 4.908 4.938 4.974 4.959 4.926 4.979 4.967 5.458 5.455 5.465 5.462 5.477 5.474 5.507 5.482 5.501 5.486 5.507 5.495 4.453 4.461 4.512 4.283 4.272 4.48 4.213 4.293 4.222 4.271 4.302 4.303 4.277 4.221 4.213 4.226 3.694 3.685 3.694 3.567 3.532
5.032 5.095 5.002 4.996 4.889 4.859 4.845 4.911 4.9 4.893 4.859 4.875 4.774 4.777 4.756 4.765 4.851 4.776 4.225 4.237 4.236 3.761 3.755 3.736 3.71 3.679 3.669 3.697 3.717 3.665 4.167 4.046 4.062 4.036 4.014 4.916 3.951 3.953 4.856 4.85 4.877 4.897 4.911 4.88 4.934 4.921 4.964 4.944 5.402 5.422 5.424 5.444 5.486 5.454 5.477 5.478 5.495 4.444 4.431 4.434 4.432 4.221 4.401 4.234 4.242 4.228 4.255 4.215 4.268 4.259 4.154 4.249 4.196 4.18 3.67 3.69 3.6 3.529
5.016 4.999 4.885 4.862 4.865 4.892 4.888 4.882 4.852 4.838 4.794 4.81 4.749 4.732 4.707 4.277 4.28 4.221 4.209 4.192 3.739 3.694 3.705 3.686 3.613 3.63 3.67 3.607 3.56 3.547 3.508 4.07 3.95 4.039 3.985 4.753 4.816 4.857 4.871 4.842 4.84 4.855 4.865 4.869 4.884 4.854 4.864 4.877 5.36 5.366 5.389 5.413 5.413 5.42 5.401 5.412 5.442 5.399 4.423 4.402 4.175 4.241 4.181 4.266 4.201 4.244 4.247 4.267 4.237 4.167 4.207 4.236 4.17 3.678 3.674 3.703 3.636 3.576
5.008 5.008 4.881 4.847 4.779 4.771 4.779 4.813 4.809 4.704 4.72 4.665 4.646 4.712 4.675 4.614 4.198 4.185 3.692 3.721 3.681 3.994 3.583 3.584 3.546 3.575 3.516 3.553 3.566 3.537 3.581 3.995 4.061 3.882 3.88 4.742 4.716 4.82 4.783 4.769 4.851 4.782 4.821 4.838 4.782 4.86 4.847 5.304 4.987 5.344 5.349 5.363 5.401 4.924 5.412 5.414 5.393 5.408 4.38 4.373 4.4 4.416 4.206 4.184 4.204 4.232 4.218 4.151 4.202 4.071 4.211 4.146 4.12 3.756 3.643 3.639 3.617 3.649
5.029 4.986 4.881 4.79 4.762 4.768 4.7 4.758 4.689 4.638 4.665 4.648 4.671 4.639 4.544 4.143 4.177 4.155 4.14 4.102 3.609 3.569 3.552 3.568 3.544 3.492 3.457 3.483 3.46 3.472 3.456 3.397 3.931 3.941 4.688 4.742 4.701 4.709 4.719 4.772 4.764 4.746 4.748 4.753 4.772 4.766 4.762 4.782 4.823 4.845 4.847 4.846 4.871 4.843 4.853 4.876 5.39 5.37 4.36 4.364 4.335 4.328 4.184 4.355 4.191 4.221 4.233 4.213 4.179 4.175 4.123 4.145 3.709 3.769 3.651 3.653 3.649 3.644
4.969 4.903 4.916 4.808 4.755 4.672 4.71 4.679 4.667 4.636 4.646 4.636 4.269 4.052 4.147 4.122 4.119 4.125 4.02 3.998 3.544 3.519 3.55 3.559 3.459 3.417 3.427 3.437 3.406 3.857 3.323 3.374 3.387 3.838 3.806 4.614 4.67 4.664 4.686 4.709 4.707 4.719 4.702 4.734 4.738 4.737 4.774 4.781 4.752 4.749 4.75 4.798 4.816 4.842 4.849 4.831 4.838 5.374 4.35 4.332 4.343 4.353 4.383 4.17 4.149 4.178 4.182 4.121 4.073 4.165 4.157 4.108 3.711 3.702 3.676 3.624 3.624 3.674
4.785 4.88 4.829 4.806 4.709 4.627 4.653 4.625 4.631 4.611 4.614 4.566 4.057 4.131 4.09 4.067 4.088 4.066 3.51 3.526 3.51 3.518 3.476 3.407 3.454 3.423 3.389 3.409 3.827 3.25 4.581 3.281 3.754 4.561 4.638 3.719 4.628 4.656 4.599 4.605 4.59 4.646 4.622 4.648 4.609 4.709 4.709 4.725 4.743 4.736 4.758 4.757 4.809 4.764 4.793 4.815 4.8 4.82 4.29 4.286 4.32 4.337 4.37 4.175 4.163 4.216 4.194 4.199 4.148 4.158 4.178 4.16 3.804 3.732 3.683 3.653 3.593 3.619
4.802 4.774 4.731 4.757 4.645 4.627 4.61 4.615 4.536 4.518 4.218 4.11 4.025 4.069 4.066 4.017 3.982 3.975 3.965 3.499 3.508 3.41 3.365 3.385 3.436 3.435 3.316 3.266 3.74 3.761 3.755 3.714 4.475 4.519 4.509 4.546 4.599 4.577 4.576 4.595 4.541 4.618 4.624 4.612 4.607 4.636 4.64 4.68 4.667 4.663 4.692 4.736 4.748 4.737 4.74 4.754 4.812 4.799 4.798 4.318 4.304 4.308 4.358 4.322 4.129 4.131 4.179 4.207 4.157 4.13 4.154 4.161 4.127 3.738 3.696 3.583 3.632 3.63
4.795 4.741 4.789 4.58 4.618 4.604 4.591 4.576 4.51 4.496 4.546 4.007 4.045 3.936 3.938 3.936 3.929 3.641 3.947 3.479 3.858 3.809 3.812 3.36 3.35 3.331 3.275 3.718 4.512 3.224 4.498 4.512 4.445 4.475 4.493 4.55 4.548 4.544 4.509 4.57 4.557 4.529 4.562 4.563 4.549 4.591 4.613 4.589 4.628 4.634 4.63 4.656 4.656 4.735 4.715 5.199 4.731 4.771 4.802 4.803 3.802 3.808 4.293 4.084 4.119 4.106 4.089 4.09 4.133 3.684 3.732 3.684 3.714 3.642 3.656 3.63 3.64 3.564
4.744 4.719 4.631 4.558 4.553 4.533 4.539 4.486 4.479 4.443 3.965 4.453 3.871 3.978 3.93 3.899 3.886 3.908 3.918 3.39 3.793 3.793 3.338 3.309 3.333 3.7 3.265 3.248 4.412 4.469 4.43 4.461 4.452 4.439 4.455 4.452 4.479 4.498 4.501 4.51 4.483 4.493 4.498 4.477 4.525 4.533 4.539 4.561 4.547 4.574 4.582 4.612 4.646 4.652 4.649 4.705 4.719 4.723 4.727 4.744 3.779 3.814 4.089 4.095 4.083 4.073 4.135 4.129 4.166 3.674 3.695 3.655 3.726 3.676 3.594 3.656 3.636 3.554
4.712 4.675 4.616 4.522 4.444 4.505 4.501 4.417 4.413 4.502 4.459 3.88 3.913 3.907 3.892 3.88 3.837 3.887 3.897 3.781 4.494 3.779 3.287 3.744 3.282 3.231 3.21 4.389 4.45 4.371 4.42 4.348 4.373 4.386 4.44 4.446 4.435 4.445 4.436 4.434 4.47 4.485 4.457 4.464 4.485 4.427 4.457 4.483 4.519 4.51 4.548 4.575 4.616 4.624 4.65 4.65 4.636 4.674 4.697 4.7 3.755 3.769 3.755 4.041 4.072 4.12 3.644 4.073 4.1 4.128 3.687 3.624 3.618 3.685 3.563 3.585 3.568 3.595
4.61 4.641 4.625 4.603 4.484 4.417 4.473 4.384 4.393 3.926 3.992 3.85 3.887 3.88 3.853 3.792 3.856 3.827 3.775 4.489 4.484 3.741 4.469 3.674 4.48 4.362 4.471 4.391 4.401 4.358 4.35 4.305 4.311 4.333 4.414 4.353 4.389 4.37 4.323 4.393 4.395 4.397 4.405 4.424 4.424 4.383 4.396 4.415 4.424 4.479 4.498 4.523 4.526 4.555 4.557 4.589 4.65 4.631 4.656 4.232 4.208 3.75 4.036 4.049 4.057 4.08 4.078 3.998 4.101 4.13 3.69 3.623 3.661 3.59 3.577 3.62 3.593 3.537
4.635 4.65 4.608 4.539 4.511 4.449 4.42 4.343 3.903 3.898 3.807 3.871 3.865 3.84 3.827 3.848 3.789 3.748 4.472 4.475 4.526 4.482 4.374 4.407 4.463 4.398 4.424 4.385 4.366 4.298 4.315 4.321 4.272 4.288 4.314 4.369 4.325 4.297 4.325 4.32 4.348 4.38 4.396 4.371 4.37 4.394 4.361 4.328 4.397 4.433 4.414 4.422 4.488 4.503 4.53 4.552 4.546 4.62 4.589 3.705 3.73 4.202 4.024 4.048 4.023 4.062 4.099 4.111 4.059 4.136 3.636 3.587 3.616 3.556 3.577 3.572 3.54 3.559
4.586 4.585 4.519 4.531 4.483 4.424 4.444 3.927 3.871 3.872 4.629 3.762 4.604 3.83 4.6 3.776 4.527 4.496 4.486 4.497 4.448 4.437 4.405 4.436 4.354 4.364 4.322 4.36 4.361 4.363 4.293 4.282 4.259 4.291 4.25 4.281 4.291 4.326 4.261 4.228 4.302 4.283 4.261 4.318 4.377 4.344 4.338 4.305 4.375 4.344 4.355 4.413 4.435 4.433 4.453 4.464 4.527 4.561 4.537 4.55 3.724 4.227 3.996 3.998 4.026 4.049 3.615 3.616 3.626 4.061 3.614 3.588 3.555 3.547 3.558 3.55 3.516 3.504
4.571 4.477 4.446 4.499 4.465 4.41 4.408 3.931 3.839 3.805 4.614 3.745 3.751 4.543 4.489 4.501 4.472 4.461 4.486 4.456 4.446 4.392 4.383 4.403 4.344 4.384 4.314 4.336 4.29 4.248 4.239 4.215 4.264 4.279 4.223 4.245 4.277 4.239 4.199 4.233 4.218 4.216 4.226 4.239 4.256 4.29 4.317 4.309 4.315 4.312 4.351 4.354 4.334 4.412 4.453 4.442 4.454 4.512 4.516 4.539 3.665 3.931 3.95 3.939 4.018 4.043 4.06 4.085 3.834 4.073 3.561 3.567 3.55 3.07 3.058 3.516 3.58 3.497
4.514 4.434 4.469 4.408 4.372 4.323 4.327 3.9 3.793 3.825 3.86 4.549 4.511 4.519 4.511 4.431 4.449 4.457 4.466 4.422 4.375 4.377 4.417 4.366 4.339 4.348 4.329 4.328 4.285 4.219 4.2 4.233 4.216 4.237 4.226 4.235 4.187 4.191 4.195 4.173 4.152 4.185 4.214 4.193 4.223 4.24 4.237 4.249 4.277 4.288 4.259 4.33 4.314 4.344 4.335 4.395 4.417 4.44 4.436 4.471 3.673 3.932 3.89 3.947 3.987 4.002 3.983 4.012 3.961 3.512 3.525 3.597 3.304 3.062 3.513 3.014 3.021 3.01
4.504 4.408 4.371 4.358 4.321 4.321 4.263 4.286 3.762 4.567 4.52 4.501 4.478 4.473 4.459 4.446 4.453 4.429 4.416 4.404 4.373 4.408 4.376 4.337 4.289 4.334 4.252 4.226 4.216 4.191 4.17 4.141 4.142 4.15 4.172 4.144 4.178 4.153 4.139 4.142 4.095 4.117 4.096 4.152 4.159 4.202 4.172 4.185 4.182 4.21 4.216 4.25 4.298 4.298 4.316 4.327 4.366 4.405 4.422 3.649 3.641 4.121 3.493 3.975 3.924 3.512 3.997 3.561 3.561 3.589 3.512 3.503 3.037 3.01 3.903 3.005 2.937 2.925
4.531 4.46 4.383 4.336 4.322 4.277 3.769 3.743 4.604 4.545 4.511 4.475 4.475 4.45 4.445 4.42 4.394 4.405 4.389 4.369 4.392 4.35 4.366 4.323 4.316 4.319 4.235 4.198 4.218 4.17 4.158 4.168 4.127 4.142 4.106 4.098 4.147 4.136 4.134 4.112 4.06 4.059 4.091 4.103 4.1 4.117 4.159 4.176 4.171 4.17 4.175 4.199 4.206 4.219 4.251 4.247 4.273 4.322 4.372 4.393 3.633 3.415 3.628 3.9 3.461 3.922 3.47 3.514 3.446 3.517 3.514 2.997 3.031 3.411 2.987 2.986 2.949 2.945
4.536 4.407 4.353 4.265 4.29 3.805 3.727 3.742 4.514 4.502 4.494 4.472 4.455 4.456 4.426 4.371 4.378 4.374 4.38 4.363 4.352 4.341 4.335 4.306 4.303 4.188 4.202 4.2 4.168 4.138 4.085 4.114 4.099 4.139 4.095 4.079 4.084 4.041 4.051 4.063 4.049 4.059 4.075 4.061 4.059 4.073 4.087 4.052 4.093 4.091 4.103 4.113 4.163 4.167 4.157 4.212 4.244 4.288 4.338 3.342 3.578 3.597 3.355 3.071 3.42 3.449 3.441 3.49 3.485 3.467 3.467 2.954 2.953 2.975 2.965 3.011 2.939 2.918
4.415 3.889 4.348 4.293 4.223 4.207 3.742 3.684 4.511 4.47 4.445 4.45 4.455 4.416 4.421 4.373 4.333 4.367 4.359 4.356 4.357 4.296 4.311 4.287 4.212 4.212 4.202 4.175 4.147 4.111 4.118 4.098 4.1 4.051 4.063 4.094 4.033 4.033 4.027 4.004 3.986 3.979 4.015 4.014 4.028 4.009 4.032 4.049 4.056 4.057 4.078 4.096 4.114 4.104 4.154 4.15 4.194 3.524 3.524 3.522 3.541 3.282 3.588 2.866 2.91 2.919 3.419 2.962 2.999 3.426 3.488 2.96 2.972 2.981 2.887 2.892 2.951 2.96
4.347 3.914 3.79 4.251 3.826 3.72 3.742 3.681 4.511 4.452 4.447 4.458 4.438 4.407 4.373 4.325 4.337 4.02 4.332 4.328 4.33 4.286 4.309 4.231 4.194 4.209 4.18 4.103 4.093 4.108 4.083 4.072 4.09 4.042 4.07 4.022 4.021 4.017 3.979 3.96 3.966 3.951 3.961 3.992 3.961 3.988 4.007 3.996 3.981 4 4.033 4.039 4.073 4.104 4.084 4.114 4.132 4.164 3.529 3.547 3.533 2.809 3.551 2.863 2.855 2.866 2.938 2.937 2.909 2.908 2.922 2.902 2.906 2.917 2.898 2.89 2.854 2.898
