Part_2_PD_PE/phylo/output/SDMs_SR.asc
ncols         433
nrows         867
xllcorner     25
yllcorner     -34.0833333333333
cellsize      0.0416666666666643
NODATA_value  -9999
[rows 272 to 305 of 867, columns 156 to 233 of 433]
2.618 2.596 2.528 2.481 2.378 2.372 2.317 2.266 1.751 1.742 1.682 1.667 1.608 1.627 1.617 1.632 1.661 1.657 1.701 1.717 1.731 1.788 1.818 1.802 1.737 1.67 1.708 1.758 1.797 1.909 1.933 2.141 2.468 2.633 2.364 2.991 3.464 3.261 3.681 3.586 4.215 4.41 4.563 4.819 5.326 5.671 5.667 6.182 11.078 12.393 12.58 11.754 12.37 12.876 11.882 11.138 11.51 12.464 7.885 5.798 6.114 5.96 6.077 5.698 5.333 5.407 5.213 4.783 4.557 4.574 4.184 3.325 3.408 3.329 3.135 3.153 3.125 3.044
2.647 2.575 2.543 2.481 2.43 2.381 2.36 1.812 1.752 1.691 1.68 1.646 1.695 1.659 1.689 1.69 1.654 1.723 1.751 1.812 1.833 1.848 1.911 1.923 1.937 1.856 1.702 1.797 1.843 1.883 1.96 2.115 2.217 2.453 2.209 3.014 3.194 3.137 3.585 3.619 4.395 4.697 4.863 5.117 5.325 5.725 5.921 5.851 9.116 12.547 12.99 12.699 12.877 13.31 15.011 14.723 13.139 14.076 11.162 5.841 6.057 5.817 5.715 5.662 5.21 5.072 5.12 5.397 5.195 5.14 4.706 3.576 3.513 3.575 3.449 3.529 3.405 3.143
2.642 2.597 2.58 2.013 1.964 2.395 1.908 2.312 1.815 1.781 1.72 1.75 1.706 1.703 1.721 1.718 1.649 1.75 1.77 1.827 1.851 1.932 1.971 2 2.023 1.967 1.921 1.867 1.86 1.957 1.99 2.181 2.452 2.262 2.865 3.045 3.107 3.282 3.333 4.164 3.846 4.798 4.974 5.215 5.316 5.655 5.826 5.809 7.475 11.373 13.328 12.955 14.261 14.275 15.238 15.999 15.868 15.682 14.541 7.527 5.86 5.608 5.474 5.516 5.191 5.015 4.809 4.956 5.136 5.188 5.091 3.941 3.695 3.605 3.59 3.548 3.465 3.415
2.615 2.63 2.557 2.035 1.979 1.945 1.925 1.851 1.796 1.822 1.784 1.726 1.777 1.737 1.787 1.731 1.757 1.785 1.87 1.886 1.936 1.94 2.04 2.039 2.101 2.055 1.991 2.044 2.037 1.96 2.102 2.449 2.581 2.641 2.429 2.969 3.236 3.266 3.465 3.356 3.948 3.908 4.561 4.796 5.444 5.525 5.818 5.784 6.49 8.541 13.181 15.495 15.495 16.049 16.029 16.306 16.314 15.985 15.543 13.249 6.578 5.615 5.422 5.309 5.276 5.092 4.763 4.602 4.847 4.308 4.072 3.875 3.691 3.818 3.859 3.923 4 4.119
2.172 2.122 2.07 2.019 2.029 2.015 1.956 1.911 1.857 1.914 1.854 1.794 1.844 1.811 1.777 1.801 1.806 1.85 1.903 1.933 1.928 2.061 2.081 2.149 2.17 2.164 2.125 2.115 2.177 2.194 2.336 2.643 2.625 1.993 2.515 3.068 3.128 3.305 3.349 3.58 3.84 4.138 4.191 4.497 5.038 5.453 5.649 5.809 6.816 9.357 12.032 13.788 16.156 16.405 16.632 16.606 16.495 16.148 15.592 13.287 11.2 5.808 5.525 4.848 5.302 5.132 4.83 4.643 4.109 4.973 3.954 3.774 3.802 4.003 4.112 4.262 4.454 4.458
2.102 2.123 2.122 2.069 2.011 2.02 2.002 1.922 1.897 1.869 1.85 1.908 1.891 1.879 1.887 1.91 1.854 1.887 1.917 1.967 2.048 2.068 2.194 2.156 2.315 2.348 2.211 2.242 2.218 2.329 2.586 2.661 2.114 2.148 2.082 2.685 2.777 3.286 3.131 3.378 3.557 3.802 4.019 4.318 5.068 5.329 5.628 6.064 7.022 8.362 9.917 12.246 16.431 16.517 16.727 16.68 16.497 16.218 15.704 13.245 11.809 9.942 6.099 4.826 4.317 5.053 4.918 4.665 4.798 4.114 3.899 3.833 3.794 3.931 4.083 4.31 4.432 4.509
2.228 2.128 2.095 2.143 2.032 2.039 2.045 1.987 1.947 1.951 1.941 1.939 1.906 1.892 1.994 1.902 1.882 1.939 1.949 2.094 2.102 2.255 2.202 2.33 2.305 2.347 2.376 2.442 2.39 2.521 2.644 2.714 2.209 2.274 2.287 2.85 2.922 2.866 3.029 3.185 3.285 3.393 3.569 3.929 4.264 4.803 5.357 5.275 7.52 9.464 11.126 12.264 16.068 16.603 16.764 16.776 16.502 16.01 14.193 12.9 11.136 10.006 8.373 5.411 4.628 4.703 4.892 4.736 4.676 4.031 3.896 3.847 3.841 3.96 3.969 4.133 4.248 4.316
2.153 2.164 2.15 2.166 2.114 2.049 2.121 2.095 2.044 1.956 2.043 2.025 1.98 1.963 2.009 2.023 1.965 1.977 2.065 2.097 2.174 2.285 2.348 2.359 2.378 2.439 2.474 2.445 2.556 2.612 2.231 2.24 2.25 2.275 2.302 2.325 2.894 2.962 2.959 3.028 3.015 3.208 3.345 3.593 4.017 4.679 5.266 5.411 6.314 9.333 11.771 13.276 16.118 15.856 14.878 16.462 16.179 15.077 13.207 11.605 10.418 9.06 8.283 7.265 4.792 4.109 4.898 4.757 4.099 3.947 3.85 3.877 3.81 3.785 3.895 3.829 4.015 4.141
2.181 2.24 2.113 2.12 2.158 2.095 2.169 2.073 2.161 2.049 2.106 2.042 2.08 2.071 2.062 2.108 2.106 2.103 2.133 2.212 2.266 2.371 2.402 2.511 2.497 2.564 2.628 2.636 2.662 2.289 2.383 2.353 2.383 2.373 2.388 2.885 2.9 2.872 2.896 2.946 2.949 3.127 2.988 3.301 3.834 4.758 5.343 5.12 5.385 5.535 8.654 12.102 14.884 13.389 14.503 15.314 14.289 13.271 12.255 10.619 9.379 8.465 7.55 6.985 6.367 4.782 4.958 4.721 4.198 3.912 3.888 3.807 3.87 3.785 3.81 3.629 3.914 3.867
2.251 2.199 2.233 2.194 2.197 2.143 2.142 2.176 2.113 2.164 2.165 2.175 2.186 2.096 2.12 2.173 2.206 2.198 2.241 2.249 2.303 2.395 2.467 2.569 2.568 2.683 2.664 2.774 2.33 2.317 2.448 2.481 2.481 2.455 2.372 2.848 2.881 2.99 2.912 2.888 2.952 2.982 2.952 2.961 3.526 4.469 5.314 5.389 5.138 5.325 5.887 10.248 11.995 11.448 12.476 13.617 12.881 11.813 10.401 9.178 8.393 7.522 6.88 6.671 6.415 6.101 4.577 4.244 3.712 4.002 3.967 3.855 3.86 3.809 3.632 3.557 4.012 4.029
2.172 2.219 2.21 2.199 2.21 2.187 2.216 2.18 2.165 2.212 2.223 2.203 2.23 2.224 2.194 2.227 2.275 2.228 2.288 2.35 2.402 2.432 2.536 2.622 2.725 2.718 2.306 2.816 2.449 2.423 2.439 2.435 3.035 2.989 2.961 3.033 3.225 2.66 3.068 3.019 3.107 2.888 2.932 3.026 3.291 3.622 4.602 4.895 5.147 5.273 5.426 6.188 7.651 9.657 10.582 11.393 11.217 9.605 8.972 8.119 7.298 7.107 6.671 6.498 6.439 6.217 5.853 4.525 3.826 4.092 3.925 3.904 3.748 3.756 3.637 3.517 3.724 3.988
2.267 2.234 2.244 2.205 2.212 2.237 2.244 2.24 2.257 2.235 2.292 2.217 2.302 2.3 2.258 2.294 2.3 2.305 2.311 2.354 2.444 2.561 2.616 2.705 2.764 2.387 2.46 2.966 2.523 2.548 2.498 2.547 3.03 3.061 2.681 2.793 2.875 3.386 2.7 3.145 3.163 2.969 3.034 2.961 3.152 3.546 3.852 4.205 4.871 5.368 5.23 5.513 6.805 8.164 8.716 9.371 9.008 8.08 7.526 7.423 7.14 6.919 6.687 6.467 6.433 6.086 5.913 5.692 3.618 3.519 3.915 3.937 3.843 3.838 3.774 3.653 3.745 3.766
2.231 2.242 2.239 2.255 2.256 2.22 2.251 2.249 2.307 2.298 2.307 2.295 2.331 2.35 2.33 2.338 2.352 2.389 2.388 2.432 2.461 2.537 2.656 2.648 2.399 2.896 2.528 2.618 2.627 3.162 3.114 3.118 3.219 3.152 3.296 2.926 3.096 3.051 3.398 3.404 3.177 3.29 3.092 2.996 3.136 3.418 3.813 4.221 4.841 5.565 5.848 6.256 6.583 7.337 7.796 7.854 7.373 7.523 7.286 6.986 6.82 6.702 6.466 6.248 6.121 5.974 5.935 5.712 4.914 4.509 3.976 3.989 3.968 3.901 3.81 3.783 3.738 3.737
2.237 2.249 2.231 2.25 2.213 2.268 2.263 2.323 2.277 2.302 2.328 2.362 2.373 2.379 2.415 2.428 2.411 2.48 2.486 2.553 2.59 2.631 2.701 2.738 2.924 2.569 3.163 2.665 3.234 3.679 3.703 3.793 3.818 3.902 2.954 3.042 3.179 3.237 3.251 3.183 3.664 3.41 3.3 3.18 3.124 3.409 3.654 4.275 4.978 5.112 5.426 5.643 6.026 6.538 6.793 6.735 7.293 7.098 6.933 6.771 6.572 6.43 6.303 6.223 5.989 5.949 5.728 5.668 5.466 4.127 4.032 3.98 3.88 3.906 3.92 3.908 3.86 3.788
2.219 2.27 2.276 2.26 2.24 2.287 2.248 2.324 2.319 2.353 2.379 2.406 2.404 2.447 2.439 2.474 2.433 2.509 2.597 2.637 2.728 2.791 2.842 2.914 3.024 3.651 3.785 3.749 3.777 3.782 3.882 3.908 3.924 3.917 3.483 3.572 3.387 3.477 3.544 3.387 3.72 3.437 3.273 3.137 3.183 3.849 3.548 4.257 4.356 4.92 5.062 5.434 5.861 6.217 6.287 6.596 6.745 6.844 6.732 6.599 6.316 6.107 5.91 6.049 5.917 5.683 5.584 5.954 5.206 5.262 3.456 3.934 3.897 3.79 3.824 3.844 3.839 3.789
2.265 2.257 2.241 2.239 2.313 2.274 2.271 2.315 2.32 2.355 2.429 2.415 2.448 2.532 2.498 2.559 2.555 2.645 2.658 2.708 2.788 2.839 2.929 3.566 3.641 3.778 3.836 3.866 3.875 3.889 3.906 3.942 4.017 3.977 4.117 3.657 3.717 3.424 3.508 3.241 3.398 3.2 3.158 3.806 4.578 3.87 3.524 3.647 4.305 4.327 4.789 5.551 5.793 5.873 6.268 6.514 6.543 6.478 6.68 6.354 6.23 6.503 5.938 6.218 6.095 6.116 5.931 5.71 5.558 5.344 5.078 3.042 3.93 3.874 3.7 3.854 3.97 3.797
2.211 2.236 2.237 2.254 2.26 2.254 2.314 2.324 2.367 2.386 2.37 2.431 2.497 2.536 2.507 2.561 2.628 2.7 2.718 2.802 2.833 2.953 3.046 3.578 3.7 3.818 3.904 3.966 3.94 3.873 3.923 4.066 3.58 3.624 3.565 3.725 3.774 3.82 3.77 3.505 3.973 3.183 3.255 4.445 4.495 3.826 3.471 3.617 4.25 4.104 4.442 5.004 5.643 5.634 5.84 6.1 5.958 6.676 6.768 6.715 6.491 6.313 6.368 6.087 6.108 5.99 5.753 5.609 5.385 5.322 5.075 4.627 3.054 3.883 3.819 3.787 3.884 3.943
1.873 2.193 1.872 2.252 2.25 2.294 2.288 2.308 2.35 2.37 2.379 2.425 2.496 2.493 2.58 2.666 2.71 2.773 2.743 2.819 2.919 2.988 3.644 3.683 3.761 3.886 3.962 4.018 4.057 3.882 4.014 3.863 4.121 3.706 3.78 3.667 3.896 4.024 3.951 3.791 4.002 3.715 3.862 4.455 3.874 3.794 3.919 3.96 4.175 4.309 4.432 4.318 5.14 5.221 5.433 5.776 5.692 5.768 6.578 6.453 6.283 6.341 6.213 5.953 5.916 5.744 5.522 5.408 5.266 5.2 4.937 4.777 3.553 4.089 3.931 3.882 3.909 3.902
1.876 1.881 1.86 2.254 2.297 2.296 2.315 2.338 2.453 2.461 2.431 2.452 2.501 2.538 2.566 2.608 2.695 2.72 2.825 2.875 2.894 3.078 3.579 3.602 3.826 3.95 4.014 4.147 4.236 4.05 4.324 4.245 3.935 3.68 3.796 3.773 3.923 4.179 4.141 3.924 3.192 3.647 3.637 3.729 3.676 3.802 3.898 3.92 3.591 4.279 4.371 4.479 4.611 4.926 4.912 5.278 5.341 5.42 6.169 6.285 6.248 6.155 5.938 5.786 5.652 5.533 5.363 5.328 5.266 5.079 4.879 4.744 4.536 3.319 4.063 3.944 3.968 4.008
1.92 1.914 2.352 2.343 2.336 2.378 2.385 2.43 2.487 2.49 2.482 2.472 2.506 2.545 2.588 2.669 2.699 2.797 2.758 2.984 2.949 3.455 3.614 3.653 4.339 4.386 4.106 4.227 4.247 4.077 4.299 4.021 3.593 3.721 3.706 3.938 3.947 4.119 3.927 3.924 3.637 3.161 3.142 3.712 3.708 3.819 3.883 3.903 3.987 3.591 4.186 4.302 4.235 4.521 4.441 4.621 5.019 5.149 5.922 5.958 5.846 5.897 5.766 5.686 5.603 5.416 5.302 5.286 5.246 5.044 4.837 4.743 4.438 3.153 4.06 3.975 3.979 4.056
1.967 1.975 2.428 2.45 2.406 2.457 2.48 2.506 2.425 2.464 2.465 2.519 1.719 2.595 2.581 2.709 2.68 2.72 2.889 2.906 2.98 3.463 3.569 3.714 4.387 4.402 4.48 4.825 4.203 4.02 4.008 3.496 3.583 3.73 3.698 3.715 3.98 4.124 3.966 3.667 3.661 3.563 3.168 3.147 3.686 3.802 4.365 4.315 3.839 3.52 4.031 4.169 4.061 4.648 4.345 4.331 4.477 4.759 4.991 5.586 5.796 5.754 5.734 5.525 5.451 5.376 5.314 5.139 5.073 5.006 4.827 4.785 4.601 3.732 3.689 4.024 4.002 4.042
2.481 1.989 2.485 2.451 2.411 2.439 2.433 2.43 2.442 2.501 2.454 2.495 2.521 2.537 2.614 2.601 2.764 2.745 2.715 2.86 2.937 3.516 3.575 3.677 4.277 4.268 4.3 4.642 4.094 4.058 3.44 3.463 3.535 3.542 3.608 3.681 3.842 3.861 3.817 3.563 3.183 3.125 3.626 3.678 3.711 3.765 3.737 4.287 3.778 3.899 3.945 4.126 3.912 3.836 4.282 4.39 4.184 4.519 4.426 4.858 5.53 5.635 5.452 5.454 5.333 5.327 5.181 5.065 4.986 4.854 4.725 4.656 4.638 3.508 3.689 4.107 4.045 4.107
2.524 2.021 2.384 2.392 1.956 2.434 2.438 2.43 2.449 2.47 2.48 2.492 2.512 1.787 2.556 2.647 2.041 2.715 2.757 2.793 2.941 3.485 3.387 3.741 4.339 4.383 4.414 4.002 3.866 3.825 3.372 3.396 3.489 3.564 3.612 3.598 3.825 3.769 3.74 3.446 3.103 3.155 3.106 3.69 3.64 3.66 3.711 3.686 3.28 3.773 3.887 3.616 3.82 3.709 4.129 4.441 4.423 4.041 4.286 4.427 4.996 5.33 5.508 5.38 5.266 5.223 5.27 5.052 5.044 4.8 4.76 4.669 4.631 4.38 3.127 4.096 4.106 3.583
2.06 2 2.012 2.384 1.963 2.435 2.4 2.447 2.477 2.516 2.528 2.463 2.518 2.546 2.608 2.638 2.675 2.066 2.192 2.844 2.981 2.984 3.241 3.679 3.783 4.298 4.392 3.823 3.202 3.276 3.291 3.281 3.357 3.385 3.461 3.597 3.625 3.496 3.623 3.166 3.643 3.545 3.571 3.615 3.157 3.624 3.125 3.64 3.149 3.263 3.408 3.547 3.704 3.388 3.892 4.265 4.514 4.362 4.03 4.24 4.976 4.966 5.294 5.356 5.185 5.267 5.099 5.019 4.925 4.807 4.827 4.765 4.69 4.354 3.119 3.748 3.649 3.643
2.042 2.039 2.011 1.997 1.987 1.98 2.413 2.469 2.438 2.443 2.516 2.505 2.514 2.548 2.563 2.583 2.651 2.061 2.74 2.713 2.896 2.909 3.308 3.613 3.723 4.24 4.197 3.721 3.214 3.222 3.247 3.274 3.316 3.389 3.312 3.505 3.518 3.398 3.304 3.242 3.034 3.087 3.509 3.553 3.028 3.051 3.128 3.02 3.124 3.182 3.283 2.923 3.557 3.236 3.823 4.317 4.339 3.75 3.934 3.986 4.144 5.044 5.283 5.237 5.195 5.283 5.099 5.079 4.879 4.804 4.836 4.787 4.745 4.729 3.256 3.063 3.024 2.996
2.068 2.045 2.036 1.993 2.386 2.018 2.012 2.468 2.475 2.475 2.504 2.499 2.488 2.529 2.521 2.63 2.627 2.624 2.163 2.187 2.819 2.896 2.947 3.246 4.014 3.621 3.679 3.639 3.126 3.23 3.245 3.273 3.217 3.293 3.343 3.32 3.302 3.284 3.306 3.149 3.105 2.997 3.512 3.432 3.527 3.052 3.057 3.047 3.072 3.053 3.221 2.892 3.458 3.616 4.36 4.132 4.173 4.418 4.377 3.951 3.887 4.783 5.054 4.932 4.9 4.959 5.101 5.056 4.96 4.895 4.848 4.862 4.882 4.689 3.207 3.035 3.048 3.145
2.063 2.016 2.435 2.424 2.412 2.468 1.999 2.464 2.479 2.467 2.459 2.471 2.481 2.498 2.534 2.542 2.593 1.98 2.077 2.156 2.772 2.839 2.956 2.992 3.579 3.514 3.595 3.659 3.13 3.206 3.288 3.227 3.255 3.296 3.387 3.384 3.362 3.365 3.295 3.124 2.978 3.481 3.444 3.433 2.891 2.443 2.531 2.467 2.552 3.037 3.075 3.151 3.285 3.707 4.293 4.343 4.466 4.505 4.173 4.4 4.46 3.908 4.893 4.914 4.705 4.661 5.115 5.034 5.011 5.001 4.919 4.876 4.74 4.335 3.145 3.188 3.383 3.796
2.032 2.421 2.415 2.43 2.403 2.465 2.017 2.463 2.446 2.496 2.476 2.497 2.515 2.501 2.543 2.553 2.568 2.622 1.992 2.134 2.212 2.803 2.899 2.926 3.471 2.984 3.073 3.007 3.135 3.149 3.174 3.226 3.249 3.296 3.316 3.269 3.252 3.291 3.149 3.13 3.486 3.407 2.954 2.414 2.887 2.373 2.444 2.49 2.427 2.999 3.076 3.082 3.138 4.145 4.275 4.297 4.36 4.363 4.43 4.194 4.669 3.875 4.811 4.88 5.031 5.036 5.046 4.974 4.845 5.019 4.947 4.889 4.819 4.445 4.389 4.12 4.055 3.86
2.039 2.026 2.033 2.422 2.408 2.48 2.031 2.005 2.466 2.451 2.483 2.45 2.501 2.492 2.494 2.551 2.6 2.618 1.982 2.065 2.105 2.734 2.777 2.85 2.963 3.41 3.501 2.985 3.073 3.046 3.174 3.163 3.168 3.234 3.287 3.241 3.223 3.287 3.201 3.033 3.388 2.857 2.419 2.311 2.359 2.393 2.278 2.357 2.385 2.48 2.418 3.006 2.57 4.078 4.245 4.329 4.283 4.248 4.355 4.391 4.56 4.558 4.019 4.921 5.077 5.094 5.08 5.032 4.92 4.904 4.917 4.936 4.918 4.776 4.455 3.947 4.047 4.125
2.42 2.407 2.438 2.009 2.405 2.431 2.04 2.46 2.474 2.477 2.471 2.459 2.501 2.468 2.548 2.542 2.602 2.598 1.915 1.998 2.106 2.655 2.715 2.781 2.855 3.317 2.92 2.904 2.939 3.028 3.111 3.185 3.223 3.247 3.191 3.201 3.236 3.165 3.114 2.979 2.322 2.88 2.318 2.317 2.302 2.299 2.327 2.255 2.328 2.361 2.39 2.522 3.423 4.072 4.198 4.277 4.245 4.19 4.243 4.318 4.528 4.799 3.802 4.61 4.791 5.046 5.086 5.082 5.013 4.95 4.925 4.991 4.919 4.798 4.715 4.438 4.485 4.547
2.044 2.401 2.036 2.024 2.058 2.491 2.512 2.48 2.496 2.482 2.46 2.521 2.508 2.552 2.547 2.548 1.78 1.832 1.857 1.974 2.041 2.066 2.13 2.185 2.755 2.286 2.823 2.822 2.929 2.921 2.973 3.129 3.15 3.117 3.141 3.144 3.138 3.086 2.985 2.905 2.815 2.853 2.684 2.27 2.245 2.23 2.238 2.272 2.301 2.267 2.318 2.354 4.013 4.129 4.229 4.284 4.249 4.156 4.226 4.247 4.083 4.135 4.513 4.003 5.028 5.135 5.068 5.059 5.018 5.064 5.018 4.916 5.032 4.894 4.837 4.294 4.204 3.277
1.99 2.391 2.029 2.053 2.125 2.092 2.074 2.487 2.454 2.491 2.538 2.548 2.538 2.508 2.483 2.52 1.774 1.809 1.879 1.873 1.985 2.039 2.075 2.136 2.143 2.217 2.762 2.794 2.809 2.938 2.987 3 3.058 3.06 3.088 3.034 3 2.986 2.954 2.796 2.781 2.682 2.639 2.283 2.179 2.089 2.054 2.119 2.187 2.223 2.313 3.865 4.022 4.112 4.224 4.211 4.193 4.146 4.163 4.053 4.587 4.85 4.694 3.935 5.008 5.223 5.18 5.263 5.18 5.234 5.07 5.012 5.05 4.993 4.927 4.564 3.441 3.175
2.061 2.014 2.056 2.027 2.069 2.049 2.448 2.499 2.562 2.619 2.609 2.546 2.528 2.513 2.537 2.551 1.709 1.744 1.817 1.842 1.87 1.99 2.005 2.075 2.093 2.177 2.666 2.67 2.829 2.833 2.9 2.939 2.944 3.001 2.93 2.895 2.888 2.945 2.932 2.824 2.755 2.664 2.652 2.571 2.058 2.092 1.987 1.983 2.065 2.138 3.181 3.96 3.883 3.999 4.115 4.213 4.221 4.271 4.134 4.175 4.493 3.748 3.605 3.9 4.104 5.31 5.312 5.166 5.365 5.304 5.257 5.189 5.153 5.167 5.152 4.853 3.572 3.308
2.04 2.002 2.025 2.474 2.029 2.457 2.448 2.552 2.653 2.619 2.206 2.557 2.513 2.586 2.55 2.515 1.719 1.766 1.795 1.827 1.907 1.897 1.956 2.047 2.096 2.055 2.318 2.668 2.768 2.779 2.819 2.828 2.989 2.905 2.93 2.872 2.795 2.839 2.829 2.803 2.69 2.63 2.449 2.434 2.144 1.93 1.921 1.9 1.893 2.056 3.273 3.835 3.856 3.898 3.903 4.059 4.095 4.125 4.224 4.224 3.816 3.789 3.656 3.581 4.997 5.444 5.396 5.412 5.567 5.504 5.406 5.507 5.444 5.439 5.435 5.354 3.754 3.42
