Part_2_PD_PE/phylo/output/SDMs_SR.asc
ncols         433
nrows         867
xllcorner     25
yllcorner     -34.0833333333333
cellsize      0.0416666666666643
NODATA_value  -9999
[rows 680 to 713 of 867, columns 78 to 155 of 433]
1.031 0.979 0.947 0.96 0.945 0.916 0.922 0.892 0.888 0.899 0.888 0.902 0.902 0.88 0.877 0.877 0.877 0.866 0.872 0.879 0.891 0.887 0.87 0.88 0.877 0.892 0.895 0.911 0.891 0.902 0.883 0.92 0.917 0.917 0.93 0.945 0.96 0.954 0.969 0.989 0.988 1.507 1.521 1.515 1.541 1.55 1.577 1.595 1.591 2.083 2.106 2.127 2.178 2.186 2.236 2.26 2.304 2.349 2.358 2.464 2.771 2.897 3.401 3.712 4.11 4.238 4.441 4.494 4.675 4.782 4.744 5.246 5.271 5.284 5.315 4.739 4.655 4.435
0.999 0.982 0.953 0.946 0.921 0.917 0.88 0.895 0.876 0.899 0.886 0.874 0.881 0.864 0.876 0.892 0.892 0.88 0.894 0.89 0.866 0.871 0.884 0.865 0.873 0.869 0.891 0.898 0.9 0.908 0.913 0.927 0.923 0.941 0.943 0.947 0.961 0.977 0.992 1.497 1.011 1.508 1.508 1.508 1.537 1.579 1.584 1.566 2.062 2.088 2.125 2.152 2.18 2.18 2.21 2.252 2.267 2.335 2.817 2.422 2.7 2.892 3.087 3.522 3.899 4.295 4.489 4.605 4.684 5.102 5.153 4.787 5.337 5.149 5.267 4.555 4.248 4.239
0.998 0.974 0.94 0.913 0.913 0.888 0.907 0.889 0.885 0.882 0.878 0.891 0.879 0.892 0.877 0.876 0.889 0.868 0.872 0.888 0.872 0.871 0.867 0.87 0.891 0.862 0.898 0.905 0.929 0.916 0.918 0.917 0.93 0.925 0.941 0.959 0.958 0.983 0.98 1.002 1.005 1.513 1.511 1.496 1.544 1.565 1.576 1.577 1.61 2.088 2.132 2.133 2.168 2.207 2.215 2.208 2.267 2.306 2.346 2.409 2.658 2.892 3.137 3.688 3.766 4.165 4.418 4.403 4.561 4.547 4.384 4.758 5.168 5.069 5.113 4.544 4.127 3.464
0.98 0.951 0.932 0.913 0.913 0.895 0.901 0.896 0.872 0.868 0.87 0.884 0.871 0.882 0.878 0.883 0.863 0.865 0.866 0.867 0.878 0.891 0.874 0.873 0.888 0.889 0.893 0.908 0.918 0.925 0.919 0.919 0.947 0.952 0.941 0.953 0.957 0.981 0.991 0.984 0.984 1.497 1.516 1.525 1.526 1.536 1.577 1.608 1.609 1.625 1.634 2.113 2.151 2.176 2.207 2.216 2.244 2.296 2.345 2.401 2.542 2.835 3.163 3.348 3.882 4.153 4.411 4.479 4.392 4.494 4.222 4.273 4.419 3.836 4.954 4.854 4.07 3.344
0.977 0.963 0.922 0.91 0.91 0.914 0.902 0.896 0.864 0.869 0.872 0.864 0.863 0.881 0.883 0.881 0.862 0.873 0.868 0.879 0.87 0.876 0.876 0.877 0.896 0.897 0.907 0.904 0.901 0.919 0.926 0.931 0.949 0.948 0.934 0.955 0.948 0.963 0.956 0.99 0.989 1.469 1.505 1.515 1.53 1.566 1.562 1.601 1.614 1.602 1.637 1.647 2.132 2.15 2.2 2.205 2.24 2.273 2.341 2.378 2.967 2.79 3.094 3.266 3.942 4.17 4.365 4.381 4.404 4.196 3.423 3.369 3.533 3.614 3.778 3.726 3.605 3.43
0.987 0.954 0.923 0.93 0.908 0.899 0.908 0.882 0.874 0.873 0.857 0.866 0.88 0.855 0.862 0.854 0.87 0.854 0.86 0.862 0.881 0.875 0.866 0.875 0.882 0.897 0.902 0.902 0.912 0.922 0.917 0.914 0.934 0.949 0.948 0.93 0.955 0.952 0.958 0.977 1 1.017 1.075 1.504 1.526 1.568 1.547 1.556 1.616 1.588 1.651 1.652 1.657 2.125 2.143 2.205 2.221 2.244 2.36 2.338 2.524 2.698 2.965 3.155 3.221 3.346 3.553 3.411 4.346 3.873 3.302 3.321 3.288 3.277 3.307 3.304 3.273 2.79
0.947 0.964 0.929 0.914 0.909 0.89 0.898 0.875 0.881 0.864 0.862 0.859 0.863 0.888 0.874 0.868 0.868 0.855 0.856 0.854 0.857 0.851 0.873 0.876 0.874 0.903 0.892 0.899 0.903 0.902 0.928 0.926 0.926 0.939 0.916 0.936 0.963 0.949 0.952 0.973 1 1.001 0.997 1.023 1.534 1.55 1.554 1.558 1.61 1.616 1.616 1.627 1.633 1.697 1.696 1.715 1.768 2.243 2.302 2.343 2.431 2.66 2.82 3.087 3.314 3.395 3.218 2.524 3.364 2.712 2.935 3.043 3.001 2.928 2.395 2.559 2.576 2.635
0.968 0.95 0.932 0.912 0.9 0.894 0.884 0.877 0.86 0.872 0.857 0.872 0.878 0.878 0.871 0.867 0.867 0.851 0.852 0.853 0.845 0.864 0.878 0.878 0.882 0.901 0.868 0.912 0.899 0.91 0.903 0.904 0.926 0.927 0.927 0.918 0.948 0.95 0.956 0.983 1.004 1.01 1.021 1.013 1.053 1.529 1.534 1.544 1.602 2.074 1.62 1.625 1.652 1.672 1.71 1.699 1.761 1.788 2.289 2.311 2.489 2.604 2.765 3.427 3.67 3.875 3.123 2.493 2.466 2.437 2.399 2.908 3.036 2.25 2.312 2.395 2.545 2.648
0.976 0.957 0.927 0.91 0.911 0.901 0.9 0.872 0.876 0.871 0.866 0.873 0.857 0.857 0.86 0.869 0.867 0.849 0.864 0.854 0.845 0.881 0.881 0.875 0.861 0.885 0.889 0.884 0.887 0.878 0.903 0.892 0.896 0.931 0.928 0.919 0.942 0.957 0.95 0.945 0.992 1 0.99 1.023 1.048 1.523 1.542 1.543 1.58 1.592 1.589 1.623 1.64 1.658 1.674 1.701 1.761 1.782 1.838 2.341 2.463 2.567 2.643 2.863 2.922 3.255 3.033 3.108 3.386 3.236 4.032 3.258 3.206 2.896 2.256 2.457 2.524 2.656
0.966 0.95 0.933 0.925 0.901 0.882 0.896 0.888 0.885 0.866 0.864 0.876 0.862 0.862 0.855 0.871 0.859 0.848 0.85 0.857 0.857 0.862 0.854 0.863 0.875 0.875 0.883 0.882 0.882 0.885 0.877 0.9 0.902 0.903 0.934 0.922 0.929 0.93 0.963 0.969 0.976 0.995 0.992 0.994 1.044 1.513 1.534 1.545 1.052 1.563 1.584 1.584 1.633 1.659 1.686 1.719 1.741 1.781 1.828 2.297 2.38 2.478 2.059 2.649 2.787 2.815 2.828 2.289 2.453 2.282 2.504 2.585 2.843 2.71 2.182 2.404 2.468 2.749
0.981 0.939 0.92 0.936 0.908 0.888 0.882 0.881 0.872 0.879 0.863 0.876 0.861 0.857 0.869 0.866 0.857 0.861 0.864 0.854 0.854 0.861 0.85 0.851 0.861 0.866 0.883 0.885 0.885 0.889 0.874 0.91 0.903 0.894 0.93 0.936 0.925 0.927 0.957 0.965 0.963 0.99 0.99 1.002 1.032 1.518 1.515 1.068 1.035 1.068 1.567 1.594 1.603 1.64 1.679 1.69 1.709 1.783 1.83 2.329 1.844 1.94 1.943 1.933 1.992 2.014 2.11 2.121 2.192 2.944 3.692 2.492 2.512 2.095 2.163 2.395 2.448 3.073
0.976 0.952 0.958 0.934 0.909 0.899 0.893 0.885 0.872 0.869 0.875 0.888 0.867 0.861 0.847 0.856 0.854 0.857 0.859 0.837 0.857 0.829 0.837 0.858 0.856 0.862 0.868 0.889 0.889 0.874 0.894 0.88 0.907 0.928 0.926 0.927 0.935 0.922 0.943 0.948 0.957 0.97 0.984 1.003 1.014 1.512 1.544 1.533 1.558 1.062 1.565 1.575 1.599 1.633 1.665 1.676 1.714 1.782 1.805 2.317 2.361 1.923 2.447 2.513 2.532 2.003 2.089 2.202 2.975 3.674 3.746 3.655 2.409 2.333 2.157 2.914 3.07 3.242
0.978 0.957 0.949 0.935 0.911 0.9 0.906 0.888 0.889 0.885 0.864 0.865 0.867 0.872 0.858 0.851 0.857 0.855 0.86 0.854 0.86 0.832 0.856 0.842 0.841 0.86 0.873 0.866 0.882 0.893 0.886 0.892 0.918 0.91 0.906 0.922 0.932 0.919 0.949 0.937 0.964 0.973 0.984 0.998 1.011 1.005 1.521 1.534 1.534 1.063 1.576 1.585 1.612 1.631 1.654 1.7 1.704 1.786 1.798 1.841 2.343 2.399 2.42 2.528 2.605 2.603 2.77 2.665 2.845 2.992 3.679 2.99 2.391 2.031 2.142 2.885 2.84 3.072
0.961 0.963 0.966 0.926 0.922 0.914 0.912 0.89 0.902 0.893 0.888 0.864 0.866 0.874 0.86 0.865 0.852 0.857 0.862 0.839 0.831 0.837 0.838 0.84 0.847 0.851 0.865 0.873 0.884 0.87 0.883 0.893 0.878 0.91 0.902 0.906 0.917 0.914 0.948 0.963 0.961 0.958 0.977 0.991 1.019 1.514 1.509 1.525 1.534 1.055 1.55 1.58 1.611 1.64 1.664 1.69 1.731 1.738 1.767 1.835 2.334 2.392 2.414 2.479 2.658 2.659 2.708 2.807 2.712 2.953 3.453 2.195 2.486 2.043 2.612 2.789 2.744 2.915
0.98 0.95 0.957 0.948 0.929 0.916 0.913 0.902 0.887 0.898 0.89 0.873 0.884 0.872 0.858 0.861 0.863 0.859 0.846 0.836 0.842 0.852 0.84 0.845 0.843 0.849 0.864 0.867 0.867 0.863 0.889 0.888 0.898 0.911 0.923 0.928 0.926 0.921 0.951 0.943 0.965 0.973 1.004 0.986 1.002 1.516 1.487 1.528 1.521 1.055 1.069 1.552 1.585 1.624 1.642 1.666 1.709 1.73 1.803 2.277 2.326 2.367 2.444 2.482 2.51 2.536 2.533 2.613 3.348 2.7 1.994 1.91 2.017 2.035 2.199 2.714 2.798 2.918
0.972 0.97 0.966 0.947 0.945 0.92 0.906 0.913 0.902 0.886 0.882 0.884 0.884 0.873 0.864 0.864 0.87 0.87 0.845 0.849 0.843 0.845 0.854 0.842 0.838 0.84 0.844 0.877 0.879 0.869 0.901 0.899 0.914 0.912 0.944 0.941 0.953 0.943 0.945 0.925 0.954 0.975 0.99 0.991 0.999 1.001 1.49 1.518 1.536 1.52 1.069 1.574 1.579 1.611 1.649 1.637 1.682 1.725 1.765 1.8 2.337 2.383 2.448 2.466 2.511 2.564 2.652 3.195 2.084 2.063 1.89 2.069 2.519 2.102 2.317 2.707 2.326 2.884
1.006 0.971 0.951 0.939 0.942 0.918 0.933 0.919 0.918 0.908 0.885 0.895 0.885 0.889 0.877 0.864 0.867 0.871 0.874 0.851 0.851 0.848 0.842 0.848 0.857 0.856 0.88 0.882 0.886 0.901 0.907 0.904 0.922 0.918 0.924 0.946 0.958 0.962 0.955 0.968 0.94 0.973 0.998 0.979 1.004 0.992 1.478 1.528 1.522 1.034 1.068 1.066 1.576 1.609 1.624 1.662 1.691 1.697 1.755 1.828 1.864 2.379 2.401 2.465 2.519 2.597 2.649 3.097 2.04 1.873 2.478 3.064 2.04 3.171 2.683 2.101 2.784 2.94
1.004 0.977 0.978 0.963 0.96 0.928 0.937 0.925 0.927 0.921 0.898 0.916 0.902 0.9 0.873 0.875 0.88 0.884 0.858 0.866 0.851 0.855 0.858 0.85 0.859 0.857 0.88 0.879 0.902 0.901 0.911 0.903 0.924 0.954 0.94 0.951 0.963 0.976 0.961 0.972 0.974 0.979 0.973 1.48 0.987 0.987 1.505 1.518 1.511 1.032 1.541 1.063 1.565 1.591 1.601 1.662 1.666 1.742 1.75 1.806 1.839 1.842 2.36 2.451 2.516 2.561 2.54 2.554 1.909 1.846 1.908 2.558 2.052 1.976 2.02 2.086 2.261 2.331
0.995 0.976 0.962 0.958 0.97 0.935 0.937 0.923 0.922 0.916 0.914 0.915 0.888 0.905 0.889 0.879 0.881 0.885 0.874 0.855 0.86 0.853 0.864 0.863 0.867 0.869 0.874 0.921 0.901 0.905 0.93 0.93 0.942 0.943 0.95 0.968 0.973 0.979 0.967 0.994 0.972 0.996 0.997 0.992 0.993 1 1.497 1.489 1.515 1.008 1.041 1.042 1.059 1.578 1.596 1.641 1.663 1.711 1.754 1.762 1.826 1.859 1.876 2.414 2.415 2.466 1.964 2.436 1.825 1.876 2.486 1.957 1.887 1.995 2.093 2.519 2.218 2.302
0.991 0.988 0.986 0.963 0.977 0.949 0.95 0.952 0.94 0.923 0.937 0.907 0.917 0.891 0.894 0.907 0.886 0.885 0.884 0.871 0.867 0.87 0.892 0.861 0.887 0.886 0.894 0.896 0.904 0.926 0.941 0.94 0.956 0.963 0.971 0.984 0.977 1.01 0.976 0.987 0.985 0.985 1.003 1.5 1.482 0.999 1.472 1.484 1.006 1.029 1.042 1.045 1.556 1.572 1.583 1.617 1.642 1.692 1.721 1.746 1.775 1.856 1.84 1.914 2.396 2.416 1.928 1.92 1.87 2.385 1.914 1.923 1.945 1.964 1.964 2.553 2.651 2.654
1.008 0.993 0.987 0.98 0.972 0.965 0.963 0.94 0.938 0.933 0.939 0.908 0.921 0.919 0.91 0.908 0.895 0.885 0.889 0.89 0.879 0.881 0.873 0.875 0.893 0.883 0.897 0.922 0.913 0.942 0.935 0.967 0.957 0.989 0.987 1.006 1.005 1.012 1 1.004 0.998 0.998 0.999 1.503 1.478 1.494 0.991 1.482 1.489 1.008 1.03 1.037 1.578 1.572 1.592 1.626 1.64 1.669 1.711 1.754 1.786 1.84 1.84 1.872 2.425 2.342 1.874 1.838 1.777 1.85 1.83 1.865 1.891 1.948 2.038 2.126 2.742 2.267
0.997 0.984 0.985 0.982 0.957 0.95 0.965 0.957 0.967 0.941 0.939 0.94 0.924 0.929 0.909 0.911 0.915 0.899 0.902 0.905 0.893 0.876 0.896 0.886 0.889 0.899 0.905 0.927 0.929 0.93 0.946 0.959 0.988 0.989 1.005 0.994 1.02 1.013 1.011 1.012 1.014 1.494 1.501 1.531 1.511 1.984 1.484 0.983 0.992 1.01 1.023 1.036 1.563 2.074 1.591 2.095 1.655 1.681 1.676 2.206 2.225 1.808 1.837 1.857 1.82 1.898 1.851 1.837 1.808 1.804 1.796 1.856 1.879 1.968 2.088 2.128 2.727 2.828
0.988 0.977 0.995 0.984 0.966 0.947 0.954 0.958 0.962 0.958 0.941 0.943 0.94 0.928 0.911 0.907 0.911 0.916 0.897 0.907 0.901 0.902 0.914 0.91 0.918 0.905 0.932 0.914 0.924 0.945 0.933 0.968 0.98 0.987 0.989 0.988 0.993 1.036 1.032 1.038 1.522 1.502 1.502 1.516 1.509 1.982 1.001 0.999 1.484 1.485 1.507 1.502 2.029 2.062 1.588 1.571 1.647 1.65 1.687 2.198 2.227 2.246 1.815 1.794 1.815 1.809 1.778 1.792 1.81 1.804 1.823 1.929 1.903 2 2.101 2.137 2.671 2.869
1.003 1.007 0.996 0.987 0.98 0.964 0.971 0.957 0.966 0.954 0.939 0.946 0.945 0.923 0.944 0.932 0.919 0.928 0.925 0.902 0.908 0.924 0.916 0.917 0.92 0.915 0.924 0.935 0.937 0.959 0.964 0.965 0.97 0.974 0.979 1.003 1.018 1.005 1.02 1.029 1.026 1.516 1.509 1.491 1.515 1.993 1.992 1.522 2.046 2.013 1.517 1.525 2.049 1.565 1.567 1.623 1.641 1.658 1.66 1.718 1.741 1.775 1.76 1.767 1.77 1.805 1.775 1.792 1.778 1.83 1.867 1.877 1.976 1.982 2.084 2.161 2.289 2.799
0.996 1.004 1.001 0.986 0.99 0.959 0.952 0.947 0.968 0.953 0.945 0.959 0.958 0.947 0.946 0.947 0.953 0.928 0.935 0.92 0.923 0.924 0.925 0.939 0.944 0.935 0.948 0.962 0.958 0.943 0.994 1.011 0.998 1.01 1.025 1.033 0.999 1.03 1.521 1.509 1.544 1.539 1.994 2.01 2.008 1.499 1.504 2.02 2.113 1.998 1.495 1.516 2.043 1.561 1.565 1.584 1.624 1.658 1.685 1.701 1.731 1.738 1.737 1.733 1.777 1.83 1.845 1.763 1.331 1.85 1.843 1.874 1.948 2.052 2.09 2.639 2.862 2.895
1.016 1.013 0.996 0.993 1.015 0.993 0.961 0.982 0.969 0.966 0.962 0.951 0.941 0.942 0.95 0.947 0.956 0.943 0.946 0.948 0.922 0.936 0.944 0.943 0.949 0.953 0.951 0.966 0.978 0.955 0.968 0.983 1.009 1.518 1.523 1.033 1.026 1.041 1.044 1.038 1.516 1.511 1.525 2.004 1.513 1.506 2.031 2.063 2.114 2.015 1.5 1.517 1.528 1.545 1.563 1.607 1.63 1.649 1.696 1.698 1.716 1.726 1.751 1.776 1.748 1.745 1.781 1.273 1.812 1.821 1.862 1.929 1.486 2.085 2.188 2.662 2.296 2.842
1.022 1.027 0.999 1.011 0.985 0.997 0.981 0.985 0.963 0.971 0.971 0.958 0.956 0.962 0.943 0.951 0.956 0.951 0.943 0.95 0.956 0.942 0.94 0.962 0.968 0.97 0.959 0.984 0.992 0.98 0.992 0.989 1.013 1.015 1.034 1.544 1.527 1.545 1.523 1.034 1.021 1.508 1.725 2.032 1.517 2.01 1.999 2.039 2.052 2.067 2.012 1.513 1.521 1.509 1.565 1.564 1.613 1.649 1.655 1.684 1.727 1.742 1.782 1.818 1.772 1.818 1.82 1.774 1.302 1.372 1.892 1.949 1.988 1.634 2.164 2.74 2.38 2.417
1.012 1.003 0.995 1.009 0.994 0.975 0.984 0.987 1 0.981 0.977 0.954 0.958 0.965 0.962 0.967 0.977 0.971 0.961 0.958 0.963 0.976 0.962 0.969 1.009 0.971 0.977 1.018 1.493 1.001 0.998 0.988 0.998 1.013 1.029 1.551 2.038 2.016 1.521 1.016 1.025 1.035 1.52 1.52 1.505 1.506 1.501 1.525 2.011 2.049 2.099 1.874 1.55 1.546 1.56 1.56 1.6 1.637 1.641 1.681 1.715 1.792 1.763 1.761 1.765 1.817 1.793 1.777 1.355 1.394 1.557 1.509 2.048 2.15 2.264 2.3 2.348 2.416
1.022 1.016 1 1 0.997 0.985 0.992 0.988 0.982 0.986 0.97 0.978 0.979 0.968 0.965 0.984 0.969 0.986 0.974 0.983 0.985 0.979 0.973 0.995 1.012 0.98 0.983 0.998 1.037 0.998 0.998 0.998 1.017 1.02 1.044 1.019 1.033 1.538 1.531 1.001 1.015 1.005 1.015 1.495 1.533 2.033 2.015 2.018 2.039 2.082 2.148 2.037 2.052 2.034 1.561 1.591 1.581 1.613 1.635 1.675 1.711 1.756 1.776 1.714 1.212 1.764 1.762 1.788 1.821 1.853 1.466 1.481 2.016 2.131 2.223 2.732 2.79 2.841
1 1.022 1.015 0.992 1.012 1.001 1.001 1.003 0.981 0.985 0.982 0.982 0.988 0.981 0.957 0.979 0.964 0.969 0.979 0.995 1.004 0.975 0.98 0.975 1.005 0.986 0.994 0.999 0.996 1.003 1.017 1.026 1.011 1.019 1.046 1.018 1.024 1.031 1.008 0.995 0.985 0.985 0.966 1.002 1.518 2.023 2.008 2.064 2.044 2.08 2.115 2.033 2.03 1.564 1.555 1.599 2.085 1.585 1.652 1.684 1.73 1.745 1.752 1.772 1.257 1.755 1.305 1.301 1.864 1.927 1.955 2.039 2.054 2.095 2.225 2.283 2.44 2.89
1.034 1.022 1.034 1.014 0.994 1 1.014 1.005 0.987 0.998 1.002 0.979 0.98 0.998 0.978 0.966 0.984 0.989 0.997 0.99 1.023 0.97 0.992 0.996 1.012 0.985 1.004 0.991 1.015 1.031 1.045 1.019 1.018 1.023 1.04 1.029 1.039 0.997 0.979 1.005 0.986 1.004 0.988 0.988 0.98 1.001 0.983 1.517 2.037 1.518 1.537 2.01 2.04 1.544 1.528 1.545 1.58 1.591 1.622 1.685 1.703 1.711 1.722 1.779 1.734 1.745 1.292 1.808 1.915 1.944 1.94 1.973 2.648 2.232 2.351 2.221 2.87 2.914
1.022 1.021 1.015 1.018 1.003 1.018 1.004 1.004 1.004 1.011 0.985 1.01 0.997 1 0.983 0.99 0.996 0.994 0.997 1.003 1.019 1.004 1.004 1.011 1.024 0.999 1.008 0.999 1.042 1.034 1 1.027 1.047 1.036 1.035 1.053 1.026 0.993 0.999 0.985 0.98 0.986 0.971 0.973 0.973 0.971 0.996 0.972 1.48 1.489 1.301 1.507 1.564 1.56 1.541 1.542 1.561 1.566 1.621 1.631 1.663 1.719 1.697 1.745 1.743 1.755 1.771 1.789 1.88 1.935 1.988 2.106 2.691 3.005 2.304 2.797 2.905 2.91
1.018 1.013 1.01 1.024 1.013 1.015 1.007 1.019 1.011 0.998 1.004 1.005 0.998 0.998 0.984 0.985 0.984 0.994 1.006 0.999 1.015 1.002 1.028 1.044 1.028 1.02 1.025 1.008 1.047 1.023 1.031 1.025 1.032 1.053 1.044 1.024 1.015 0.998 1.008 0.983 0.988 0.98 0.992 0.983 0.988 0.969 0.988 0.98 0.981 0.98 1.009 1.542 1.586 1.545 1.548 1.557 1.591 1.559 1.613 1.624 1.655 1.663 1.718 1.734 1.727 1.739 1.812 1.89 1.892 1.99 2.005 2.092 2.134 2.323 2.229 2.76 2.779 2.832
1.033 1.031 1.027 1.025 1.017 1.018 1.015 1.015 1.018 1.012 1.017 1.003 0.986 1.004 0.991 0.992 0.992 0.994 0.996 1.007 1.012 1.011 1.026 1.081 1.526 1.029 1.058 1.03 1.552 1.047 1.031 1.024 1.547 2.008 2.021 1.039 1.036 1.005 0.989 1.01 0.992 0.971 0.987 0.975 0.989 0.993 0.976 0.982 0.983 0.987 1.025 1.555 1.557 1.527 1.536 1.579 1.625 1.62 1.601 1.636 1.662 1.683 1.694 1.718 1.732 1.861 1.903 1.866 1.97 1.953 1.981 2.059 2.11 2.147 2.818 2.744 2.57 2.939
